Tables using graphs: 
  n    |V|   |E|   deg   alpha   sigma
  2    4     3     2     2       1
  2    4     3     3     3       3
  3    5     5     3     2       1
  3    5     5     4     3       1
  4    6     8     4     2       1
  4    6     8     5     3       1
  5    7     12    5     2       1
  5    7     12    6     3       1
  6    8     17    6     2       1
  6    8     17    7     3       1
  7    9     23    7     2       1
  7    9     23    8     3       1
  8    10    30    8     2       1
  8    10    30    9     3       1
  9    11    38    9     2       1
  9    11    38    10    3       1
  10   12    47    10    2       1
  10   12    47    11    3       1

Table using formulas: 
  n    deg            alpha          sigma
  2    not finished   not finished   not finished
  3    not finished   not finished   not finished
  4    not finished   not finished   not finished
  5    not finished   not finished   not finished
  6    not finished   not finished   not finished
  7    not finished   not finished   not finished
  8    not finished   not finished   not finished
  9    not finished   not finished   not finished
  10   not finished   not finished   not finished

Adjacency matrices: 
n = 6
[0 1 1 1 1 1 1 0]
[1 0 1 1 1 1 0 0]
[1 1 0 1 1 1 0 0]
[1 1 1 0 1 1 0 0]
[1 1 1 1 0 1 0 0]
[1 1 1 1 1 0 0 0]
[1 0 0 0 0 0 0 1]
[0 0 0 0 0 0 1 0]

Eigenvalues: 
1: -1.7349659804628133
2: -1.0000000000000004
3: -1.0
4: -1.0
5: -0.9999999999999999
6: -0.48370494557109456
7: 1.18320092343813
8: 5.0354700025957815

Eigenvectors: 
1: [ 0.40423149 -0.11907122 -0.12182535 -0.08704901  0.73341198  0.27873187
 -0.09503839 -0.01086911]
2: [ 0.40423149 -0.11907122 -0.12182535 -0.08704901  0.12447727  0.1478262
  0.30932082 -0.63913626]
3: [ 0.40423149 -0.11907122 -0.12182535 -0.08704901 -0.11768698 -0.11218685
  0.45937038  0.6824348 ]
4: [ 8.65371242e-02 -5.89399091e-01  3.44913114e-01  7.25365412e-01
 -3.29290216e-16 -8.54790690e-17  6.44380273e-17 -4.47309782e-18]
5: [ 1.71855108e-02  3.39717953e-01 -7.13065098e-01  6.13053454e-01
  4.59257713e-16  1.61242359e-16 -3.84159946e-17 -2.16736706e-17]
6: [ 0.40423149 -0.11907122 -0.12182535 -0.08704901 -0.08831011 -0.80466358
  0.14138022  0.23392885]
7: [ 0.40423149 -0.11907122 -0.12182535 -0.08704901 -0.65189215  0.49029236
 -0.81503302 -0.26635829]
8: [ 4.18569582e-01  6.82869419e-01  5.46228919e-01  2.45199572e-01
  2.18605781e-17 -8.68722686e-18 -1.51919722e-17  3.75486629e-18]

n = 6
[0 1 1 1 1 1 1 1]
[1 0 1 1 1 1 0 0]
[1 1 0 1 1 1 0 0]
[1 1 1 0 1 1 0 0]
[1 1 1 1 0 1 0 0]
[1 1 1 1 1 0 0 0]
[1 0 0 0 0 0 0 0]
[1 0 0 0 0 0 0 0]

Eigenvalues: 
1: -1.9000525472000056
2: -1.0000000000000004
3: -1.0
4: -0.9999999999999997
5: -0.999999999999999
6: -7.43735044064777e-33
7: 0.8305345552842515
8: 5.069517991915753

Eigenvectors: 
1: [-4.00548784e-01  1.30083987e-01  1.50462047e-01  7.77146235e-01
  2.38782822e-01  4.12610399e-01  1.66833889e-01 -8.35300613e-17]
2: [-8.45039178e-02  4.03937439e-01 -5.74189545e-01  1.44942071e-16
  8.38466181e-17  7.86547345e-17  9.58955814e-17  7.07106781e-01]
3: [-4.00548784e-01  1.30083987e-01  1.50462047e-01 -5.72386076e-01
  6.73019729e-01 -4.02165324e-02 -3.99686398e-02  4.88778539e-17]
4: [-4.00548784e-01  1.30083987e-01  1.50462047e-01  9.59067204e-02
 -2.61467691e-01 -6.48691708e-02 -8.44275428e-01  8.44974868e-18]
5: [-4.00548784e-01  1.30083987e-01  1.50462047e-01 -2.34057759e-01
 -6.49354213e-01  4.69391550e-01  3.44054494e-01  5.89097212e-17]
6: [-8.45039178e-02  4.03937439e-01 -5.74189545e-01  1.44942071e-16
  8.38466181e-17  7.86547345e-17 -5.85787608e-17 -7.07106781e-01]
7: [-4.00548784e-01  1.30083987e-01  1.50462047e-01 -6.66091204e-02
 -9.80646309e-04 -7.76916246e-01  3.73355686e-01 -1.21889447e-16]
8: [-4.28394132e-01 -7.67502360e-01 -4.76884258e-01 -1.64969508e-16
 -4.35607581e-17 -7.50920534e-17 -5.12972842e-17 -6.24772460e-34]

n = 7
[0 1 1 1 1 1 1 1 0]
[1 0 1 1 1 1 1 0 0]
[1 1 0 1 1 1 1 0 0]
[1 1 1 0 1 1 1 0 0]
[1 1 1 1 0 1 1 0 0]
[1 1 1 1 1 0 1 0 0]
[1 1 1 1 1 1 0 0 0]
[1 0 0 0 0 0 0 0 1]
[0 0 0 0 0 0 0 1 0]

Eigenvalues: 
1: -1.7439707227251608
2: -1.0000000000000007
3: -1.0000000000000002
4: -1.0000000000000002
5: -1.0
6: -0.9999999999999999
7: -0.4773042566228207
8: 1.1963735644569662
9: 6.024901414891015

Eigenvectors: 
1: [ 0.37577349 -0.06908015 -0.10228233 -0.10112967  0.65892736 -0.14377036
  0.05132186 -0.26292202 -0.55164633]
2: [ 0.37577349 -0.06908015 -0.10228233 -0.10112967  0.48250567  0.43342504
  0.20670423  0.33539843  0.54091242]
3: [ 0.37577349 -0.06908015 -0.10228233 -0.10112967 -0.30552401 -0.38113377
  0.35342791  0.39575917 -0.25467358]
4: [ 1.09103943e-02  6.09202840e-01  3.37894376e-01 -7.17342494e-01
  1.07860387e-16 -1.29639721e-16 -8.82592976e-17 -5.63632637e-18
 -1.08537940e-17]
5: [ 0.37577349 -0.06908015 -0.10228233 -0.10112967 -0.22592486 -0.3415889
 -0.76185956  0.24044984 -0.23504123]
6: [ 6.57340503e-02  7.28834173e-01 -5.89277898e-01  3.42390626e-01
 -2.02253945e-16  2.82865854e-16  1.83761479e-16  6.32997486e-17
 -1.32046254e-17]
7: [ 0.37577349 -0.06908015 -0.10228233 -0.10112967 -0.26910538 -0.25023841
 -0.26975173 -0.77435518  0.53109142]
8: [ 0.37577349 -0.06908015 -0.10228233 -0.10112967 -0.34087877  0.68330639
  0.4201573   0.06566976 -0.0306427 ]
9: [ 3.85130779e-01  2.62755098e-01  6.89789027e-01  5.53917991e-01
 -1.18424987e-16  6.78601797e-17  1.99467437e-17  3.17787052e-17
  9.95833483e-17]

n = 7
[0 1 1 1 1 1 1 1 1]
[1 0 1 1 1 1 1 0 0]
[1 1 0 1 1 1 1 0 0]
[1 1 1 0 1 1 1 0 0]
[1 1 1 1 0 1 1 0 0]
[1 1 1 1 1 0 1 0 0]
[1 1 1 1 1 1 0 0 0]
[1 0 0 0 0 0 0 0 0]
[1 0 0 0 0 0 0 0 0]

Eigenvalues: 
1: -1.9132441962164324
2: -1.0000000000000007
3: -1.0
4: -0.9999999999999998
5: -0.9999999999999998
6: -0.9999999999999992
7: -9.958134850232683e-18
8: 0.864034203032715
9: 6.049209993183723

Eigenvectors: 
1: [-3.73691230e-01  1.11869339e-01  1.20444105e-01 -9.09031146e-01
  4.94033288e-17 -1.59364481e-01 -3.69452142e-01  8.58201880e-02
  7.22286879e-02]
2: [-6.48151698e-02  4.04224437e-01 -5.76542798e-01 -1.60313306e-16
  7.07106781e-01 -2.50041947e-16 -1.39065938e-17  1.27811324e-16
 -2.27035275e-16]
3: [-3.73691230e-01  1.11869339e-01  1.20444105e-01  2.14143190e-01
  9.32416222e-19 -7.85245804e-02 -1.91716501e-01  4.71346077e-01
 -1.75225093e-01]
4: [-3.73691230e-01  1.11869339e-01  1.20444105e-01  1.16683656e-01
  7.22619992e-17 -4.03876243e-01 -4.16814526e-01 -6.58993814e-01
 -5.65943283e-01]
5: [-6.48151698e-02  4.04224437e-01 -5.76542798e-01 -1.60313306e-16
 -7.07106781e-01  1.35837679e-16 -4.04415127e-17 -1.04923346e-16
  1.88381191e-16]
6: [-3.73691230e-01  1.11869339e-01  1.20444105e-01  2.14143190e-01
 -6.00647768e-18  4.81883334e-01  6.66903808e-01  3.59772453e-01
 -3.43506131e-01]
7: [-3.73691230e-01  1.11869339e-01  1.20444105e-01  2.14143190e-01
 -4.07009472e-17  6.09246267e-01 -1.27187816e-01 -4.23498274e-01
  4.24774601e-01]
8: [-3.73691230e-01  1.11869339e-01  1.20444105e-01  1.49917919e-01
 -8.57079858e-17 -4.49364297e-01  4.38267178e-01  1.65553370e-01
  5.87671218e-01]
9: [-3.92080573e-01 -7.73380058e-01 -4.98152697e-01  2.66519261e-16
  4.66050571e-32 -3.76540733e-18  1.36613363e-16  1.72039838e-17
  1.19193313e-16]

n = 8
[0 1 1 1 1 1 1 1 1 0]
[1 0 1 1 1 1 1 1 0 0]
[1 1 0 1 1 1 1 1 0 0]
[1 1 1 0 1 1 1 1 0 0]
[1 1 1 1 0 1 1 1 0 0]
[1 1 1 1 1 0 1 1 0 0]
[1 1 1 1 1 1 0 1 0 0]
[1 1 1 1 1 1 1 0 0 0]
[1 0 0 0 0 0 0 0 0 1]
[0 0 0 0 0 0 0 0 1 0]

Eigenvalues: 
1: -1.7508261880359355
2: -0.9999999999999999
3: -0.9999999999999999
4: -0.9999999999999998
5: -0.9999999999999997
6: -0.9999999999999996
7: -0.9999999999999993
8: -0.47271591868982143
9: 1.205069750428652
10: 7.018472356297107

Eigenvectors: 
1: [ 0.35224217 -0.05719299 -0.08968424 -0.08641931 -0.29529415 -0.51564864
  0.26191962 -0.23030064 -0.21221797 -0.39926427]
2: [ 0.35224217 -0.05719299 -0.08968424 -0.08641931  0.29567797 -0.40901983
 -0.31722733 -0.07173953  0.55380589  0.4529845 ]
3: [ 7.43383103e-03  6.06458613e-01  3.36559270e-01 -7.20333635e-01
 -1.63398608e-16  1.29251804e-16  2.80850709e-17 -9.54961438e-17
 -1.61471515e-16  7.89953827e-17]
4: [ 0.35224217 -0.05719299 -0.08968424 -0.08641931  0.34211999 -0.10672186
  0.54558562  0.38876734 -0.11290634  0.37239691]
5: [ 5.21741376e-02  7.30824930e-01 -5.89256784e-01  3.40513176e-01
 -7.74857682e-17 -1.37103394e-16  7.66521968e-17 -3.77223555e-17
  8.65596371e-18 -7.26689033e-17]
6: [ 0.35224217 -0.05719299 -0.08968424 -0.08641931 -0.27277151  0.32345713
  0.31048742 -0.09398724  0.41782053 -0.66978456]
7: [ 0.35224217 -0.05719299 -0.08968424 -0.08641931  0.30011737 -0.19344942
 -0.5166472   0.70612326  0.14155372  0.19540915]
8: [ 0.35224217 -0.05719299 -0.08968424 -0.08641931 -0.67250082  0.51038716
  0.11231561 -0.4891214  -0.64935836  0.09028468]
9: [ 0.35224217 -0.05719299 -0.08968424 -0.08641931  0.30265115  0.39099547
 -0.39643374 -0.20974178 -0.13869747 -0.0420264 ]
10: [ 3.58748911e-01  2.74236402e-01  6.95126939e-01  5.59367636e-01
  1.92775554e-16 -1.04953887e-16 -4.97407028e-17  1.12292766e-16
  1.55633109e-16 -7.23377449e-18]

n = 8
[0 1 1 1 1 1 1 1 1 1]
[1 0 1 1 1 1 1 1 0 0]
[1 1 0 1 1 1 1 1 0 0]
[1 1 1 0 1 1 1 1 0 0]
[1 1 1 1 0 1 1 1 0 0]
[1 1 1 1 1 0 1 1 0 0]
[1 1 1 1 1 1 0 1 0 0]
[1 1 1 1 1 1 1 0 0 0]
[1 0 0 0 0 0 0 0 0 0]
[1 0 0 0 0 0 0 0 0 0]

Eigenvalues: 
1: -1.9233300485197984
2: -1.0
3: -1.0
4: -1.0
5: -0.9999999999999998
6: -0.9999999999999996
7: -0.9999999999999993
8: 9.028384959558558e-34
9: 0.8866673010434724
10: 7.0366627474763295

Eigenvectors: 
1: [-3.50972747e-01  9.81897715e-02 -1.00170068e-01  8.67428429e-01
  1.78875024e-01 -2.61984612e-02 -9.45120413e-02  2.42212339e-02
  1.12649798e-01  3.31317366e-17]
2: [-3.50972747e-01  9.81897715e-02 -1.00170068e-01 -2.48630221e-01
 -3.09628382e-01  3.79467869e-01  2.95598281e-01 -5.45587725e-01
 -2.06555412e-01  2.88183729e-17]
3: [-3.50972747e-01  9.81897715e-02 -1.00170068e-01 -1.78989410e-01
 -2.87803439e-01  2.37939319e-01  2.03389838e-01  7.98223193e-01
 -3.04642375e-01  4.25739831e-17]
4: [-3.50972747e-01  9.81897715e-02 -1.00170068e-01 -1.78989410e-01
 -2.87803439e-01  2.37939319e-01 -7.81702142e-01 -5.40824430e-03
  2.63908673e-01 -2.69462792e-17]
5: [-3.50972747e-01  9.81897715e-02 -1.00170068e-01 -2.48630221e-01
 -3.09628382e-01 -8.45621871e-01 -1.08170289e-01 -3.50790053e-02
 -2.42752870e-01  2.78095917e-17]
6: [-5.17063820e-02  4.04501540e-01  5.77672012e-01  2.36746275e-18
  8.91708509e-18  4.78728387e-18 -5.17274446e-20  3.08611192e-18
 -2.19755766e-16  7.07106781e-01]
7: [-3.50972747e-01  9.81897715e-02 -1.00170068e-01 -1.78989410e-01
  7.25349066e-01  1.24158216e-01 -4.03836636e-03 -2.51211145e-01
 -3.82289341e-01  6.35259456e-17]
8: [-5.17063820e-02  4.04501540e-01  5.77672012e-01  2.36746275e-18
  8.91708509e-18  4.78728387e-18 -5.17274446e-20  3.08611192e-18
  5.63413932e-17 -7.07106781e-01]
9: [-3.50972747e-01  9.81897715e-02 -1.00170068e-01  1.66800243e-01
  2.90639551e-01 -1.07684390e-01  4.89434720e-01  1.48416929e-02
  7.59681528e-01 -4.29304666e-17]
10: [-3.63840372e-01 -7.77989967e-01  5.12202884e-01 -1.67050513e-16
 -1.42850917e-17 -4.99036698e-18  4.80414403e-17 -1.59277123e-17
  2.98321550e-17 -3.74762300e-33]

