Tables using graphs: 
  n    |V|   |E|   deg   alpha   sigma
  5    8     9     4     4       1
  5    8     9     5     4       1
  5    8     9     3     3       1
  6    9     10    4     5       1
  6    9     10    5     5       1
  6    9     10    3     4       1
  7    10    11    4     5       1
  7    10    11    5     5       1
  7    10    11    3     4       1
  8    11    12    4     6       1
  8    11    12    5     6       1
  8    11    12    3     5       1
  9    12    13    4     6       1
  9    12    13    5     6       1
  9    12    13    3     5       1
  10   13    14    4     7       1
  10   13    14    5     7       1
  10   13    14    3     6       1

Table using formulas: 
  n    deg            alpha          sigma
  5    not finished   not finished   not finished
  6    not finished   not finished   not finished
  7    not finished   not finished   not finished
  8    not finished   not finished   not finished
  9    not finished   not finished   not finished
  10   not finished   not finished   not finished

Adjacency matrices: 
n = 6
[0 1 0 0 0 1 1 1 0]
[1 0 1 0 0 0 0 0 0]
[0 1 0 1 0 0 0 0 0]
[0 0 1 0 1 0 0 0 0]
[0 0 0 1 0 1 0 0 0]
[1 0 0 0 1 0 0 0 0]
[1 0 0 0 0 0 0 1 0]
[1 0 0 0 0 0 1 0 1]
[0 0 0 0 0 0 0 1 0]

Eigenvalues: 
1: -2.1654399860843836
2: -1.4647076110178128
3: -1.2353654261410045
4: -0.9999999999999999
5: -9.199927480112804e-17
6: 0.6643022796927732
7: 0.9999999999999984
8: 1.6687546046565107
9: 2.5324561388939077

Eigenvectors: 
1: [-1.69357317e-01  4.48308373e-01 -3.22144133e-01 -1.37272172e-01
 -2.41115912e-01 -2.99299729e-01 -5.00000000e-01  3.24438129e-17
 -5.00000000e-01]
2: [-1.69357317e-01  4.48308373e-01 -3.22144133e-01 -1.37272172e-01
 -2.41115912e-01 -2.99299729e-01  5.00000000e-01 -2.13326148e-17
  5.00000000e-01]
3: [-0.29514052  0.21081972  0.40005152  0.32209204  0.02393012 -0.114808
  0.5         0.30151134 -0.5       ]
4: [-1.82705156e-01 -1.96664330e-01 -1.08904368e-01 -5.64554058e-01
  4.49742267e-01 -1.77358540e-01  6.78426856e-17  6.03022689e-01
 -6.75012252e-17]
5: [-4.62692794e-01 -3.28184507e-01  2.35825873e-01 -3.75034548e-01
 -6.58740921e-01  2.19102608e-01  1.20582506e-16 -5.59039716e-17
  2.38439557e-16]
6: [-1.33749457e-01  5.37296942e-01  2.97532266e-01 -4.13282254e-01
  3.29234189e-01  4.84552542e-01  3.68075185e-16 -3.01511345e-01
  1.10216915e-16]
7: [-4.10970947e-01 -2.54493081e-01  1.42381020e-01 -3.58208935e-02
  3.09055293e-01 -5.34442815e-01  1.59556199e-16 -6.03022689e-01
 -3.27021608e-16]
8: [-0.29514052  0.21081972  0.40005152  0.32209204  0.02393012 -0.114808
 -0.5         0.30151134  0.5       ]
9: [-5.78073104e-01 -9.65019949e-02 -5.44143427e-01  3.51238646e-01
  2.06065281e-01  4.41129568e-01 -1.78978830e-16  4.21679934e-17
  7.17937597e-17]

n = 6
[0 1 0 0 0 1 1 1 1]
[1 0 1 0 0 0 0 0 0]
[0 1 0 1 0 0 0 0 0]
[0 0 1 0 1 0 0 0 0]
[0 0 0 1 0 1 0 0 0]
[1 0 0 0 1 0 0 0 0]
[1 0 0 0 0 0 0 1 0]
[1 0 0 0 0 0 1 0 0]
[1 0 0 0 0 0 0 0 0]

Eigenvalues: 
1: -2.2963262311311414
2: -1.4342793325320282
3: -1.0
4: -0.9999999999999999
5: 2.5153490401663703e-17
6: 0.5024419417290975
7: 1.0
8: 1.6249003902452603
9: 2.603263231688805

Eigenvectors: 
1: [-6.09260164e-01  3.99541282e-01  6.22659813e-01 -2.31814755e-01
 -1.66509738e-01 -1.70184486e-16  6.13714158e-17 -2.86176281e-17
  1.19021125e-16]
2: [ 0.38204023  0.01688728  0.30251123 -0.29345356  0.18241409 -0.5
  0.37796447  0.44048879 -0.13862026]
3: [ 1.84830057e-01 -1.64131238e-01  3.88370294e-01  4.65904936e-01
 -2.66458048e-01  5.53729598e-17 -6.73940039e-17 -3.34573235e-01
 -6.79388583e-01]
4: [ 2.65319516e-01 -2.78565878e-01  2.39184346e-01 -4.61376203e-01
 -1.02473813e-01 -2.17827258e-16 -7.55928946e-01  7.18330706e-17
 -1.94079993e-17]
5: [ 1.84830057e-01 -1.64131238e-01  3.88370294e-01  4.65904936e-01
 -2.66458048e-01  1.74238945e-16 -1.77655896e-16  3.34573235e-01
  6.79388583e-01]
6: [ 2.33441435e-01  5.90906308e-01  1.26653771e-01  3.35845281e-01
  5.69775796e-01  1.74440527e-16 -3.77964473e-01  1.45290901e-16
  1.47695483e-16]
7: [ 0.38204023  0.01688728  0.30251123 -0.29345356  0.18241409  0.5
  0.37796447 -0.44048879  0.13862026]
8: [-2.68028845e-01 -4.23762353e-01  1.64856553e-01  8.43713777e-02
  4.62914456e-01  5.00000000e-01 -1.96663820e-17  4.40488791e-01
 -1.38620259e-01]
9: [-2.68028845e-01 -4.23762353e-01  1.64856553e-01  8.43713777e-02
  4.62914456e-01 -5.00000000e-01 -1.90156042e-18 -4.40488791e-01
  1.38620259e-01]

n = 6
[0 1 0 0 0 1 0 0 1]
[1 0 1 0 0 0 0 0 0]
[0 1 0 1 0 0 0 0 0]
[0 0 1 0 1 0 0 0 0]
[0 0 0 1 0 1 0 0 0]
[1 0 0 0 1 0 0 0 0]
[0 0 0 0 0 0 0 1 1]
[0 0 0 0 0 0 1 0 1]
[1 0 0 0 0 0 1 1 0]

Eigenvalues: 
1: -2.15365153397892
2: -1.4467859250669863
3: -1.0
4: -1.0
5: -0.5926437469960186
6: 0.9999999999999992
7: 1.0000000000000004
8: 1.8451405770326976
9: 2.3479406290092286

Eigenvectors: 
1: [-5.19517536e-01  3.30879984e-01 -3.30017120e-01 -5.34522484e-01
 -4.49306770e-01  1.55299089e-01 -3.29334717e-02  2.29110659e-16
 -3.71739529e-17]
2: [ 0.38847589  0.02350264  0.34662424 -0.26726124 -0.26751622  0.29221952
  0.48258332 -0.49995926  0.10786864]
3: [-0.10841653  0.21486056  0.31247785  0.26726124 -0.38570926 -0.35247437
  0.01646674  0.00902651  0.69045544]
4: [ 3.41907957e-01 -5.25717793e-01 -4.97665894e-01 -2.60012783e-17
 -5.19913189e-01 -2.97890392e-01  1.16331244e-16  1.30428600e-17
  8.74516536e-17]
5: [-0.31712416 -0.36488328  0.12459243  0.26726124 -0.17880542  0.38388701
  0.5155168   0.49995926 -0.10786864]
6: [ 2.94499046e-01  5.04405348e-01 -4.20463164e-01  5.34522484e-01
 -1.52308299e-01  4.16105972e-01  3.29334717e-02  2.42525385e-16
 -2.54132878e-18]
7: [-0.10841653  0.21486056  0.31247785  0.26726124 -0.38570926 -0.35247437
  0.01646674 -0.00902651 -0.69045544]
8: [ 0.38847589  0.02350264  0.34662424 -0.26726124 -0.26751622  0.29221952
 -0.5155168   0.49995926 -0.10786864]
9: [-0.31712416 -0.36488328  0.12459243  0.26726124 -0.17880542  0.38388701
 -0.48258332 -0.49995926  0.10786864]

n = 7
[0 1 0 0 0 0 1 1 1 0]
[1 0 1 0 0 0 0 0 0 0]
[0 1 0 1 0 0 0 0 0 0]
[0 0 1 0 1 0 0 0 0 0]
[0 0 0 1 0 1 0 0 0 0]
[0 0 0 0 1 0 1 0 0 0]
[1 0 0 0 0 1 0 0 0 0]
[1 0 0 0 0 0 0 0 1 0]
[1 0 0 0 0 0 0 1 0 1]
[0 0 0 0 0 0 0 0 1 0]

Eigenvalues: 
1: -2.0666530811688473
2: -1.8019377358048396
3: -1.4047848641615575
4: -0.7688411386163063
5: -0.4450418679126291
6: 0.11978803982166913
7: 0.8473113616939293
8: 1.2469796037174672
9: 1.7479448786995753
10: 2.5252348037315455

Eigenvectors: 
1: [ 0.10218477 -0.50377015 -0.34034718 -0.07840516  0.19413085 -0.27180132
 -0.04719737  0.52112089 -0.41790651 -0.23192061]
2: [ 4.14651117e-01  2.18833578e-01 -1.42428241e-01 -1.60243864e-01
  5.28456262e-01  4.40939351e-01 -5.10410506e-01  4.95630107e-16
 -1.44243203e-16 -9.46860106e-18]
3: [ 0.29138763 -0.15484203  0.38437953 -0.41850385 -0.21459979 -0.09783702
 -0.11224505 -0.23192061 -0.52112089  0.41790651]
4: [ 0.15585576 -0.3767923   0.05196715  0.24044142 -0.1708763   0.48077336
  0.11349953  0.41790651  0.23192061  0.52112089]
5: [ 4.67125012e-01  2.76372057e-01 -3.94403065e-01 -2.93292365e-01
 -8.18670718e-02  6.65399286e-02  6.72836340e-01 -5.75868313e-16
  9.16381996e-17  6.47118223e-17]
6: [ 0.10218477 -0.50377015 -0.34034718 -0.07840516  0.19413085 -0.27180132
 -0.04719737 -0.52112089  0.41790651  0.23192061]
7: [ 0.15585576 -0.3767923   0.05196715  0.24044142 -0.1708763   0.48077336
  0.11349953 -0.41790651 -0.23192061 -0.52112089]
8: [ 1.84982803e-01  1.58112570e-01 -4.65475955e-01  1.41916594e-01
 -6.83432769e-01 -8.65457443e-02 -4.78960414e-01  5.18650528e-16
 -1.50017943e-17  6.29116820e-17]
9: [ 0.29138763 -0.15484203  0.38437953 -0.41850385 -0.21459979 -0.09783702
 -0.11224505  0.23192061  0.52112089 -0.41790651]
10: [ 5.79966419e-01  1.06136974e-01  2.73721998e-01  6.24460841e-01
  1.45169811e-01 -4.05552242e-01  4.41806136e-02 -1.20597043e-16
 -1.01908958e-16 -7.44097045e-17]

n = 7
[0 1 0 0 0 0 1 1 1 1]
[1 0 1 0 0 0 0 0 0 0]
[0 1 0 1 0 0 0 0 0 0]
[0 0 1 0 1 0 0 0 0 0]
[0 0 0 1 0 1 0 0 0 0]
[0 0 0 0 1 0 1 0 0 0]
[1 0 0 0 0 1 0 0 0 0]
[1 0 0 0 0 0 0 0 1 0]
[1 0 0 0 0 0 0 1 0 0]
[1 0 0 0 0 0 0 0 0 0]

Eigenvalues: 
1: -2.2333859492825767
2: -1.8019377358048387
3: -1.0000000000000002
4: -0.9145743253063168
5: -0.4450418679126289
6: 0.1647227158252972
7: 0.6646189675640056
8: 1.2469796037174667
9: 1.7225852455661759
10: 2.596033345633424

Eigenvectors: 
1: [-2.99476587e-01  3.86938748e-01 -1.28400473e-01  3.86485327e-01
 -2.36808375e-01 -1.96612266e-01  4.17906506e-01  2.31920614e-01
  5.21120889e-01  2.81087552e-16]
2: [-3.91841750e-01  2.05074102e-01  2.18598177e-01 -4.49851635e-01
 -1.61466551e-01  1.67873618e-01  1.59430223e-17  1.96678309e-16
  2.06315870e-16 -7.07106781e-01]
3: [-2.40903107e-01  2.96896164e-01  9.16969525e-02  2.27004815e-01
  8.18765897e-01  3.51427446e-01  1.23648946e-16  3.34541517e-16
 -6.87241268e-17  1.41524883e-16]
4: [-1.52058708e-01 -2.01099843e-01 -3.79136578e-01  1.05993773e-01
 -1.73877061e-01  5.01223050e-01 -5.21120889e-01  4.17906506e-01
  2.31920614e-01  4.61756264e-16]
5: [-3.91841750e-01  2.05074102e-01  2.18598177e-01 -4.49851635e-01
 -1.61466551e-01  1.67873618e-01 -7.84058893e-17  5.30776105e-17
 -1.57112525e-16  7.07106781e-01]
6: [-9.52728892e-02  6.21948156e-02 -5.24694602e-01 -3.16039855e-01
  2.08166874e-01 -2.61793467e-01 -2.31920614e-01 -5.21120889e-01
  4.17906506e-01  2.57027818e-16]
7: [-9.52728892e-02  6.21948156e-02 -5.24694602e-01 -3.16039855e-01
  2.08166874e-01 -2.61793467e-01  2.31920614e-01  5.21120889e-01
 -4.17906506e-01 -4.09579505e-16]
8: [-2.99476587e-01  3.86938748e-01 -1.28400473e-01  3.86485327e-01
 -2.36808375e-01 -1.96612266e-01 -4.17906506e-01 -2.31920614e-01
 -5.21120889e-01 -4.53192642e-16]
9: [-1.52058708e-01 -2.01099843e-01 -3.79136578e-01  1.05993773e-01
 -1.73877061e-01  5.01223050e-01  5.21120889e-01 -4.17906506e-01
 -2.31920614e-01  1.94620979e-17]
10: [-6.25392499e-01 -6.63083720e-01  1.57955817e-01  1.50871706e-01
  1.34869342e-01 -3.21406519e-01  1.45062729e-16 -4.35581277e-16
 -1.74348545e-17 -1.08792072e-16]

n = 7
[0 1 0 0 0 0 1 0 0 1]
[1 0 1 0 0 0 0 0 0 0]
[0 1 0 1 0 0 0 0 0 0]
[0 0 1 0 1 0 0 0 0 0]
[0 0 0 1 0 1 0 0 0 0]
[0 0 0 0 1 0 1 0 0 0]
[1 0 0 0 0 1 0 0 0 0]
[0 0 0 0 0 0 0 0 1 1]
[0 0 0 0 0 0 0 1 0 1]
[1 0 0 0 0 0 0 1 1 0]

Eigenvalues: 
1: -2.0598670166777526
2: -1.801937735804839
3: -1.1179020096361663
4: -0.9999999999999998
5: -0.445041867912629
6: -0.2454913143150519
7: 1.2124948963938613
8: 1.2469796037174652
9: 1.8692045075347958
10: 2.341560936700313

Eigenvectors: 
1: [ 5.91472407e-01 -1.04603435e-01  4.35893199e-01 -4.84916610e-01
  4.46676706e-01  1.20629327e-01 -5.24926056e-16 -5.28137637e-17
  8.80407142e-17  8.68003990e-18]
2: [ 1.37458406e-01 -2.84552416e-01 -2.57279077e-01  2.78311663e-01
  3.91359358e-01 -3.21439041e-01  2.80389428e-16  6.36776329e-17
 -1.46465984e-16  7.07106781e-01]
3: [-3.98875030e-01 -2.42858871e-01 -2.13723425e-01 -3.23549361e-01
  2.60444149e-01  2.52438573e-01  4.17906506e-01 -2.31920614e-01
 -5.21120889e-01 -4.24869912e-17]
4: [-4.20604443e-01  6.02654133e-01  3.20438856e-01  5.91398079e-02
  5.25032427e-01 -2.79396263e-01  1.28141725e-16 -1.41659128e-16
 -4.80701970e-18 -3.39427612e-17]
5: [ 1.37458406e-01 -2.84552416e-01 -2.57279077e-01  2.78311663e-01
  3.91359358e-01 -3.21439041e-01  3.80463607e-16  7.27270240e-17
  1.18123039e-16 -7.07106781e-01]
6: [ 2.30157110e-01  3.76095855e-01 -3.83425954e-01  9.26146606e-02
  1.63169140e-01  3.51229991e-01  5.21120889e-01  4.17906506e-01
  2.31920614e-01  3.45784637e-17]
7: [-7.52180108e-02 -1.77579441e-01  3.07851167e-01  4.35844165e-01
  1.21626335e-01  4.04082109e-01  2.31920614e-01 -5.21120889e-01
  4.17906506e-01  8.04908288e-17]
8: [-3.98875030e-01 -2.42858871e-01 -2.13723425e-01 -3.23549361e-01
  2.60444149e-01  2.52438573e-01 -4.17906506e-01  2.31920614e-01
  5.21120889e-01  7.72122330e-17]
9: [ 2.30157110e-01  3.76095855e-01 -3.83425954e-01  9.26146606e-02
  1.63169140e-01  3.51229991e-01 -5.21120889e-01 -4.17906506e-01
 -2.31920614e-01 -8.47522838e-17]
10: [-7.52180108e-02 -1.77579441e-01  3.07851167e-01  4.35844165e-01
  1.21626335e-01  4.04082109e-01 -2.31920614e-01  5.21120889e-01
 -4.17906506e-01  1.16587598e-17]

n = 8
[0 1 0 0 0 0 0 1 1 1 0]
[1 0 1 0 0 0 0 0 0 0 0]
[0 1 0 1 0 0 0 0 0 0 0]
[0 0 1 0 1 0 0 0 0 0 0]
[0 0 0 1 0 1 0 0 0 0 0]
[0 0 0 0 1 0 1 0 0 0 0]
[0 0 0 0 0 1 0 1 0 0 0]
[1 0 0 0 0 0 1 0 0 0 0]
[1 0 0 0 0 0 0 0 0 1 0]
[1 0 0 0 0 0 0 0 1 0 1]
[0 0 0 0 0 0 0 0 0 1 0]

Eigenvalues: 
1: -2.144293838259249
2: -1.6399687502870384
3: -1.4142135623730954
4: -1.3734668367289689
5: -0.39753580953228485
6: -1.5559883881238772e-16
7: 0.2288827403674049
8: 1.0
9: 1.414213562373095
10: 1.804805624675366
11: 2.5215768697647682

Eigenvectors: 
1: [ 0.08630192 -0.45135685 -0.19611614  0.03240358  0.08348552 -0.24033987
 -0.41096636 -0.12526374 -0.35355339 -0.35355339  0.5       ]
2: [ 1.49166176e-01 -3.14439124e-01  1.96116135e-01 -2.75729046e-01
  3.86826603e-01  2.91192390e-01  1.72783952e-01 -1.03595979e-02
  5.00000000e-01 -5.00000000e-01 -1.75675240e-16]
3: [ 4.17064067e-01  1.87638927e-01 -1.96116135e-01  4.09314935e-01
  4.95135567e-01 -1.38915189e-01  1.67345406e-02  5.65784622e-01
 -2.75075735e-15  6.29346683e-17  1.51220000e-16]
4: [ 0.28983206 -0.11614465  0.39223227 -0.0955132  -0.23726295 -0.38406217
  0.12760608  0.13949231 -0.35355339 -0.35355339 -0.5       ]
5: [ 6.84507574e-02 -5.00172252e-01 -3.92232270e-01  2.83145666e-01
 -4.20015086e-01  2.24166921e-01  5.01188043e-01  1.82405193e-01
 -8.52677279e-16  4.34417475e-16  1.50696811e-16]
6: [ 1.86387921e-01  1.29560317e-01 -3.92232270e-01 -6.99845691e-01
 -2.40662514e-01  1.09348250e-01 -2.16229618e-01  4.33834979e-01
 -1.93416198e-15  2.23932548e-16 -1.88101974e-16]
7: [ 0.08630192 -0.45135685 -0.19611614  0.03240358  0.08348552 -0.24033987
 -0.41096636 -0.12526374  0.35355339  0.35355339 -0.5       ]
8: [ 1.49166176e-01 -3.14439124e-01  1.96116135e-01 -2.75729046e-01
  3.86826603e-01  2.91192390e-01  1.72783952e-01 -1.03595979e-02
 -5.00000000e-01  5.00000000e-01 -7.54796979e-17]
9: [ 4.69991471e-01  2.33831189e-01 -3.92232270e-01 -1.60182600e-01
  9.56719674e-02 -2.34474779e-01  3.54609816e-01 -5.95857956e-01
  2.78856974e-15  1.14646342e-16 -1.08974963e-16]
10: [ 0.28983206 -0.11614465  0.39223227 -0.0955132  -0.23726295 -0.38406217
  0.12760608  0.13949231  0.35355339  0.35355339  0.5       ]
11: [ 5.81667634e-01  1.04820602e-01  1.96116135e-01  2.53867724e-01
 -2.92506086e-01  5.32349761e-01 -3.82053940e-01 -1.81228458e-01
  8.09200496e-16 -7.88302505e-17  9.63166981e-17]

n = 8
[0 1 0 0 0 0 0 1 1 1 1]
[1 0 1 0 0 0 0 0 0 0 0]
[0 1 0 1 0 0 0 0 0 0 0]
[0 0 1 0 1 0 0 0 0 0 0]
[0 0 0 1 0 1 0 0 0 0 0]
[0 0 0 0 1 0 1 0 0 0 0]
[0 0 0 0 0 1 0 1 0 0 0]
[1 0 0 0 0 0 1 0 0 0 0]
[1 0 0 0 0 0 0 0 0 1 0]
[1 0 0 0 0 0 0 0 1 0 0]
[1 0 0 0 0 0 0 0 0 0 0]

Eigenvalues: 
1: -2.2748820926524154
2: -1.6933092029881893
3: -1.4142135623730954
4: -1.0000000000000002
5: -0.5127973590805482
6: -2.0846069530001885e-17
7: 0.260175468039001
8: 0.8388479931952113
9: 1.4142135623730963
10: 1.7894308766609968
11: 2.592534316825948

Eigenvectors: 
1: [-6.13369500e-01  3.35055717e-01 -6.27433135e-01  1.43558702e-01
 -2.25371195e-01 -2.05524693e-01  6.48190430e-02  5.00831383e-17
 -2.78225681e-17 -4.38514582e-18  1.07060750e-17]
2: [ 3.75563035e-01 -6.03382903e-02 -2.98329226e-01 -9.35196461e-02
 -3.10938419e-01  9.04350503e-02  3.90773908e-01  3.53553391e-01
 -3.53553391e-01 -2.30876376e-16 -5.00000000e-01]
3: [ 1.87295140e-01 -1.24402990e-01 -3.93984060e-01  1.81850883e-01
  1.48976460e-01  2.77801943e-01 -4.02222996e-01 -3.07257197e-16
  4.32792686e-17 -7.07106781e-01  1.44823791e-16]
4: [ 1.87295140e-01 -1.24402990e-01 -3.93984060e-01  1.81850883e-01
  1.48976460e-01  2.77801943e-01 -4.02222996e-01 -6.83013797e-17
 -1.51079873e-16  7.07106781e-01 -1.83614213e-16]
5: [-1.51801829e-01 -5.37035382e-01 -6.18463795e-02 -5.17286832e-01
 -4.43075399e-01 -2.37077721e-01 -4.05730092e-01  1.55792840e-16
  1.96576579e-16  6.19660157e-18 -5.41174079e-18]
6: [ 2.69626941e-01 -1.97870369e-01 -2.42015364e-01  8.02258999e-02
  4.39493673e-01 -7.89946470e-01  7.72715003e-02  1.17412296e-17
  4.38350304e-18  2.50752280e-17  2.52001271e-16]
7: [ 1.72665631e-01  4.54683477e-01 -8.01694307e-02 -4.62824514e-01
  1.13603947e-01 -3.08409035e-02 -1.70172937e-01 -3.53553391e-01
  3.53553391e-01  1.34036043e-16 -5.00000000e-01]
8: [-2.40992124e-01 -2.32884335e-01 -1.45995621e-01 -3.10905645e-01
  3.84819595e-01  2.29053674e-01  2.62980865e-01 -5.00000000e-01
 -5.00000000e-01 -1.70373903e-16 -2.56662756e-18]
9: [ 3.75563035e-01 -6.03382903e-02 -2.98329226e-01 -9.35196461e-02
 -3.10938419e-01  9.04350503e-02  3.90773908e-01 -3.53553391e-01
  3.53553391e-01  2.85152925e-16  5.00000000e-01]
10: [ 1.72665631e-01  4.54683477e-01 -8.01694307e-02 -4.62824514e-01
  1.13603947e-01 -3.08409035e-02 -1.70172937e-01  3.53553391e-01
 -3.53553391e-01 -1.46070865e-16  5.00000000e-01]
11: [-2.40992124e-01 -2.32884335e-01 -1.45995621e-01 -3.10905645e-01
  3.84819595e-01  2.29053674e-01  2.62980865e-01  5.00000000e-01
  5.00000000e-01  2.01256967e-16 -6.97371434e-17]

n = 8
[0 1 0 0 0 0 0 1 0 0 1]
[1 0 1 0 0 0 0 0 0 0 0]
[0 1 0 1 0 0 0 0 0 0 0]
[0 0 1 0 1 0 0 0 0 0 0]
[0 0 0 1 0 1 0 0 0 0 0]
[0 0 0 0 1 0 1 0 0 0 0]
[0 0 0 0 0 1 0 1 0 0 0]
[1 0 0 0 0 0 1 0 0 0 0]
[0 0 0 0 0 0 0 0 0 1 1]
[0 0 0 0 0 0 0 0 1 0 1]
[1 0 0 0 0 0 0 0 1 1 0]

Eigenvalues: 
1: -2.134248846808917
2: -1.6611269455146587
3: -1.4142135623730956
4: -1.0
5: -0.8938371166022788
6: -3.670947161655194e-16
7: 0.10531561407608808
8: 1.356924291767861
9: 1.4142135623730951
10: 1.8890883696252734
11: 2.3378846334566306

Eigenvectors: 
1: [-1.04111428e-01 -3.82854662e-01  3.01996431e-01  2.39029306e-01
 -2.45523392e-02 -4.13243839e-01 -1.51238146e-01 -3.53553391e-01
  5.00000000e-01  3.53553391e-01  2.18604343e-16]
2: [-1.04111428e-01 -3.82854662e-01  3.01996431e-01  2.39029306e-01
 -2.45523392e-02 -4.13243839e-01 -1.51238146e-01  3.53553391e-01
 -5.00000000e-01 -3.53553391e-01 -2.30198805e-16]
3: [-3.95291718e-01  2.91367638e-01  2.89975149e-01 -1.08148087e-01
  2.17716797e-01 -1.46295329e-01  3.07025789e-01 -6.56183740e-16
 -7.37020885e-17 -2.73484322e-16 -7.07106781e-01]
4: [-5.28854715e-01  2.59051578e-01  1.03499175e-01  3.38963017e-01
 -1.94787819e-01  3.89310441e-01 -5.81456835e-01 -2.49391827e-16
  9.14758866e-18  3.31920438e-16  1.61965113e-16]
5: [-1.54335867e-01 -3.17913571e-01 -3.53327644e-02 -2.86154173e-01
  4.63676347e-01  1.88904108e-01 -2.03219758e-01  5.00000000e-01
 -3.42944521e-16  5.00000000e-01  9.63072207e-17]
6: [-3.95291718e-01  2.91367638e-01  2.89975149e-01 -1.08148087e-01
  2.17716797e-01 -1.46295329e-01  3.07025789e-01 -7.51548883e-16
 -1.79369897e-17  3.17377360e-17  7.07106781e-01]
7: [-8.90646414e-02 -4.05332719e-01  4.45119058e-01 -2.23993848e-01
 -4.66262091e-01  4.97546368e-01  3.38402026e-01 -1.10024134e-15
  1.06651011e-16  1.22875537e-16 -1.49949225e-16]
8: [-1.54335867e-01 -3.17913571e-01 -3.53327644e-02 -2.86154173e-01
  4.63676347e-01  1.88904108e-01 -2.03219758e-01 -5.00000000e-01
 -1.47321993e-17 -5.00000000e-01  1.19917268e-18]
9: [-2.56708023e-01 -2.17712168e-01 -3.49940317e-01  3.71694907e-01
  7.33846984e-02  9.94501345e-02  3.32883509e-01  3.53553391e-01
  5.00000000e-01 -3.53553391e-01  4.03758682e-17]
10: [-2.56708023e-01 -2.17712168e-01 -3.49940317e-01  3.71694907e-01
  7.33846984e-02  9.94501345e-02  3.32883509e-01 -3.53553391e-01
 -5.00000000e-01  3.53553391e-01 -1.84642457e-16]
11: [-4.45817876e-01 -9.33639525e-02 -4.39509753e-01 -5.07135254e-01
 -4.55947792e-01 -3.54103406e-01 -9.43238772e-02  1.08366328e-15
  1.20881346e-16 -1.19590587e-16 -1.42319608e-19]

