Tables using graphs: 
  n    |V|   |E|   deg   alpha   sigma
  4    6     5     2     3       1
  4    6     5     3     4       2
  4    6     5     3     3       1
  4    6     5     4     4       1
  5    7     6     2     4       1
  5    7     6     3     4       1
  5    7     6     3     4       1
  5    7     6     4     5       2
  6    8     7     2     4       1
  6    8     7     3     5       1
  6    8     7     3     4       1
  6    8     7     4     5       1
  7    9     8     2     5       1
  7    9     8     3     5       1
  7    9     8     3     5       1
  7    9     8     4     6       1
  8    10    9     2     5       1
  8    10    9     3     6       1
  8    10    9     3     5       1
  8    10    9     4     6       1
  9    11    10    2     6       1
  9    11    10    3     6       1
  9    11    10    3     6       1
  9    11    10    4     7       1
  10   12    11    2     6       1
  10   12    11    3     7       1
  10   12    11    3     6       1
  10   12    11    4     7       1

Table using formulas: 
  n    deg            alpha          sigma
  4    not finished   not finished   not finished
  5    not finished   not finished   not finished
  6    not finished   not finished   not finished
  7    not finished   not finished   not finished
  8    not finished   not finished   not finished
  9    not finished   not finished   not finished
  10   not finished   not finished   not finished

Adjacency matrices: 
n = 6
[0 1 0 0 0 0 1 0]
[1 0 1 0 0 0 0 0]
[0 1 0 1 0 0 0 0]
[0 0 1 0 1 0 0 0]
[0 0 0 1 0 1 0 0]
[0 0 0 0 1 0 0 0]
[1 0 0 0 0 0 0 1]
[0 0 0 0 0 0 1 0]

Eigenvalues: 
1: -1.87938524157182
2: -1.5320888862379536
3: -0.9999999999999998
4: -0.34729635533386055
5: 0.3472963553338608
6: 1.0
7: 1.532088886237958
8: 1.879385241571814

Eigenvectors: 
1: [ 0.46424283 -0.16122984  0.46424283 -0.16122984 -0.30301299 -0.30301299
 -0.40824829  0.40824829]
2: [ 4.08248290e-01 -4.08248290e-01 -4.08248290e-01  4.08248290e-01
 -4.08248290e-01  4.08248290e-01 -4.75295317e-17 -4.75295317e-17]
3: [ 0.30301299  0.46424283 -0.30301299 -0.46424283 -0.16122984  0.16122984
 -0.40824829 -0.40824829]
4: [ 0.16122984 -0.30301299 -0.16122984  0.30301299  0.46424283 -0.46424283
 -0.40824829 -0.40824829]
5: [ 0.30301299 -0.46424283  0.30301299 -0.46424283  0.16122984  0.16122984
  0.40824829 -0.40824829]
6: [ 0.16122984  0.30301299  0.16122984  0.30301299 -0.46424283 -0.46424283
  0.40824829 -0.40824829]
7: [ 0.46424283  0.16122984 -0.46424283 -0.16122984  0.30301299 -0.30301299
  0.40824829  0.40824829]
8: [ 4.08248290e-01  4.08248290e-01  4.08248290e-01  4.08248290e-01
  4.08248290e-01  4.08248290e-01 -1.33188187e-16  1.33188187e-16]

n = 6
[0 1 0 0 0 0 1 1]
[1 0 1 0 0 0 0 0]
[0 1 0 1 0 0 0 0]
[0 0 1 0 1 0 0 0]
[0 0 0 1 0 1 0 0]
[0 0 0 0 1 0 0 0]
[1 0 0 0 0 0 0 0]
[1 0 0 0 0 0 0 0]

Eigenvalues: 
1: -1.949855824363647
2: -1.5636629649360603
3: -0.8677674782351167
4: 0.0
5: 0.0
6: 0.8677674782351165
7: 1.5636629649360594
8: 1.9498558243636472

Eigenvectors: 
1: [-5.21120889e-01  4.17906506e-01  2.31920614e-01  5.21120889e-01
  4.17906506e-01 -2.31920614e-01 -4.15261347e-34 -4.15261347e-34]
2: [ 0.48158812 -0.11894244  0.33326932  0.48158812  0.11894244  0.33326932
 -0.37796447 -0.37796447]
3: [-4.17906506e-01 -2.31920614e-01 -5.21120889e-01  4.17906506e-01
 -2.31920614e-01  5.21120889e-01  2.50171814e-33  2.50171814e-33]
4: [ 0.26726124 -0.26726124 -0.26726124  0.26726124  0.26726124 -0.26726124
  0.68898224 -0.31101776]
5: [ 0.26726124 -0.26726124 -0.26726124  0.26726124  0.26726124 -0.26726124
 -0.31101776  0.68898224]
6: [ 0.11894244  0.33326932 -0.48158812  0.11894244 -0.33326932 -0.48158812
 -0.37796447 -0.37796447]
7: [-2.31920614e-01 -5.21120889e-01  4.17906506e-01  2.31920614e-01
 -5.21120889e-01 -4.17906506e-01 -2.58465786e-32 -2.58465786e-32]
8: [ 0.33326932  0.48158812  0.11894244  0.33326932 -0.48158812  0.11894244
  0.37796447  0.37796447]

n = 6
[0 1 0 0 0 0 0 0]
[1 0 1 0 0 0 1 0]
[0 1 0 1 0 0 0 0]
[0 0 1 0 1 0 0 0]
[0 0 0 1 0 1 0 0]
[0 0 0 0 1 0 0 0]
[0 1 0 0 0 0 0 1]
[0 0 0 0 0 0 1 0]

Eigenvalues: 
1: -1.989043790736547
2: -1.4862896509547892
3: -0.8134732861515999
4: -0.41582338163551863
5: 0.4158233816355185
6: 0.8134732861516004
7: 1.4862896509547867
8: 1.9890437907365475

Eigenvectors: 
1: [ 0.56978596  0.56978596 -0.28646225 -0.19273649 -0.23693033  0.28646225
 -0.23693033 -0.19273649]
2: [ 0.46350566 -0.46350566 -0.1191177   0.38336132 -0.35214709 -0.1191177
  0.35214709 -0.38336132]
3: [ 0.35214709  0.35214709  0.46350566 -0.1191177   0.38336132 -0.46350566
  0.38336132 -0.1191177 ]
4: [ 0.23693033 -0.23693033 -0.56978596 -0.28646225  0.19273649 -0.56978596
 -0.19273649  0.28646225]
5: [ 0.38336132 -0.38336132  0.35214709 -0.46350566 -0.1191177   0.35214709
  0.1191177   0.46350566]
6: [ 0.19273649  0.19273649 -0.23693033  0.56978596  0.28646225  0.23693033
  0.28646225  0.56978596]
7: [ 0.1191177   0.1191177   0.38336132  0.35214709 -0.46350566 -0.38336132
 -0.46350566  0.35214709]
8: [ 0.28646225 -0.28646225  0.19273649  0.23693033  0.56978596  0.19273649
 -0.56978596 -0.23693033]

n = 6
[0 1 0 0 0 0 0 0]
[1 0 1 0 0 0 1 1]
[0 1 0 1 0 0 0 0]
[0 0 1 0 1 0 0 0]
[0 0 0 1 0 1 0 0]
[0 0 0 0 1 0 0 0]
[0 1 0 0 0 0 0 0]
[0 1 0 0 0 0 0 0]

Eigenvalues: 
1: -2.111990736253065
2: -1.4963700338674764
3: -0.5480619050113613
4: 0.0
5: 1.1292338209716779e-16
6: 0.548061905011361
7: 1.4963700338674755
8: 2.111990736253066

Eigenvectors: 
1: [ 3.01912031e-01  1.91014410e-01  3.01912031e-01  1.91014410e-01
  1.97558314e-01 -8.16496581e-01 -1.97558314e-01  3.65817572e-18]
2: [-6.37635412e-01 -2.85828240e-01  6.37635412e-01  2.85828240e-01
 -1.08274186e-01 -6.34125526e-17 -1.08274186e-01  1.39008181e-33]
3: [ 1.79208745e-01 -6.07797030e-01  1.79208745e-01 -6.07797030e-01
  3.13794513e-01 -2.86911080e-17 -3.13794513e-01  5.54612471e-17]
4: [ 0.30191203  0.19101441  0.30191203  0.19101441  0.19755831  0.40824829
 -0.19755831  0.70710678]
5: [-8.48529979e-02  4.06180969e-01  8.48529979e-02 -4.06180969e-01
 -5.72553045e-01  5.27806613e-17 -5.72553045e-01  1.08763597e-33]
6: [ 0.30191203  0.19101441  0.30191203  0.19101441  0.19755831  0.40824829
 -0.19755831 -0.70710678]
7: [-2.93634212e-01  5.03308293e-01  2.93634212e-01 -5.03308293e-01
  4.00574227e-01  9.89111810e-17  4.00574227e-01 -8.76465222e-34]
8: [ 4.40943991e-01 -1.45338418e-01  4.40943991e-01 -1.45338418e-01
 -5.33333986e-01 -9.67934446e-17  5.33333986e-01 -8.79293388e-17]

n = 7
[0 1 0 0 0 0 0 1 0]
[1 0 1 0 0 0 0 0 0]
[0 1 0 1 0 0 0 0 0]
[0 0 1 0 1 0 0 0 0]
[0 0 0 1 0 1 0 0 0]
[0 0 0 0 1 0 1 0 0]
[0 0 0 0 0 1 0 0 0]
[1 0 0 0 0 0 0 0 1]
[0 0 0 0 0 0 0 1 0]

Eigenvalues: 
1: -1.9021130325903077
2: -1.6180339887498965
3: -1.175570504584947
4: -0.6180339887498948
5: -3.039622513004961e-16
6: 0.618033988749895
7: 1.1755705045849463
8: 1.618033988749894
9: 1.902113032590307

Eigenvectors: 
1: [-0.3618034   0.4253254   0.1381966  -0.26286556  0.4472136   0.3618034
 -0.4253254  -0.26286556  0.1381966 ]
2: [ 4.25325404e-01 -2.62865556e-01  2.62865556e-01  4.25325404e-01
 -5.85356934e-17  4.25325404e-01 -2.62865556e-01 -4.25325404e-01
 -2.62865556e-01]
3: [-4.47213595e-01 -9.49693961e-16 -4.47213595e-01  1.04554071e-16
 -4.47213595e-01  4.47213595e-01 -2.86663881e-16 -3.12963198e-17
 -4.47213595e-01]
4: [ 4.25325404e-01  2.62865556e-01  2.62865556e-01 -4.25325404e-01
 -1.89377858e-16  4.25325404e-01  2.62865556e-01  4.25325404e-01
 -2.62865556e-01]
5: [-0.3618034  -0.4253254   0.1381966   0.26286556  0.4472136   0.3618034
  0.4253254   0.26286556  0.1381966 ]
6: [ 2.62865556e-01 -4.25325404e-01 -4.25325404e-01 -2.62865556e-01
  2.38317810e-17  2.62865556e-01 -4.25325404e-01  2.62865556e-01
  4.25325404e-01]
7: [-0.1381966   0.26286556  0.3618034   0.4253254  -0.4472136   0.1381966
 -0.26286556  0.4253254   0.3618034 ]
8: [-0.1381966  -0.26286556  0.3618034  -0.4253254  -0.4472136   0.1381966
  0.26286556 -0.4253254   0.3618034 ]
9: [ 2.62865556e-01  4.25325404e-01 -4.25325404e-01  2.62865556e-01
  3.15530566e-16  2.62865556e-01  4.25325404e-01 -2.62865556e-01
  4.25325404e-01]

n = 7
[0 1 0 0 0 0 0 1 1]
[1 0 1 0 0 0 0 0 0]
[0 1 0 1 0 0 0 0 0]
[0 0 1 0 1 0 0 0 0]
[0 0 0 1 0 1 0 0 0]
[0 0 0 0 1 0 1 0 0]
[0 0 0 0 0 1 0 0 0]
[1 0 0 0 0 0 0 0 0]
[1 0 0 0 0 0 0 0 0]

Eigenvalues: 
1: -1.9615705608064602
2: -1.662939224605092
3: -1.1111404660392066
4: -0.3901806440322571
5: 0.0
6: 0.39018064403225644
7: 1.1111404660392044
8: 1.6629392246050922
9: 1.9615705608064566

Eigenvectors: 
1: [ 4.90392640e-01 -4.15734806e-01  2.77785117e-01  4.90392640e-01
  4.15734806e-01  2.77785117e-01  9.75451610e-02 -9.75451610e-02
 -3.04823641e-33]
2: [-4.61939766e-01  1.91341716e-01  1.91341716e-01  4.61939766e-01
  1.91341716e-01 -1.91341716e-01  4.61939766e-01  4.61939766e-01
 -2.19411101e-17]
3: [ 4.15734806e-01  9.75451610e-02 -4.90392640e-01  4.15734806e-01
 -9.75451610e-02 -4.90392640e-01 -2.77785117e-01  2.77785117e-01
  1.04358339e-32]
4: [ 9.75451610e-02  2.77785117e-01  4.15734806e-01  9.75451610e-02
 -2.77785117e-01  4.15734806e-01 -4.90392640e-01  4.90392640e-01
  8.62323051e-32]
5: [-0.25        0.25       -0.25        0.25        0.25        0.25
 -0.25       -0.25        0.70710678]
6: [-0.25        0.25       -0.25        0.25        0.25        0.25
 -0.25       -0.25       -0.70710678]
7: [-1.91341716e-01 -4.61939766e-01 -4.61939766e-01  1.91341716e-01
 -4.61939766e-01  4.61939766e-01  1.91341716e-01  1.91341716e-01
  1.44061008e-17]
8: [ 2.77785117e-01  4.90392640e-01  9.75451610e-02  2.77785117e-01
 -4.90392640e-01  9.75451610e-02  4.15734806e-01 -4.15734806e-01
 -5.64325870e-32]
9: [-3.53553391e-01 -3.53553391e-01  3.53553391e-01  3.53553391e-01
 -3.53553391e-01 -3.53553391e-01 -3.53553391e-01 -3.53553391e-01
 -1.67102060e-17]

n = 7
[0 1 0 0 0 0 0 0 0]
[1 0 1 0 0 0 0 1 0]
[0 1 0 1 0 0 0 0 0]
[0 0 1 0 1 0 0 0 0]
[0 0 0 1 0 1 0 0 0]
[0 0 0 0 1 0 1 0 0]
[0 0 0 0 0 1 0 0 0]
[0 1 0 0 0 0 0 0 1]
[0 0 0 0 0 0 0 1 0]

Eigenvalues: 
1: -1.9999999999999982
2: -1.6180339887498936
3: -0.9999999999999998
4: -0.6180339887498955
5: -1.8591253971369702e-16
6: 0.618033988749895
7: 1.0
8: 1.618033988749893
9: 2.0000000000000013

Eigenvectors: 
1: [ 2.73861279e-01  1.95439508e-01 -2.73861279e-01  1.95439508e-01
  5.11667274e-01 -5.00000000e-01 -5.11667274e-01  1.33188187e-16
  1.33188187e-16]
2: [-5.47722558e-01 -3.16227766e-01 -5.47722558e-01  3.16227766e-01
 -3.16227766e-01  1.09116999e-16 -3.16227766e-01 -1.33188187e-16
  1.33188187e-16]
3: [ 3.65148372e-01  3.16227766e-01 -3.65148372e-01  3.16227766e-01
 -3.16227766e-01  1.77473831e-16  3.16227766e-01 -4.08248290e-01
 -4.08248290e-01]
4: [ 2.73861279e-01 -5.11667274e-01 -2.73861279e-01 -5.11667274e-01
 -1.95439508e-01 -5.00000000e-01  1.95439508e-01 -4.75295317e-17
 -4.75295317e-17]
5: [-1.82574186e-01  5.11667274e-01 -1.82574186e-01 -5.11667274e-01
 -1.95439508e-01  1.54948340e-16 -1.95439508e-01  4.08248290e-01
 -4.08248290e-01]
6: [ 0.09128709 -0.31622777 -0.09128709 -0.31622777  0.31622777  0.5
 -0.31622777 -0.40824829 -0.40824829]
7: [-1.82574186e-01 -1.95439508e-01 -1.82574186e-01  1.95439508e-01
  5.11667274e-01 -1.96674145e-16  5.11667274e-01  4.08248290e-01
 -4.08248290e-01]
8: [-3.65148372e-01  3.16227766e-01 -3.65148372e-01 -3.16227766e-01
  3.16227766e-01  3.65535924e-17  3.16227766e-01 -4.08248290e-01
  4.08248290e-01]
9: [ 4.56435465e-01 -2.29138167e-16 -4.56435465e-01 -2.73257497e-16
  1.52483022e-16  5.00000000e-01  1.56551882e-16  4.08248290e-01
  4.08248290e-01]

n = 7
[0 1 0 0 0 0 0 0 0]
[1 0 1 0 0 0 0 1 1]
[0 1 0 1 0 0 0 0 0]
[0 0 1 0 1 0 0 0 0]
[0 0 0 1 0 1 0 0 0]
[0 0 0 0 1 0 1 0 0]
[0 0 0 0 0 1 0 0 0]
[0 1 0 0 0 0 0 0 0]
[0 1 0 0 0 0 0 0 0]

Eigenvalues: 
1: -2.116883157874337
2: -1.6397841877924129
3: -0.910995890975347
4: -2.2042175721361311e-16
5: 0.0
6: 0.0
7: 0.9109958909753474
8: 1.639784187792413
9: 2.1168831578743337

Eigenvectors: 
1: [-2.96503646e-01 -1.71242642e-01  1.81001507e-01 -8.36660027e-01
  2.96503646e-01  1.71242642e-01 -1.81001507e-01  8.41407601e-17
  8.41407601e-17]
2: [ 6.27663574e-01  2.80800977e-01 -1.64891629e-01 -5.46823210e-17
  6.27663574e-01  2.80800977e-01 -1.64891629e-01 -6.31369366e-32
 -6.31369366e-32]
3: [-0.43917951  0.05327492 -0.39278892  0.11952286  0.43917951 -0.05327492
  0.39278892 -0.37796447 -0.37796447]
4: [ 3.02028137e-01 -3.68160356e-01  5.22720726e-01 -1.18317839e-16
  3.02028137e-01 -3.68160356e-01  5.22720726e-01  1.38519883e-32
  1.38519883e-32]
5: [-0.29650365 -0.17124264  0.18100151  0.35856858  0.29650365  0.17124264
 -0.18100151  0.68898224 -0.31101776]
6: [-0.29650365 -0.17124264  0.18100151  0.35856858  0.29650365  0.17124264
 -0.18100151 -0.31101776  0.68898224]
7: [-0.0575029   0.32591104  0.49038292  0.11952286  0.0575029  -0.32591104
 -0.49038292 -0.37796447 -0.37796447]
8: [ 1.21726918e-01 -5.34423768e-01 -4.46736828e-01  1.92740549e-16
  1.21726918e-01 -5.34423768e-01 -4.46736828e-01 -3.31766374e-32
 -3.31766374e-32]
9: [-0.20017876  0.55042861 -0.08340751 -0.11952286  0.20017876 -0.55042861
  0.08340751  0.37796447  0.37796447]

n = 8
[0 1 0 0 0 0 0 0 1 0]
[1 0 1 0 0 0 0 0 0 0]
[0 1 0 1 0 0 0 0 0 0]
[0 0 1 0 1 0 0 0 0 0]
[0 0 0 1 0 1 0 0 0 0]
[0 0 0 0 1 0 1 0 0 0]
[0 0 0 0 0 1 0 1 0 0]
[0 0 0 0 0 0 1 0 0 0]
[1 0 0 0 0 0 0 0 0 1]
[0 0 0 0 0 0 0 0 1 0]

Eigenvalues: 
1: -1.918985947228995
2: -1.682507065662363
3: -1.3097214678905713
4: -0.8308300260037732
5: -0.2846296765465693
6: 0.2846296765465701
7: 0.830830026003773
8: 1.3097214678905709
9: 1.682507065662361
10: 1.9189859472289943

Eigenvectors: 
1: [ 0.3222527  -0.42206128 -0.23053002  0.12013117 -0.38786839  0.3222527
 -0.42206128  0.38786839 -0.23053002 -0.12013117]
2: [-0.38786839  0.3222527  -0.12013117 -0.42206128  0.23053002  0.38786839
 -0.3222527   0.23053002  0.12013117 -0.42206128]
3: [ 0.42206128 -0.12013117  0.38786839  0.23053002  0.3222527   0.42206128
 -0.12013117 -0.3222527   0.38786839 -0.23053002]
4: [-0.42206128 -0.12013117 -0.38786839  0.23053002 -0.3222527   0.42206128
  0.12013117 -0.3222527   0.38786839  0.23053002]
5: [ 0.38786839  0.3222527   0.12013117 -0.42206128 -0.23053002  0.38786839
  0.3222527   0.23053002  0.12013117  0.42206128]
6: [-0.12013117 -0.23053002  0.3222527  -0.38786839 -0.42206128  0.12013117
  0.23053002 -0.42206128 -0.3222527  -0.38786839]
7: [ 0.12013117 -0.23053002 -0.3222527  -0.38786839  0.42206128  0.12013117
 -0.23053002 -0.42206128 -0.3222527   0.38786839]
8: [-0.23053002  0.38786839  0.42206128  0.3222527  -0.12013117  0.23053002
 -0.38786839 -0.12013117 -0.42206128  0.3222527 ]
9: [ 0.23053002  0.38786839 -0.42206128  0.3222527   0.12013117  0.23053002
  0.38786839 -0.12013117 -0.42206128 -0.3222527 ]
10: [-0.3222527  -0.42206128  0.23053002  0.12013117  0.38786839  0.3222527
  0.42206128  0.38786839 -0.23053002  0.12013117]

n = 8
[0 1 0 0 0 0 0 0 1 1]
[1 0 1 0 0 0 0 0 0 0]
[0 1 0 1 0 0 0 0 0 0]
[0 0 1 0 1 0 0 0 0 0]
[0 0 0 1 0 1 0 0 0 0]
[0 0 0 0 1 0 1 0 0 0]
[0 0 0 0 0 1 0 1 0 0]
[0 0 0 0 0 0 1 0 0 0]
[1 0 0 0 0 0 0 0 0 0]
[1 0 0 0 0 0 0 0 0 0]

Eigenvalues: 
1: -1.9696155060244167
2: -1.7320508075688779
3: -1.2855752193730798
4: -0.6840402866513378
5: 0.0
6: 0.0
7: 0.6840402866513374
8: 1.2855752193730787
9: 1.7320508075688767
10: 1.9696155060244174

Eigenvectors: 
1: [-4.64242827e-01  4.08248290e-01  3.03012985e-01 -1.61229842e-01
 -4.64242827e-01 -4.08248290e-01 -1.61229842e-01 -3.03012985e-01
 -1.45240406e-32 -1.45240406e-32]
2: [ 0.44297535 -0.23570226  0.08185854 -0.36111681 -0.44297535 -0.23570226
  0.36111681  0.08185854 -0.33333333 -0.33333333]
3: [-4.08248290e-01  1.40030734e-15 -4.08248290e-01  4.08248290e-01
 -4.08248290e-01 -4.05361532e-16  4.08248290e-01  4.08248290e-01
 -6.06163092e-33 -6.06163092e-33]
4: [ 0.36111681  0.23570226  0.44297535  0.08185854 -0.36111681  0.23570226
 -0.08185854  0.44297535  0.33333333  0.33333333]
5: [ 0.23570226 -0.23570226 -0.23570226  0.23570226 -0.23570226 -0.23570226
 -0.23570226 -0.23570226  0.66666667 -0.33333333]
6: [ 0.23570226 -0.23570226 -0.23570226  0.23570226 -0.23570226 -0.23570226
 -0.23570226 -0.23570226 -0.33333333  0.66666667]
7: [-1.61229842e-01 -4.08248290e-01  4.64242827e-01  3.03012985e-01
 -1.61229842e-01  4.08248290e-01  3.03012985e-01 -4.64242827e-01
  1.57965622e-32  1.57965622e-32]
8: [ 0.08185854  0.23570226 -0.36111681 -0.44297535 -0.08185854  0.23570226
  0.44297535 -0.36111681  0.33333333  0.33333333]
9: [ 0.23570226  0.47140452 -0.23570226  0.23570226 -0.23570226  0.47140452
 -0.23570226 -0.23570226 -0.33333333 -0.33333333]
10: [-3.03012985e-01 -4.08248290e-01 -1.61229842e-01 -4.64242827e-01
 -3.03012985e-01  4.08248290e-01 -4.64242827e-01  1.61229842e-01
  2.58056856e-32  2.58056856e-32]

n = 8
[0 1 0 0 0 0 0 0 0 0]
[1 0 1 0 0 0 0 0 1 0]
[0 1 0 1 0 0 0 0 0 0]
[0 0 1 0 1 0 0 0 0 0]
[0 0 0 1 0 1 0 0 0 0]
[0 0 0 0 1 0 1 0 0 0]
[0 0 0 0 0 1 0 1 0 0]
[0 0 0 0 0 0 1 0 0 0]
[0 1 0 0 0 0 0 0 0 1]
[0 0 0 0 0 0 0 0 1 0]

Eigenvalues: 
1: -2.006593618346013
2: -1.7069656415164436
3: -1.1896789501999987
4: -0.7287825396484803
5: -0.3367348435341057
6: 0.3367348435341064
7: 0.7287825396484798
8: 1.1896789501999958
9: 1.706965641516445
10: 2.0065936183460216

Eigenvectors: 
1: [ 0.26410031  0.19053075 -0.10070444  0.36454446  0.50091418  0.26410031
 -0.19053075  0.50091418 -0.36454446  0.10070444]
2: [-0.52994199 -0.32522945  0.11980595 -0.26567364 -0.16867526  0.52994199
 -0.32522945  0.16867526 -0.26567364  0.11980595]
3: [ 0.44791262  0.07453418  0.30134324  0.24201523 -0.38005238  0.44791262
 -0.07453418 -0.38005238 -0.24201523 -0.30134324]
4: [-0.36883662  0.19800215 -0.47830767  0.08929716  0.29665214  0.36883662
  0.19800215 -0.29665214  0.08929716 -0.47830767]
5: [ 0.29219258 -0.41251706  0.26768932 -0.30709344  0.28015927  0.29219258
  0.41251706  0.28015927  0.30709344 -0.26768932]
6: [-0.07185893  0.26448341  0.38485303 -0.28687153  0.44099625  0.07185893
  0.26448341 -0.44099625 -0.28687153  0.38485303]
7: [ 0.35136529  0.29009056 -0.34316942 -0.41294138 -0.06406296  0.35136529
 -0.29009056 -0.06406296  0.41294138  0.34316942]
8: [-0.17510536 -0.16994516  0.28845549  0.56661811  0.19024749  0.17510536
 -0.16994516 -0.19024749  0.56661811  0.28845549]
9: [ 0.14419167 -0.4514641  -0.45785155  0.20906696 -0.1484988   0.14419167
  0.4514641  -0.1484988  -0.20906696  0.45785155]
10: [-0.21747515  0.50615029  0.15984332  0.13450718 -0.39099152  0.21747515
  0.50615029  0.39099152  0.13450718  0.15984332]

n = 8
[0 1 0 0 0 0 0 0 0 0]
[1 0 1 0 0 0 0 0 1 1]
[0 1 0 1 0 0 0 0 0 0]
[0 0 1 0 1 0 0 0 0 0]
[0 0 0 1 0 1 0 0 0 0]
[0 0 0 0 1 0 1 0 0 0]
[0 0 0 0 0 1 0 1 0 0]
[0 0 0 0 0 0 1 0 0 0]
[0 1 0 0 0 0 0 0 0 0]
[0 1 0 0 0 0 0 0 0 0]

Eigenvalues: 
1: -2.119165782887463
2: -1.7320508075688748
3: -1.1590425224955667
4: -0.40713243015765593
5: 0.0
6: 2.3305736753821185e-16
7: 0.4071324301576556
8: 1.1590425224955698
9: 1.7320508075688767
10: 2.1191657828874604

Eigenvectors: 
1: [-2.93259641e-01 -1.54303350e-01  1.67215241e-01 -2.93259641e-01
 -1.54303350e-01 -1.67215241e-01 -1.69985262e-01  8.16496581e-01
 -1.69985262e-01 -1.27816500e-16]
2: [ 6.21465796e-01  2.67261242e-01 -1.93809574e-01 -6.21465796e-01
 -2.67261242e-01 -1.93809574e-01  6.92065127e-02  1.01944424e-16
 -6.92065127e-02 -4.28246888e-32]
3: [-4.37210128e-01  2.52947284e-16 -2.77012184e-01 -4.37210128e-01
 -2.02643934e-16  2.77012184e-01  4.81779569e-01 -1.95823694e-16
  4.81779569e-01 -2.19411101e-17]
4: [-8.40077623e-02  4.62910050e-01  4.86969103e-01 -8.40077623e-02
  4.62910050e-01 -4.86969103e-01  2.03759845e-01  2.48621406e-16
  2.03759845e-01  1.44061008e-17]
5: [-0.29325964 -0.15430335  0.16721524 -0.29325964 -0.15430335 -0.16721524
 -0.16998526 -0.40824829 -0.16998526  0.70710678]
6: [ 3.96419020e-02 -2.67261242e-01 -4.20147746e-01 -3.96419020e-02
  2.67261242e-01 -4.20147746e-01 -5.00475594e-01  3.06137981e-16
  5.00475594e-01 -5.21332192e-32]
7: [-0.29325964 -0.15430335  0.16721524 -0.29325964 -0.15430335 -0.16721524
 -0.16998526 -0.40824829 -0.16998526 -0.70710678]
8: [ 1.38384473e-01 -5.34522484e-01 -1.44270152e-01 -1.38384473e-01
  5.34522484e-01 -1.44270152e-01  4.17518353e-01 -2.18611889e-16
 -4.17518353e-01  2.78036684e-32]
9: [-2.09251879e-01  4.62910050e-01 -3.19753862e-01 -2.09251879e-01
  4.62910050e-01  3.19753862e-01 -3.73745106e-01  2.43344187e-16
 -3.73745106e-01 -1.67102060e-17]
10: [ 3.05054948e-01 -2.67261242e-01  5.14878475e-01 -3.05054948e-01
  2.67261242e-01  5.14878475e-01 -2.65354600e-01  2.18542268e-16
  2.65354600e-01 -2.14423199e-32]

