Tables using graphs: 
  n    |V|   |E|   deg   alpha   sigma
  5    8     8     3     4       1
  5    8     8     4     4       1
  6    9     9     3     5       1
  6    9     9     4     5       1
  7    10    10    3     5       1
  7    10    10    4     5       1
  8    11    11    3     6       1
  8    11    11    4     6       1
  9    12    12    3     6       1
  9    12    12    4     6       1
  10   13    13    3     7       1
  10   13    13    4     7       1

Table using formulas: 
  n    deg            alpha          sigma
  5    not finished   not finished   not finished
  6    not finished   not finished   not finished
  7    not finished   not finished   not finished
  8    not finished   not finished   not finished
  9    not finished   not finished   not finished
  10   not finished   not finished   not finished

Adjacency matrices: 
n = 6
[0 1 0 0 0 1 1 0 0]
[1 0 1 0 0 0 0 0 0]
[0 1 0 1 0 0 0 0 0]
[0 0 1 0 1 0 0 0 0]
[0 0 0 1 0 1 0 0 0]
[1 0 0 0 1 0 0 0 0]
[1 0 0 0 0 0 0 1 0]
[0 0 0 0 0 0 1 0 1]
[0 0 0 0 0 0 0 1 0]

Eigenvalues: 
1: -2.148961141749636
2: -1.5433619184268166
3: -1.0000000000000004
4: -1.0000000000000002
5: 0.0
6: 0.9999999999999993
7: 1.0
8: 1.5433619184268181
9: 2.148961141749635

Eigenvectors: 
1: [ 0.38525361 -0.38525361 -0.07826308 -0.07826308 -0.2236068  -0.2236068
 -0.34805537  0.4216696   0.30151134]
2: [ 0.29430757 -0.29430757 -0.40979081 -0.40979081  0.4472136   0.4472136
 -0.19920409  0.11999283 -0.30151134]
3: [ 3.16227766e-01  3.16227766e-01 -3.16227766e-01  3.16227766e-01
 -2.23606798e-01  2.23606798e-01 -3.48055368e-01 -4.21669599e-01
 -5.26712638e-32]
4: [ 3.29045867e-01 -3.29045867e-01  4.58160055e-01  4.58160055e-01
 -3.15677672e-16  2.67588681e-17  2.26274996e-16 -8.49894451e-17
 -6.03022689e-01]
5: [ 0.09094604 -0.09094604  0.33152773  0.33152773  0.4472136   0.4472136
 -0.19920409  0.11999283  0.60302269]
6: [ 0.38525361 -0.38525361 -0.07826308 -0.07826308 -0.2236068  -0.2236068
  0.54725946 -0.54166243  0.30151134]
7: [ 1.95439508e-01  1.95439508e-01  5.11667274e-01 -5.11667274e-01
 -4.47213595e-01  4.47213595e-01  1.99204094e-01  1.19992832e-01
 -2.04212778e-32]
8: [ 3.16227766e-01  3.16227766e-01 -3.16227766e-01  3.16227766e-01
 -2.23606798e-01  2.23606798e-01  5.47259462e-01  5.41662431e-01
  1.68372861e-33]
9: [ 5.11667274e-01  5.11667274e-01  1.95439508e-01 -1.95439508e-01
  4.47213595e-01 -4.47213595e-01 -1.99204094e-01 -1.19992832e-01
 -2.47104406e-32]

n = 6
[0 1 0 0 0 1 1 1 0]
[1 0 1 0 0 0 0 0 0]
[0 1 0 1 0 0 0 0 0]
[0 0 1 0 1 0 0 0 0]
[0 0 0 1 0 1 0 0 0]
[1 0 0 0 1 0 0 0 0]
[1 0 0 0 0 0 0 0 0]
[1 0 0 0 0 0 0 0 1]
[0 0 0 0 0 0 0 1 0]

Eigenvalues: 
1: -2.2724981712776366
2: -1.492358684154277
3: -0.9999999999999998
4: -0.7801394871233599
5: 0.0
6: 0.7801394871233603
7: 1.0
8: 1.492358684154278
9: 2.272498171277639

Eigenvectors: 
1: [-0.37336375  0.37336375 -0.06219707 -0.06219707 -0.1878895  -0.1878895
  0.5         0.5         0.37796447]
2: [-2.35988933e-01  2.35988933e-01 -5.47667417e-01 -5.47667417e-01
  2.70076013e-01  2.70076013e-01 -3.07060424e-16 -3.07060424e-16
 -3.77964473e-01]
3: [-2.55369281e-01  2.55369281e-01  2.11636642e-01  2.11636642e-01
 -3.22927510e-01 -3.22927510e-01  3.05100432e-16  3.05100432e-16
 -7.55928946e-01]
4: [-0.37336375  0.37336375 -0.06219707 -0.06219707 -0.1878895  -0.1878895
 -0.5        -0.5         0.37796447]
5: [-1.39359191e-01 -1.39359191e-01  2.57378303e-01 -2.57378303e-01
  6.43688919e-01 -6.43688919e-01  3.81247195e-16 -3.81247195e-16
 -6.22951391e-33]
6: [-2.68142210e-01 -2.68142210e-01 -4.08658113e-01  4.08658113e-01
  1.05348481e-01 -1.05348481e-01  5.00000000e-01 -5.00000000e-01
 -2.38815313e-32]
7: [-3.16693507e-01  3.16693507e-01  3.84100745e-01  3.84100745e-01
  5.02167144e-01  5.02167144e-01 -2.53469276e-16 -2.53469276e-16
  7.87767743e-17]
8: [-2.68142210e-01 -2.68142210e-01 -4.08658113e-01  4.08658113e-01
  1.05348481e-01 -1.05348481e-01 -5.00000000e-01  5.00000000e-01
 -2.49710018e-32]
9: [-5.80326224e-01 -5.80326224e-01  3.15837780e-01 -3.15837780e-01
 -2.51928502e-01  2.51928502e-01 -2.69080488e-16  2.69080488e-16
  1.21827935e-33]

n = 7
[0 1 0 0 0 0 1 1 0 0]
[1 0 1 0 0 0 0 0 0 0]
[0 1 0 1 0 0 0 0 0 0]
[0 0 1 0 1 0 0 0 0 0]
[0 0 0 1 0 1 0 0 0 0]
[0 0 0 0 1 0 1 0 0 0]
[1 0 0 0 0 1 0 0 0 0]
[1 0 0 0 0 0 0 0 1 0]
[0 0 0 0 0 0 0 1 0 1]
[0 0 0 0 0 0 0 0 1 0]

Eigenvalues: 
1: -2.056785750464269
2: -1.801937735804838
3: -1.3686975754857444
4: -0.6180339887498932
5: -0.44504186791262906
6: 0.14548737664613598
7: 1.142029083526061
8: 1.2469796037174679
9: 1.6180339887498956
10: 2.137966865777816

Eigenvectors: 
1: [ 5.77573807e-01  7.68146836e-02  4.25325404e-01 -5.03036929e-01
  1.63463959e-01  2.62865556e-01 -3.61581780e-01 -1.56195689e-16
 -8.06221011e-16 -6.17921766e-17]
2: [-4.06718504e-01  3.86948656e-01 -2.62865556e-01 -3.26806957e-01
  5.55771476e-01  4.25325404e-01  1.38441594e-01 -2.03127581e-16
  1.07182178e-16  6.24473639e-18]
3: [-3.90613536e-01 -2.46042364e-01 -2.72653189e-16 -3.74334665e-01
 -2.65994767e-01 -1.79989126e-16 -2.75689252e-01 -2.31920614e-01
  4.17906506e-01  5.21120889e-01]
4: [ 0.22583455  0.2599429  -0.4253254  -0.29727818 -0.20216284 -0.26286556
  0.04673664  0.41790651  0.52112089 -0.23192061]
5: [-1.25904712e-01  4.43071123e-01  4.25325404e-01 -9.15194334e-02
 -5.67789639e-01  2.62865556e-01  4.55055055e-01 -1.36465823e-16
  6.03120298e-16 -2.06661887e-16]
6: [-0.07387974 -0.10974086  0.26286556 -0.26123624  0.23658263 -0.4253254
  0.32906385  0.52112089 -0.23192061  0.41790651]
7: [-3.90613536e-01 -2.46042364e-01 -1.92855909e-16 -3.74334665e-01
 -2.65994767e-01 -6.51833909e-16 -2.75689252e-01  2.31920614e-01
 -4.17906506e-01 -5.21120889e-01]
8: [ 2.58959017e-01 -6.06430371e-01 -2.62865556e-01 -1.95665516e-01
 -8.26062251e-02  4.25325404e-01  5.19686107e-01  3.72985410e-16
  7.48361314e-16  1.05680293e-16]
9: [ 0.22583455  0.2599429  -0.4253254  -0.29727818 -0.20216284 -0.26286556
  0.04673664 -0.41790651 -0.52112089  0.23192061]
10: [-0.07387974 -0.10974086  0.26286556 -0.26123624  0.23658263 -0.4253254
  0.32906385 -0.52112089  0.23192061 -0.41790651]

n = 7
[0 1 0 0 0 0 1 1 1 0]
[1 0 1 0 0 0 0 0 0 0]
[0 1 0 1 0 0 0 0 0 0]
[0 0 1 0 1 0 0 0 0 0]
[0 0 0 1 0 1 0 0 0 0]
[0 0 0 0 1 0 1 0 0 0]
[1 0 0 0 0 1 0 0 0 0]
[1 0 0 0 0 0 0 0 0 0]
[1 0 0 0 0 0 0 0 0 1]
[0 0 0 0 0 0 0 0 1 0]

Eigenvalues: 
1: -2.209858853169044
2: -1.8019377358048392
3: -1.1130470888990336
4: -0.6180339887498946
5: -0.445041867912629
6: 0.21122467352061258
7: 0.8516552873140938
8: 1.2469796037174685
9: 1.6180339887498958
10: 2.26002598123337

Eigenvectors: 
1: [ 6.30459701e-01 -5.80299285e-01  1.11482532e-01  3.16227766e-01
  3.16227766e-01  1.49335353e-01 -1.76192799e-01  3.08325064e-17
 -3.89718538e-17  2.87726034e-17]
2: [-3.58757695e-01 -3.19274994e-01 -5.19459630e-01  3.16227766e-01
  3.16227766e-01 -3.30163647e-02  5.46285646e-01  1.45531237e-16
  1.23410936e-16 -5.62956661e-17]
3: [ 0.19732597 -0.25076857 -0.38725892 -0.31622777 -0.31622777 -0.21718473
 -0.03223212 -0.52112089 -0.41790651 -0.23192061]
4: [-0.06147497 -0.19901857  0.18327037  0.19543951 -0.51166727  0.27534422
  0.21727855 -0.23192061  0.52112089 -0.41790651]
5: [ 1.62344167e-01 -1.41270497e-01  4.66700497e-01 -5.11667274e-01
  1.95439508e-01 -1.56309224e-01  6.41439857e-01 -6.69504762e-17
  5.55149815e-17 -6.00292360e-17]
6: [ 0.19732597 -0.25076857 -0.38725892 -0.31622777 -0.31622777 -0.21718473
 -0.03223212  0.52112089  0.41790651  0.23192061]
7: [-3.74587577e-01 -3.67724912e-01  2.47767042e-01  2.61994658e-16
 -1.95856426e-16 -3.21218999e-01 -2.44729206e-01  4.17906506e-01
 -2.31920614e-01 -5.21120889e-01]
8: [-2.85294104e-01 -2.56766643e-01 -1.00159762e-01 -5.11667274e-01
  1.95439508e-01  7.06997673e-01 -2.06882763e-01  8.48285678e-17
 -1.07869783e-16 -6.87510116e-17]
9: [-0.06147497 -0.19901857  0.18327037  0.19543951 -0.51166727  0.27534422
  0.21727855  0.23192061 -0.52112089  0.41790651]
10: [-3.74587577e-01 -3.67724912e-01  2.47767042e-01  4.68855587e-17
 -2.40959468e-16 -3.21218999e-01 -2.44729206e-01 -4.17906506e-01
  2.31920614e-01  5.21120889e-01]

n = 8
[0 1 0 0 0 0 0 1 1 0 0]
[1 0 1 0 0 0 0 0 0 0 0]
[0 1 0 1 0 0 0 0 0 0 0]
[0 0 1 0 1 0 0 0 0 0 0]
[0 0 0 1 0 1 0 0 0 0 0]
[0 0 0 0 1 0 1 0 0 0 0]
[0 0 0 0 0 1 0 1 0 0 0]
[1 0 0 0 0 0 1 0 0 0 0]
[1 0 0 0 0 0 0 0 0 1 0]
[0 0 0 0 0 0 0 0 1 0 1]
[0 0 0 0 0 0 0 0 0 1 0]

Eigenvalues: 
1: -2.1301278119210623
2: -1.6879739550878197
3: -1.4142135623730956
4: -1.22919146361455
5: -0.3199809019343037
6: 0.0
7: 0.31998090193430356
8: 1.22919146361455
9: 1.4142135623730954
10: 1.6879739550878183
11: 2.13012781192107

Eigenvectors: 
1: [ 4.98510994e-01 -4.98510994e-01 -2.95791869e-01 -2.74722362e-01
  2.97525768e-01  2.97525768e-01 -2.95791869e-01  2.74722362e-01
  3.94577063e-16 -3.94577063e-16 -6.46953110e-32]
2: [ 2.84985576e-01 -2.84985576e-01  1.96442046e-01 -7.63085365e-02
 -3.52662376e-01 -3.52662376e-01  1.96442046e-01  7.63085365e-02
 -5.00000000e-01  5.00000000e-01  5.97438545e-32]
3: [-3.26258745e-01 -3.26258745e-01  3.81574094e-01 -2.33471015e-01
 -4.39826928e-01  4.39826928e-01 -3.81574094e-01 -2.33471015e-01
 -3.19569830e-16 -3.19569830e-16  4.97741413e-17]
4: [-0.23923901 -0.23923901 -0.3904465  -0.1917809  -0.05946696  0.05946696
  0.3904465  -0.1917809   0.35355339  0.35355339 -0.5       ]
5: [ 2.24624087e-01 -2.24624087e-01  4.62621469e-01  3.12043978e-01
  3.71690666e-01  3.71690666e-01  4.62621469e-01 -3.12043978e-01
 -4.47549348e-16  4.47549348e-16  1.44909254e-33]
6: [-9.22300676e-02 -9.22300676e-02  2.06339241e-01 -4.56969445e-01
  4.89996590e-01 -4.89996590e-01 -2.06339241e-01 -4.56969445e-01
  2.17262354e-16  2.17262354e-16  7.58990894e-17]
7: [-0.23923901 -0.23923901 -0.3904465  -0.1917809  -0.05946696  0.05946696
  0.3904465  -0.1917809  -0.35355339 -0.35355339  0.5       ]
8: [-0.36781669 -0.36781669  0.05885744  0.2855787   0.17231218 -0.17231218
 -0.05885744  0.2855787  -0.35355339 -0.35355339 -0.5       ]
9: [ 1.96461832e-01 -1.96461832e-01 -3.48295265e-01  5.61702941e-01
 -1.56789551e-01 -1.56789551e-01 -3.48295265e-01 -5.61702941e-01
 -1.23873167e-17  1.23873167e-17  6.58208995e-32]
10: [ 2.84985576e-01 -2.84985576e-01  1.96442046e-01 -7.63085365e-02
 -3.52662376e-01 -3.52662376e-01  1.96442046e-01  7.63085365e-02
  5.00000000e-01 -5.00000000e-01  9.89065092e-32]
11: [-0.36781669 -0.36781669  0.05885744  0.2855787   0.17231218 -0.17231218
 -0.05885744  0.2855787   0.35355339  0.35355339  0.5       ]

n = 8
[0 1 0 0 0 0 0 1 1 1 0]
[1 0 1 0 0 0 0 0 0 0 0]
[0 1 0 1 0 0 0 0 0 0 0]
[0 0 1 0 1 0 0 0 0 0 0]
[0 0 0 1 0 1 0 0 0 0 0]
[0 0 0 0 1 0 1 0 0 0 0]
[0 0 0 0 0 1 0 1 0 0 0]
[1 0 0 0 0 0 1 0 0 0 0]
[1 0 0 0 0 0 0 0 0 0 0]
[1 0 0 0 0 0 0 0 0 0 1]
[0 0 0 0 0 0 0 0 0 1 0]

Eigenvalues: 
1: -2.2520647368399045
2: -1.7091074824377188
3: -1.414213562373095
4: -0.920842071155586
5: -0.3990061585333089
6: 0.0
7: 0.399006158533309
8: 0.9208420711555859
9: 1.4142135623730951
10: 1.709107482437724
11: 2.2520647368399067

Eigenvectors: 
1: [ 0.36545527 -0.36545527 -0.03511692  0.03511692  0.27125997  0.20402763
 -0.20402763 -0.27125997 -0.35355339  0.35355339 -0.5       ]
2: [ 0.17639543 -0.17639543  0.44479044 -0.44479044 -0.12604725 -0.07182063
  0.07182063  0.12604725 -0.35355339  0.35355339  0.5       ]
3: [ 2.58619202e-01 -2.58619202e-01 -1.75365720e-01  1.75365720e-01
  1.00008483e-01 -6.26387481e-01  6.26387481e-01 -1.00008483e-01
 -3.24052066e-16  3.24052066e-16  1.54685104e-16]
4: [ 0.36545527 -0.36545527 -0.03511692  0.03511692  0.27125997  0.20402763
 -0.20402763 -0.27125997  0.35355339 -0.35355339  0.5       ]
5: [ 2.40601743e-01  2.40601743e-01  2.39700268e-01  2.39700268e-01
  1.57695576e-01  3.31340744e-01  3.31340744e-01  1.57695576e-01
 -5.00000000e-01 -5.00000000e-01 -1.81433741e-32]
6: [ 1.43039397e-01  1.43039397e-01 -1.56018384e-01 -1.56018384e-01
 -6.05669788e-01  2.97257636e-01  2.97257636e-01 -6.05669788e-01
  3.46597809e-16  3.46597809e-16 -6.40488038e-32]
7: [ 0.17639543 -0.17639543  0.44479044 -0.44479044 -0.12604725 -0.07182063
  0.07182063  0.12604725  0.35355339 -0.35355339 -0.5       ]
8: [ 1.56652184e-01  1.56652184e-01  5.20494409e-01  5.20494409e-01
 -2.73765188e-01 -3.59997619e-01 -3.59997619e-01 -2.73765188e-01
  8.63366326e-17  8.63366326e-17 -4.51062272e-32]
9: [ 3.22133983e-01 -3.22133983e-01 -2.66652187e-01  2.66652187e-01
 -5.57726222e-01  1.18607628e-01 -1.18607628e-01  5.57726222e-01
 -3.32917841e-16  3.32917841e-16 -4.82081643e-18]
10: [ 2.40601743e-01  2.40601743e-01  2.39700268e-01  2.39700268e-01
  1.57695576e-01  3.31340744e-01  3.31340744e-01  1.57695576e-01
  5.00000000e-01  5.00000000e-01 -1.60985463e-32]
11: [ 5.82427186e-01  5.82427186e-01 -2.99718864e-01 -2.99718864e-01
  9.20920186e-02 -2.49932462e-01 -2.49932462e-01  9.20920186e-02
  1.41656472e-16  1.41656472e-16  3.82833898e-32]

