Tables using graphs: 
  n    |V|   |E|   deg   alpha   sigma
  2    5     6     4     3       2
  2    5     6     3     2       1
  3    6     8     5     3       1
  3    6     8     4     2       1
  4    7     11    6     3       1
  4    7     11    5     2       1
  5    8     15    7     3       1
  5    8     15    6     2       1
  6    9     20    8     3       1
  6    9     20    7     2       1
  7    10    26    9     3       1
  7    10    26    8     2       1
  8    11    33    10    3       1
  8    11    33    9     2       1
  9    12    41    11    3       1
  9    12    41    10    2       1
  10   13    50    12    3       1
  10   13    50    11    2       1

Table using formulas: 
  n    deg            alpha          sigma
  2    not finished   not finished   not finished
  3    not finished   not finished   not finished
  4    not finished   not finished   not finished
  5    not finished   not finished   not finished
  6    not finished   not finished   not finished
  7    not finished   not finished   not finished
  8    not finished   not finished   not finished
  9    not finished   not finished   not finished
  10   not finished   not finished   not finished

Adjacency matrices: 
n = 6
[0 1 1 1 1 1 1 1 1]
[1 0 1 1 1 1 0 0 0]
[1 1 0 1 1 1 0 0 0]
[1 1 1 0 1 1 0 0 0]
[1 1 1 1 0 1 0 0 0]
[1 1 1 1 1 0 0 0 0]
[1 0 0 0 0 0 0 1 0]
[1 0 0 0 0 0 1 0 1]
[1 0 0 0 0 0 0 1 0]

Eigenvalues: 
1: -1.901896394838596
2: -1.2956998394011199
3: -1.0000000000000002
4: -1.0
5: -0.9999999999999998
6: -0.9999999999999994
7: -2.7755575615628914e-17
8: 2.0494020647973734
9: 5.148194169442342

Eigenvectors: 
1: [ 3.89351815e-01 -1.65943966e-01 -1.27383567e-01 -6.81262908e-02
  1.75492011e-01 -5.26367947e-01 -5.01654137e-01 -4.45275392e-01
 -1.08055897e-16]
2: [ 3.89351815e-01 -1.65943966e-01 -1.27383567e-01 -6.81262908e-02
 -1.22964692e-01 -3.00812955e-01 -3.27366646e-01  8.55428390e-01
  4.47746370e-17]
3: [ 1.30412318e-01  5.95782588e-01  4.56061662e-02 -7.91173693e-01
  2.36832319e-17  5.82940255e-17  1.15147586e-17 -3.43180579e-16
  3.92803646e-17]
4: [ 3.89351815e-01 -1.65943966e-01 -1.27383567e-01 -6.81262908e-02
  9.82899523e-03 -1.63736637e-01  7.81870218e-01 -1.95671600e-01
 -1.12116752e-17]
5: [ 1.12168225e-01  4.48654054e-01 -4.19271410e-01  3.32173620e-01
  7.95160888e-17 -8.35270897e-17  3.18282883e-17  1.39471746e-16
  7.07106781e-01]
6: [ 3.89351815e-01 -1.65943966e-01 -1.27383567e-01 -6.81262908e-02
  6.58764404e-01  7.34916364e-01  1.43453513e-01 -4.13484223e-02
  1.66458479e-18]
7: [ 1.12168225e-01  4.48654054e-01 -4.19271410e-01  3.32173620e-01
  7.95160888e-17 -8.35270897e-17 -7.33919981e-17  2.94915378e-16
 -7.07106781e-01]
8: [ 3.89351815e-01 -1.65943966e-01 -1.27383567e-01 -6.81262908e-02
 -7.21120718e-01  2.56001176e-01 -9.63029483e-02 -1.73132975e-01
 -6.28774706e-18]
9: [ 4.47051483e-01  3.23689957e-01  7.51804617e-01  3.60776387e-01
  7.75571406e-17 -5.07298238e-17 -4.65323081e-18  1.71995211e-16
  4.50968839e-33]

n = 6
[0 1 1 1 1 1 1 1 0]
[1 0 1 1 1 1 0 0 0]
[1 1 0 1 1 1 0 0 0]
[1 1 1 0 1 1 0 0 0]
[1 1 1 1 0 1 0 0 0]
[1 1 1 1 1 0 0 0 0]
[1 0 0 0 0 0 0 1 1]
[1 0 0 0 0 0 1 0 1]
[0 0 0 0 0 0 1 1 0]

Eigenvalues: 
1: -1.9147416343660482
2: -1.0000000000000009
3: -1.0000000000000002
4: -1.0
5: -0.9999999999999999
6: -0.9999999999999998
7: -0.4515448615864829
8: 2.269144778851602
9: 5.097141717100926

Eigenvectors: 
1: [-0.39551268  0.11876111  0.11693624  0.12566397 -0.48167888  0.45925266
 -0.48550614  0.45485829 -0.15463703]
2: [-0.39551268  0.11876111  0.11693624  0.12566397  0.60133564  0.58900426
 -0.19397356 -0.10650412  0.17541195]
3: [-0.11712847  0.375594   -0.17481546 -0.56093638 -0.04605277 -0.04580435
  0.4170628   0.07481689  0.45957919]
4: [-0.39551268  0.11876111  0.11693624  0.12566397 -0.14857342 -0.15685974
  0.46400111  0.18407712 -0.40399439]
5: [-4.59584920e-02 -3.92318202e-01  7.74299413e-01 -4.94403343e-01
  1.94882669e-16 -1.89156913e-16  2.26676788e-16 -1.95515894e-16
  1.23004138e-16]
6: [-0.11712847  0.375594   -0.17481546 -0.56093638  0.04605277  0.04580435
 -0.4170628  -0.07481689 -0.45957919]
7: [-0.39551268  0.11876111  0.11693624  0.12566397 -0.42122908 -0.3560731
  0.37256258 -0.81162364  0.56992966]
8: [-0.39551268  0.11876111  0.11693624  0.12566397  0.45014574 -0.53532408
 -0.15708399  0.27919234 -0.18671019]
9: [-4.33933463e-01 -7.02441260e-01 -5.20546929e-01 -2.17506138e-01
 -4.33820121e-17  7.34581982e-17 -6.44088696e-17  7.05707523e-17
 -5.46727568e-17]

n = 7
[0 1 1 1 1 1 1 1 1 1]
[1 0 1 1 1 1 1 0 0 0]
[1 1 0 1 1 1 1 0 0 0]
[1 1 1 0 1 1 1 0 0 0]
[1 1 1 1 0 1 1 0 0 0]
[1 1 1 1 1 0 1 0 0 0]
[1 1 1 1 1 1 0 0 0 0]
[1 0 0 0 0 0 0 0 1 0]
[1 0 0 0 0 0 0 1 0 1]
[1 0 0 0 0 0 0 0 1 0]

Eigenvalues: 
1: -1.9146119267661645
2: -1.296849354052203
3: -1.0
4: -0.9999999999999999
5: -0.9999999999999999
6: -0.9999999999999997
7: -0.9999999999999992
8: -1.1513506930329945e-16
9: 2.113446180349635
10: 6.098015100468729

Eigenvectors: 
1: [-3.68414098e-01  1.24948145e-01  1.09919166e-01  5.69513561e-02
  6.38777958e-17 -3.87943092e-01 -1.23208109e-01  4.50426234e-01
  7.25393059e-02  7.51565600e-01]
2: [-3.68414098e-01  1.24948145e-01  1.09919166e-01  5.69513561e-02
  8.88101901e-17 -3.79060209e-01 -5.01596536e-02  1.06696048e-01
  5.19851117e-01 -9.11336203e-02]
3: [-8.16045152e-02 -4.55242149e-01  4.17321911e-01 -3.34570936e-01
 -7.07106781e-01  6.99332985e-17  1.43304319e-16  1.14151319e-16
 -6.46387553e-17  8.00010846e-17]
4: [-3.68414098e-01  1.24948145e-01  1.09919166e-01  5.69513561e-02
 -1.61803581e-16 -2.60295097e-01  3.41072844e-01 -8.60505687e-01
 -1.03085150e-01 -2.17312920e-01]
5: [-8.16045152e-02 -4.55242149e-01  4.17321911e-01 -3.34570936e-01
  7.07106781e-01  1.29729543e-16 -1.57794198e-17 -6.06708730e-17
 -1.04439678e-16  7.87794404e-17]
6: [-3.68414098e-01  1.24948145e-01  1.09919166e-01  5.69513561e-02
 -9.14791539e-18  6.01223880e-03  5.35490351e-02  4.85058780e-03
 -7.94693306e-01 -2.93334882e-01]
7: [-9.31013230e-02 -6.01460238e-01 -3.89611297e-02  7.92502212e-01
 -4.60528115e-17 -3.26289551e-16 -2.01177761e-16 -1.19518767e-17
  1.63318930e-16  2.08252448e-17]
8: [-3.68414098e-01  1.24948145e-01  1.09919166e-01  5.69513561e-02
  1.28592819e-16  7.52004967e-01 -7.58171997e-01  1.67673931e-01
  1.90939756e-02  3.00844458e-01]
9: [-3.68414098e-01  1.24948145e-01  1.09919166e-01  5.69513561e-02
 -4.48495065e-17  2.69281192e-01  5.36917881e-01  1.30858885e-01
  2.86294057e-01 -4.50628635e-01]
10: [-4.04524243e-01 -3.60669544e-01 -7.60048378e-01 -3.58614110e-01
 -3.00287630e-18  2.78579476e-17 -3.51500545e-17  1.63815410e-17
 -1.28647500e-16  1.30261856e-16]

n = 7
[0 1 1 1 1 1 1 1 1 0]
[1 0 1 1 1 1 1 0 0 0]
[1 1 0 1 1 1 1 0 0 0]
[1 1 1 0 1 1 1 0 0 0]
[1 1 1 1 0 1 1 0 0 0]
[1 1 1 1 1 0 1 0 0 0]
[1 1 1 1 1 1 0 0 0 0]
[1 0 0 0 0 0 0 0 1 1]
[1 0 0 0 0 0 0 1 0 1]
[0 0 0 0 0 0 0 1 1 0]

Eigenvalues: 
1: -1.9259293826205004
2: -1.0000000000000007
3: -1.0000000000000004
4: -1.0000000000000004
5: -1.0000000000000002
6: -1.0
7: -1.0
8: -0.4452945764076691
9: 2.307605926904388
10: 6.063618032123781

Eigenvectors: 
1: [-0.37170499  0.10237278  0.09689752 -0.09291259 -0.20201322  0.11410025
  0.11746629 -0.23573759  0.31642913  0.70827431]
2: [-0.08351718  0.37564927 -0.17321593  0.56737002 -0.1799412  -0.63672451
 -0.10531167 -0.11943019  0.21382861  0.26323725]
3: [-0.37170499  0.10237278  0.09689752 -0.09291259 -0.04893817 -0.14772743
 -0.5453485   0.3253767   0.17889194  0.00792402]
4: [-2.75469802e-02 -3.90096623e-01  7.77983581e-01  4.91739093e-01
  1.58758197e-17 -1.03155226e-16 -4.23557479e-18 -4.47158864e-17
  6.36570308e-17  2.06176852e-17]
5: [-0.37170499  0.10237278  0.09689752 -0.09291259 -0.04893817 -0.02491747
  0.35120092  0.40037164  0.31790061 -0.55513383]
6: [-0.37170499  0.10237278  0.09689752 -0.09291259 -0.04893817 -0.02159473
 -0.19263626 -0.67785026 -0.2200941   0.08027319]
7: [-0.08351718  0.37564927 -0.17321593  0.56737002  0.1799412   0.63672451
  0.10531167  0.11943019 -0.21382861 -0.26323725]
8: [-0.37170499  0.10237278  0.09689752 -0.09291259  0.81722323 -0.23381274
  0.61937457 -0.1998577   0.17831649 -0.03134441]
9: [-0.37170499  0.10237278  0.09689752 -0.09291259 -0.46839551  0.31395212
 -0.35005702  0.3876972  -0.77144407 -0.20999328]
10: [-3.95352134e-01 -7.09026626e-01 -5.27635530e-01  2.50157312e-01
 -1.88729606e-16  9.93600295e-17 -1.61191341e-16  1.14439014e-16
 -1.71221048e-16 -8.31105157e-17]

n = 8
[0 1 1 1 1 1 1 1 1 1 1]
[1 0 1 1 1 1 1 1 0 0 0]
[1 1 0 1 1 1 1 1 0 0 0]
[1 1 1 0 1 1 1 1 0 0 0]
[1 1 1 1 0 1 1 1 0 0 0]
[1 1 1 1 1 0 1 1 0 0 0]
[1 1 1 1 1 1 0 1 0 0 0]
[1 1 1 1 1 1 1 0 0 0 0]
[1 0 0 0 0 0 0 0 0 1 0]
[1 0 0 0 0 0 0 0 1 0 1]
[1 0 0 0 0 0 0 0 0 1 0]

Eigenvalues: 
1: -1.924386039727945
2: -1.2976776363383078
3: -1.0
4: -0.9999999999999999
5: -0.9999999999999999
6: -0.9999999999999997
7: -0.9999999999999992
8: -0.9999999999999991
9: 0.0
10: 2.152420248178266
11: 7.069643427887986

Eigenvectors: 
1: [ 3.48160611e-01 -9.94692232e-02 -9.67136823e-02 -4.89251341e-02
 -4.95170451e-01 -1.82144188e-01  3.91083009e-01 -2.67487936e-01
 -2.22007824e-01 -3.81194564e-17  7.45845459e-01]
2: [ 3.48160611e-01 -9.94692232e-02 -9.67136823e-02 -4.89251341e-02
 -7.58132426e-02 -6.30996692e-03 -3.03652040e-01 -3.99208902e-01
 -2.00157135e-01 -3.74441312e-18 -2.27574738e-01]
3: [ 6.26345625e-02  4.58230475e-01 -4.15935088e-01  3.36303057e-01
 -2.06315824e-16  2.19323579e-18  3.83425631e-17 -4.37228425e-17
  1.41563142e-17  7.07106781e-01 -6.41887360e-17]
4: [ 3.48160611e-01 -9.94692232e-02 -9.67136823e-02 -4.89251341e-02
 -6.81653732e-02  6.25389719e-01  6.44946619e-01 -2.05692301e-01
  2.28521238e-02 -6.39097252e-17 -3.56161268e-01]
5: [ 3.48160611e-01 -9.94692232e-02 -9.67136823e-02 -4.89251341e-02
 -7.32595239e-02 -4.40095821e-01  4.04949538e-02  4.05416494e-02
  8.22586245e-01 -4.58061453e-17 -1.47425119e-02]
6: [ 6.26345625e-02  4.58230475e-01 -4.15935088e-01  3.36303057e-01
 -2.06315824e-16  2.19323579e-18  3.83425631e-17 -1.08471315e-16
 -6.16608616e-17 -7.07106781e-01  6.52355815e-18]
7: [ 3.48160611e-01 -9.94692232e-02 -9.67136823e-02 -4.89251341e-02
 -7.32595239e-02 -4.40095821e-01  4.04949538e-02  7.99176695e-01
 -4.23896565e-01 -3.65100580e-17 -2.08437210e-01]
8: [ 3.48160611e-01 -9.94692232e-02 -9.67136823e-02 -4.89251341e-02
 -6.81653732e-02  4.33836355e-01 -4.55828192e-01  2.23594207e-01
  1.64309757e-01 -8.80152140e-18 -3.00784380e-01]
9: [ 7.03963135e-02  6.03588783e-01  3.40231222e-02 -7.93452813e-01
  6.27307676e-16  1.06922259e-17 -1.70126119e-16  1.36540070e-19
 -4.80187686e-17 -1.51248661e-17  2.99064186e-16]
10: [ 3.48160611e-01 -9.94692232e-02 -9.67136823e-02 -4.89251341e-02
  8.53833488e-01  9.41972319e-03 -3.57539304e-01 -1.90923412e-01
 -1.63686602e-01 -2.94117012e-17  3.61854649e-01]
11: [ 3.72407710e-01  3.82715769e-01  7.66396554e-01  3.57039857e-01
 -5.35549652e-16 -6.82250766e-17  2.38751122e-16 -5.39441191e-17
 -2.47097614e-17  4.22058306e-32  6.00043141e-17]

n = 8
[0 1 1 1 1 1 1 1 1 1 0]
[1 0 1 1 1 1 1 1 0 0 0]
[1 1 0 1 1 1 1 1 0 0 0]
[1 1 1 0 1 1 1 1 0 0 0]
[1 1 1 1 0 1 1 1 0 0 0]
[1 1 1 1 1 0 1 1 0 0 0]
[1 1 1 1 1 1 0 1 0 0 0]
[1 1 1 1 1 1 1 0 0 0 0]
[1 0 0 0 0 0 0 0 0 1 1]
[1 0 0 0 0 0 0 0 1 0 1]
[0 0 0 0 0 0 0 0 1 1 0]

Eigenvalues: 
1: -1.9344998516524072
2: -1.0000000000000002
3: -1.0
4: -1.0
5: -1.0
6: -0.9999999999999998
7: -0.9999999999999996
8: -0.9999999999999993
9: -0.4408315473797287
10: 2.33023505897193
11: 7.045096340060211

Eigenvectors: 
1: [ 0.35005518 -0.07333747 -0.09000634  0.08269817  0.81634135 -0.17799471
  0.17007757  0.15019307 -0.08606306  0.01675115 -0.33346484]
2: [ 6.35007801e-02  5.70250743e-01 -3.75744461e-01 -1.72040231e-01
  9.19976220e-18 -5.85759880e-01  6.57593194e-02  4.55633373e-02
 -1.28783650e-03 -3.71572199e-01  8.91736348e-02]
3: [ 0.35005518 -0.07333747 -0.09000634  0.08269817 -0.12927884  0.15809282
 -0.01346634 -0.58036389  0.07644179 -0.57309793 -0.1593108 ]
4: [ 0.35005518 -0.07333747 -0.09000634  0.08269817 -0.12927884 -0.14456307
 -0.37229392 -0.00208345 -0.6331958   0.29912842 -0.15696864]
5: [ 1.80269444e-02  4.89436240e-01  3.88466777e-01  7.80525951e-01
 -1.18802854e-16  1.74185498e-17 -1.96745104e-17 -1.10308172e-17
  1.71037840e-17 -2.96827588e-17 -2.49297067e-16]
6: [ 0.35005518 -0.07333747 -0.09000634  0.08269817 -0.12927884  0.0132056
 -0.11105641 -0.30252794  0.65822717  0.32856218 -0.1055216 ]
7: [ 0.35005518 -0.07333747 -0.09000634  0.08269817 -0.12927884  0.41342059
 -0.40934184  0.73383501  0.31366991 -0.38427352 -0.0807019 ]
8: [ 6.35007801e-02  5.70250743e-01 -3.75744461e-01 -1.72040231e-01
  9.19976220e-18  5.85759880e-01 -6.57593194e-02 -4.55633373e-02
  1.28783650e-03  3.71572199e-01 -8.91736348e-02]
9: [ 0.35005518 -0.07333747 -0.09000634  0.08269817  0.18352859 -0.00710166
 -0.06372283 -0.05620971 -0.16220391  0.17977583  0.89537763]
10: [ 0.35005518 -0.07333747 -0.09000634  0.08269817 -0.48275458 -0.25505956
  0.79980377  0.05715691 -0.16687611  0.13315387 -0.05940985]
11: [ 3.65841389e-01  2.69131291e-01  7.14155288e-01 -5.32644958e-01
  2.19661465e-16  3.11009603e-17 -1.54880664e-16 -3.22153480e-18
  6.53709773e-18 -1.54659218e-19  9.08634912e-17]

