Tables using graphs: 
  n    |V|   |E|   deg   alpha   sigma
  2    6     11    5     2       1
  3    7     13    6     2       1
  4    8     16    7     2       1
  5    9     20    8     2       1
  6    10    25    9     2       1
  7    11    31    10    2       1
  8    12    38    11    2       1
  9    13    46    12    2       1
  10   14    55    13    2       1

Table using formulas: 
  n    deg            alpha          sigma
  2    not finished   not finished   not finished
  3    not finished   not finished   not finished
  4    not finished   not finished   not finished
  5    not finished   not finished   not finished
  6    not finished   not finished   not finished
  7    not finished   not finished   not finished
  8    not finished   not finished   not finished
  9    not finished   not finished   not finished
  10   not finished   not finished   not finished

Adjacency matrices: 
n = 6
[0 1 1 1 1 1 1 1 1 1]
[1 0 1 1 1 1 0 0 0 0]
[1 1 0 1 1 1 0 0 0 0]
[1 1 1 0 1 1 0 0 0 0]
[1 1 1 1 0 1 0 0 0 0]
[1 1 1 1 1 0 0 0 0 0]
[1 0 0 0 0 0 0 1 1 1]
[1 0 0 0 0 0 1 0 1 1]
[1 0 0 0 0 0 1 1 0 1]
[1 0 0 0 0 0 1 1 1 0]

Eigenvalues: 
1: -1.721188557434492
2: -1.0000000000000002
3: -1.0
4: -1.0
5: -0.9999999999999998
6: -0.9999999999999997
7: -0.9999999999999996
8: -0.999999999999999
9: 3.3586099917662438
10: 5.362578565668241

Eigenvectors: 
1: [ 8.66389980e-01 -4.76207592e-01 -1.50315439e-01 -5.51059824e-17
 -8.03154667e-17  3.67093727e-17 -8.46929604e-18  8.94190784e-18
 -1.29223271e-17  3.59732623e-17]
2: [-0.18351099 -0.20156265 -0.41916132  0.28687051 -0.13235771 -0.23895445
  0.28360133  0.34965046 -0.03507022  0.11095984]
3: [-0.15143531 -0.34949001  0.23435887 -0.28504568  0.06758609 -0.63076299
 -0.11544169 -0.69462928  0.19013619 -0.22610825]
4: [-0.18351099 -0.20156265 -0.41916132  0.45042309 -0.24804595  0.02845288
 -0.02969415 -0.29196945 -0.30825979  0.33046386]
5: [-0.18351099 -0.20156265 -0.41916132 -0.46962029  0.21458571  0.18866127
 -0.03616102 -0.05266438  0.42449704  0.17289146]
6: [-0.15143531 -0.34949001  0.23435887  0.38972193 -0.36266867  0.63600506
  0.68078671  0.45743922 -0.23001308 -0.10095567]
7: [-0.18351099 -0.20156265 -0.41916132 -0.26767331  0.16581795  0.0218403
 -0.21774616 -0.00501664 -0.08116702 -0.61431516]
8: [-0.15143531 -0.34949001  0.23435887 -0.28504568  0.06758609  0.0926373
 -0.13673286  0.13977083 -0.60592511  0.59179397]
9: [-0.15143531 -0.34949001  0.23435887 -0.12426844 -0.46972    -0.26140721
 -0.5902184  -0.14319931  0.48449775 -0.24333548]
10: [-0.15143531 -0.34949001  0.23435887  0.30463787  0.69721648  0.16352782
  0.16160623  0.24061855  0.16130425 -0.02139456]

n = 7
[0 1 1 1 1 1 1 1 1 1 1]
[1 0 1 1 1 1 1 0 0 0 0]
[1 1 0 1 1 1 1 0 0 0 0]
[1 1 1 0 1 1 1 0 0 0 0]
[1 1 1 1 0 1 1 0 0 0 0]
[1 1 1 1 1 0 1 0 0 0 0]
[1 1 1 1 1 1 0 0 0 0 0]
[1 0 0 0 0 0 0 0 1 1 1]
[1 0 0 0 0 0 0 1 0 1 1]
[1 0 0 0 0 0 0 1 1 0 1]
[1 0 0 0 0 0 0 1 1 1 0]

Eigenvalues: 
1: -1.7354894982158686
2: -1.0000000000000009
3: -1.0
4: -1.0
5: -0.9999999999999999
6: -0.9999999999999998
7: -0.9999999999999998
8: -0.9999999999999997
9: -0.9999999999999989
10: 3.5264397284942977
11: 6.209049769721573

Eigenvectors: 
1: [-0.3529011   0.15908862 -0.12968537 -0.37573945 -0.05182617  0.06820643
  0.23154368 -0.33854621 -0.15222143 -0.06996156  0.03466574]
2: [-1.32959916e-01 -4.45305798e-01 -1.84457061e-01 -2.21672645e-02
  2.50932239e-01 -5.71588866e-02  1.93548866e-01 -6.22061755e-04
 -3.59743924e-01 -7.00162724e-02  6.71243314e-01]
3: [-0.3529011   0.15908862 -0.12968537 -0.11664936 -0.17672202  0.08837309
  0.01878568  0.15502212  0.54180799  0.27323248  0.42992161]
4: [-0.13295992 -0.4453058  -0.18445706  0.06650179 -0.75279672  0.24693418
 -0.51048118  0.25276186 -0.09362176 -0.10252176 -0.04394855]
5: [-0.3529011   0.15908862 -0.12968537 -0.16098389  0.32514246  0.41538953
 -0.50191636 -0.16475304 -0.08001868 -0.07064551 -0.08637481]
6: [-0.3529011   0.15908862 -0.12968537 -0.11664936 -0.14744744  0.20220162
  0.42170304  0.75052425 -0.16658195 -0.2288169  -0.32481238]
7: [-1.32959916e-01 -4.45305798e-01 -1.84457061e-01 -2.21672645e-02
  2.50932239e-01 -5.71588866e-02  1.93548866e-01 -6.22061755e-04
  6.72661565e-01 -5.40692095e-01 -1.55206343e-01]
8: [-0.3529011   0.15908862 -0.12968537 -0.11664936 -0.17672202 -0.82829738
 -0.35989849 -0.02382084 -0.08023157 -0.09684714 -0.03446768]
9: [-0.13295992 -0.4453058  -0.18445706 -0.02216726  0.25093224 -0.13261641
  0.12338345 -0.25151774 -0.21929588  0.71323013 -0.47208842]
10: [-0.3529011   0.15908862 -0.12968537  0.88667141  0.2275752   0.05412671
  0.18978245 -0.37842628 -0.06275436  0.19303862 -0.01893247]
11: [-4.26674988e-01 -2.34426663e-01  8.73494473e-01 -2.29807157e-16
 -5.67441555e-17 -6.90792047e-18 -2.66383878e-17  5.47476516e-17
 -2.57509050e-18 -4.44919183e-17  9.37921555e-18]

n = 8
[0 1 1 1 1 1 1 1 1 1 1 1]
[1 0 1 1 1 1 1 1 0 0 0 0]
[1 1 0 1 1 1 1 1 0 0 0 0]
[1 1 1 0 1 1 1 1 0 0 0 0]
[1 1 1 1 0 1 1 1 0 0 0 0]
[1 1 1 1 1 0 1 1 0 0 0 0]
[1 1 1 1 1 1 0 1 0 0 0 0]
[1 1 1 1 1 1 1 0 0 0 0 0]
[1 0 0 0 0 0 0 0 0 1 1 1]
[1 0 0 0 0 0 0 0 1 0 1 1]
[1 0 0 0 0 0 0 0 1 1 0 1]
[1 0 0 0 0 0 0 0 1 1 1 0]

Eigenvalues: 
1: -1.7463919168904392
2: -1.0
3: -1.0
4: -0.9999999999999999
5: -0.9999999999999999
6: -0.9999999999999999
7: -0.9999999999999998
8: -0.9999999999999997
9: -0.9999999999999997
10: -0.9999999999999997
11: 3.6114289964273096
12: 7.1349629204631375

Eigenvectors: 
1: [ 8.79018111e-01 -3.87255689e-01  2.78137001e-01 -2.72073044e-16
 -5.01779319e-17  7.79406564e-17 -9.17610097e-17  7.99648940e-18
  6.04775805e-17 -3.00040917e-17 -7.59111349e-17  4.46819496e-17]
2: [-0.11347452 -0.34120559 -0.11644494 -0.18476012 -0.17458613 -0.27760657
 -0.32930425  0.76866668 -0.15602163 -0.05581639  0.22693007 -0.16518748]
3: [-0.18519712 -0.09365397  0.45489665  0.18625114  0.34045105 -0.62312083
  0.38706681  0.06446593 -0.54449682 -0.00707932  0.08302271 -0.51003436]
4: [-0.11347452 -0.34120559 -0.11644494 -0.18476012 -0.17458613 -0.27760657
 -0.28795563  0.10579383 -0.1627142  -0.08318543 -0.43222784  0.40350107]
5: [-0.18519712 -0.09365397  0.45489665 -0.06208371 -0.14472376  0.32484519
  0.11690533  0.12814648  0.1319636  -0.24713122  0.36542156  0.29902447]
6: [-0.18519712 -0.09365397  0.45489665 -0.06208371 -0.05100353 -0.02656956
 -0.62087747 -0.39964887  0.01590882  0.15049765  0.18146186  0.05606174]
7: [-0.11347452 -0.34120559 -0.11644494 -0.18476012 -0.15315791  0.18229313
 -0.10080492 -0.26814125  0.36844058 -0.79742211 -0.23653998  0.10431302]
8: [-0.11347452 -0.34120559 -0.11644494 -0.06059269  0.17908377 -0.23786128
  0.35776819 -0.15722871  0.14510017  0.31816271  0.28723478 -0.08799524]
9: [-0.11347452 -0.34120559 -0.11644494 -0.18476012 -0.14390493  0.19101065
  0.24135759 -0.2058604  -0.3921399   0.33671964 -0.01164248 -0.34914363]
10: [-0.18519712 -0.09365397  0.45489665 -0.06208371 -0.14472376  0.32484519
  0.11690533  0.20703646  0.3966244   0.1037129  -0.62990612  0.15494815]
11: [-0.11347452 -0.34120559 -0.11644494 -0.09708587  0.77822647  0.08451121
  0.20526143 -0.17737776 -0.17306712  0.19230897 -0.05676424 -0.33235257]
12: [-0.11347452 -0.34120559 -0.11644494  0.89671902 -0.31107513  0.33525943
 -0.0863224  -0.0658524   0.37040209  0.08923261  0.22300969  0.42686483]

