Tables using graphs: 
  n    |V|   |E|   deg   alpha   sigma
  5    6     6     3     3       1
  6    7     7     3     4       1
  7    8     8     3     4       1
  8    9     9     3     5       1
  9    10    10    3     5       1
  10   11    11    3     6       1

Table using formulas: 
  n    deg            alpha          sigma
  5    not finished   not finished   not finished
  6    not finished   not finished   not finished
  7    not finished   not finished   not finished
  8    not finished   not finished   not finished
  9    not finished   not finished   not finished
  10   not finished   not finished   not finished

Adjacency matrices: 
n = 6
[0 1 0 0 0 1 1]
[1 0 1 0 0 0 0]
[0 1 0 1 0 0 0]
[0 0 1 0 1 0 0]
[0 0 0 1 0 1 0]
[1 0 0 0 1 0 0]
[1 0 0 0 0 0 0]

Eigenvalues: 
1: -2.101002989615457
2: -1.2592801267497638
3: -1.0
4: 0.0
5: 0.9999999999999999
6: 1.2592801267497653
7: 2.1010029896154583

Eigenvectors: 
1: [ 5.00000000e-01 -5.00000000e-01  5.00000000e-01 -5.00000000e-01
  9.61535734e-18 -9.61535734e-18  1.71699100e-32]
2: [-0.40625996  0.11629391  0.40625996 -0.11629391  0.5         0.5
 -0.37796447]
3: [ 3.53553391e-01  3.53553391e-01  3.53553391e-01  3.53553391e-01
  5.00000000e-01 -5.00000000e-01 -3.41122594e-33]
4: [-2.37981575e-01  3.97052244e-01  2.37981575e-01 -3.97052244e-01
  9.95430036e-18  9.95430036e-18  7.55928946e-01]
5: [-0.40625996  0.11629391  0.40625996 -0.11629391 -0.5        -0.5
 -0.37796447]
6: [-3.36556771e-01 -5.61516668e-01  3.36556771e-01  5.61516668e-01
  2.77212166e-17  2.77212166e-17  3.77964473e-01]
7: [ 3.53553391e-01  3.53553391e-01  3.53553391e-01  3.53553391e-01
 -5.00000000e-01  5.00000000e-01 -5.24760528e-33]

n = 7
[0 1 0 0 0 0 1 1]
[1 0 1 0 0 0 0 0]
[0 1 0 1 0 0 0 0]
[0 0 1 0 1 0 0 0]
[0 0 0 1 0 1 0 0]
[0 0 0 0 1 0 1 0]
[1 0 0 0 0 1 0 0]
[1 0 0 0 0 0 0 0]

Eigenvalues: 
1: -1.973819696630399
2: -1.8019377358048396
3: -0.7763781179919645
4: -0.44504186791262884
5: 0.21629428000058343
6: 1.2469796037174676
7: 1.4427199740441008
8: 2.09118356057768

Eigenvectors: 
1: [-5.99786268e-01  3.90021984e-01  1.51538015e-01  4.84283388e-01
  4.80255260e-01  9.19920912e-17 -2.44597040e-16  3.52172304e-17]
2: [ 0.43999955  0.09977817 -0.33391678  0.39057103  0.17999602  0.41790651
 -0.23192061  0.52112089]
3: [ 0.43999955  0.09977817 -0.33391678  0.39057103  0.17999602 -0.41790651
  0.23192061 -0.52112089]
4: [ 3.03870849e-01 -5.02360866e-01  7.00610368e-01  2.31583395e-01
  3.32881827e-01  5.26657000e-17  3.50337277e-17 -2.18122905e-16]
5: [-0.26869351 -0.46748757 -0.2237623   0.33247233 -0.22057141 -0.52112089
 -0.41790651  0.23192061]
6: [-0.26869351 -0.46748757 -0.2237623   0.33247233 -0.22057141  0.52112089
  0.41790651 -0.23192061]
7: [ 0.09035299  0.26316895  0.28551827  0.30468965 -0.4982188   0.23192061
 -0.52112089 -0.41790651]
8: [ 0.09035299  0.26316895  0.28551827  0.30468965 -0.4982188  -0.23192061
  0.52112089  0.41790651]

n = 8
[0 1 0 0 0 0 0 1 1]
[1 0 1 0 0 0 0 0 0]
[0 1 0 1 0 0 0 0 0]
[0 0 1 0 1 0 0 0 0]
[0 0 0 1 0 1 0 0 0]
[0 0 0 0 1 0 1 0 0]
[0 0 0 0 0 1 0 1 0]
[1 0 0 0 0 0 1 0 0]
[1 0 0 0 0 0 0 0 0]

Eigenvalues: 
1: -2.083968109827301
2: -1.5718407743378977
3: -1.414213562373095
4: -0.4317331320986019
5: 0.0
6: 0.431733132098602
7: 1.414213562373095
8: 1.5718407743378957
9: 2.0839681098273033

Eigenvectors: 
1: [ 2.71394096e-01 -5.12786952e-01  4.04221210e-01  4.04221210e-01
  2.71394096e-01  5.12786952e-01  9.11291396e-17  9.11291396e-17
 -8.91896895e-33]
2: [ 0.28278832 -0.40300972  0.08725784 -0.08725784 -0.28278832 -0.40300972
  0.35355339 -0.35355339 -0.5       ]
3: [ 3.17927746e-01 -1.20680158e-01 -3.66549107e-01 -3.66549107e-01
  3.17927746e-01  1.20680158e-01 -5.00000000e-01 -5.00000000e-01
  6.16297582e-32]
4: [ 0.28278832 -0.40300972  0.08725784 -0.08725784 -0.28278832 -0.40300972
 -0.35355339  0.35355339  0.5       ]
5: [ 2.27204128e-01  2.90096052e-01  6.03508546e-01 -6.03508546e-01
 -2.27204128e-01  2.90096052e-01 -5.50206890e-17  5.50206890e-17
 -1.96434405e-16]
6: [ 3.17927746e-01 -1.20680158e-01 -3.66549107e-01 -3.66549107e-01
  3.17927746e-01  1.20680158e-01  5.00000000e-01  5.00000000e-01
  6.21584580e-32]
7: [ 0.37976296  0.21331973 -0.24550924  0.24550924 -0.37976296  0.21331973
  0.35355339 -0.35355339  0.5       ]
8: [ 0.37976296  0.21331973 -0.24550924  0.24550924 -0.37976296  0.21331973
 -0.35355339  0.35355339 -0.5       ]
9: [ 4.73486158e-01  4.55984803e-01  2.60554635e-01  2.60554635e-01
  4.73486158e-01 -4.55984803e-01  1.14894143e-17  1.14894143e-17
  8.43871198e-33]

