Tables using graphs: 
  n    |V|   |E|   deg   alpha   sigma
  5    7     7     3     3       1
  5    7     7     4     4       1
  6    8     8     3     4       1
  6    8     8     4     5       1
  7    9     9     3     4       1
  7    9     9     4     5       1
  8    10    10    3     5       1
  8    10    10    4     6       1
  9    11    11    3     5       1
  9    11    11    4     6       1
  10   12    12    3     6       1
  10   12    12    4     7       1

Table using formulas: 
  n    deg            alpha          sigma
  5    not finished   not finished   not finished
  6    not finished   not finished   not finished
  7    not finished   not finished   not finished
  8    not finished   not finished   not finished
  9    not finished   not finished   not finished
  10   not finished   not finished   not finished

Adjacency matrices: 
n = 6
[0 1 0 0 0 1 1 0]
[1 0 1 0 0 0 0 0]
[0 1 0 1 0 0 0 0]
[0 0 1 0 1 0 0 0]
[0 0 0 1 0 1 0 0]
[1 0 0 0 1 0 0 0]
[1 0 0 0 0 0 0 1]
[0 0 0 0 0 0 1 0]

Eigenvalues: 
1: -2.1357792050698547
2: -1.4142135623730951
3: -1.0000000000000002
4: -0.6621534468619568
5: 0.6621534468619575
6: 1.0
7: 1.4142135623730945
8: 2.1357792050698583

Eigenvectors: 
1: [ 3.94102719e-01 -3.94102719e-01  2.13290944e-17  3.07706105e-01
  2.24809185e-16 -3.07706105e-01 -5.00000000e-01 -5.00000000e-01]
2: [ 0.32859615  0.32859615  0.35355339 -0.13047824  0.35355339 -0.13047824
 -0.5         0.5       ]
3: [ 3.07706105e-01 -3.07706105e-01 -5.00000000e-01 -3.94102719e-01
  5.00000000e-01  3.94102719e-01 -1.09655417e-16 -1.09655417e-16]
4: [ 3.94102719e-01 -3.94102719e-01 -2.07654404e-16  3.07706105e-01
  2.24809185e-16 -3.07706105e-01  5.00000000e-01  5.00000000e-01]
5: [ 3.07706105e-01 -3.07706105e-01  5.00000000e-01 -3.94102719e-01
 -5.00000000e-01  3.94102719e-01 -7.86458490e-17 -7.86458490e-17]
6: [ 1.44072058e-01  1.44072058e-01 -3.53553391e-01 -5.95183369e-01
 -3.53553391e-01 -5.95183369e-01  1.55456600e-16 -1.55456600e-16]
7: [ 0.32859615  0.32859615  0.35355339 -0.13047824  0.35355339 -0.13047824
  0.5        -0.5       ]
8: [ 5.13120242e-01  5.13120242e-01 -3.53553391e-01  3.34226895e-01
 -3.53553391e-01  3.34226895e-01 -1.07941717e-16  1.07941717e-16]

n = 6
[0 1 0 0 0 1 1 1]
[1 0 1 0 0 0 0 0]
[0 1 0 1 0 0 0 0]
[0 0 1 0 1 0 0 0]
[0 0 0 1 0 1 0 0]
[1 0 0 0 1 0 0 0]
[1 0 0 0 0 0 0 0]
[1 0 0 0 0 0 0 0]

Eigenvalues: 
1: -2.2360679774997925
2: -1.414213562373096
3: -1.0
4: 0.0
5: 0.0
6: 1.0
7: 1.4142135623730951
8: 2.2360679774997854

Eigenvectors: 
1: [ 5.77350269e-01 -4.08248290e-01  5.77350269e-01 -4.08248290e-01
  2.53755147e-17 -2.53755147e-17 -1.01769191e-31 -1.01769191e-31]
2: [-3.87298335e-01  1.85425253e-16  3.87298335e-01 -3.81598372e-16
  5.00000000e-01  5.00000000e-01 -3.16227766e-01 -3.16227766e-01]
3: [ 2.88675135e-01  4.08248290e-01  2.88675135e-01  4.08248290e-01
  5.00000000e-01 -5.00000000e-01 -6.16297582e-32 -6.16297582e-32]
4: [-2.58198890e-01  2.88675135e-01  2.58198890e-01 -2.88675135e-01
 -3.53562745e-17 -3.53562745e-17  8.16227766e-01 -1.83772234e-01]
5: [-2.58198890e-01  2.88675135e-01  2.58198890e-01 -2.88675135e-01
 -3.53562745e-17 -3.53562745e-17 -1.83772234e-01  8.16227766e-01]
6: [-3.87298335e-01 -2.27399524e-17  3.87298335e-01 -1.35267639e-16
 -5.00000000e-01 -5.00000000e-01 -3.16227766e-01 -3.16227766e-01]
7: [-2.58198890e-01 -5.77350269e-01  2.58198890e-01  5.77350269e-01
  1.80669008e-16  1.80669008e-16  3.16227766e-01  3.16227766e-01]
8: [ 2.88675135e-01  4.08248290e-01  2.88675135e-01  4.08248290e-01
 -5.00000000e-01  5.00000000e-01 -5.83613467e-32 -5.83613467e-32]

n = 7
[0 1 0 0 0 0 1 1 0]
[1 0 1 0 0 0 0 0 0]
[0 1 0 1 0 0 0 0 0]
[0 0 1 0 1 0 0 0 0]
[0 0 0 1 0 1 0 0 0]
[0 0 0 0 1 0 1 0 0]
[1 0 0 0 0 1 0 0 0]
[1 0 0 0 0 0 0 0 1]
[0 0 0 0 0 0 0 1 0]

Eigenvalues: 
1: -2.0326837069418144
2: -1.8019377358048407
3: -1.101946705038253
4: -0.4450418679126289
5: -0.33793118310097087
6: 0.807171297833522
7: 1.2469796037174674
8: 1.540595505819939
9: 2.1247947914275773

Eigenvectors: 
1: [-0.27492168  0.47583656  0.28016696 -0.0793993   0.16856094  0.29118219
 -0.52112089 -0.41790651 -0.23192061]
2: [-0.38212962 -0.07954131 -0.32377377 -0.41005662  0.22186551 -0.15953038
  0.23192061 -0.52112089  0.41790651]
3: [-0.27492168  0.47583656  0.28016696 -0.0793993   0.16856094  0.29118219
  0.52112089  0.41790651  0.23192061]
4: [-3.03910271e-01 -4.25998723e-01  4.80207483e-01 -3.84704038e-01
 -5.64749173e-01  1.69190967e-01  3.68770678e-16  1.21122376e-16
 -3.90238155e-17]
5: [-0.30923047  0.25723511 -0.05402423  0.24079296 -0.35430611 -0.38958173
 -0.41790651  0.23192061  0.52112089]
6: [-0.30923047  0.25723511 -0.05402423  0.24079296 -0.35430611 -0.38958173
  0.41790651 -0.23192061 -0.52112089]
7: [-1.43030410e-01 -2.76515621e-01  5.94926361e-01  1.89259173e-01
  5.12501349e-01 -5.00666926e-01 -2.95173412e-16 -2.26034888e-16
 -1.57293300e-16]
8: [-0.38212962 -0.07954131 -0.32377377 -0.41005662  0.22186551 -0.15953038
 -0.23192061  0.52112089 -0.41790651]
9: [-5.02716550e-01 -3.79776097e-01 -2.07316664e-01  5.92722457e-01
  1.09822141e-01  4.43492022e-01 -1.84954450e-16  2.21781159e-16
  1.06259973e-16]

n = 7
[0 1 0 0 0 0 1 1 1]
[1 0 1 0 0 0 0 0 0]
[0 1 0 1 0 0 0 0 0]
[0 0 1 0 1 0 0 0 0]
[0 0 0 1 0 1 0 0 0]
[0 0 0 0 1 0 1 0 0]
[1 0 0 0 0 1 0 0 0]
[1 0 0 0 0 0 0 0 0]
[1 0 0 0 0 0 0 0 0]

Eigenvalues: 
1: -2.160963811726198
2: -1.8019377358048363
3: -0.9192624047374186
4: -0.44504186791262884
5: 1.3877787807814455e-17
6: 0.2887515622728426
7: 1.2469796037174683
8: 1.5684954102772344
9: 2.2229792439135334

Eigenvectors: 
1: [-6.40421096e-01  3.08842333e-01  5.75433380e-01 -1.19652798e-01
  3.86052933e-01  1.16267354e-16  4.14179514e-17 -3.90467637e-17
  2.94553410e-33]
2: [-2.14465688e-01 -4.87192083e-01  2.70924600e-01  2.34317422e-01
 -2.97226428e-01 -4.17906506e-01  5.21120889e-01 -2.31920614e-01
  1.47727177e-17]
3: [ 3.95604396e-01  1.94013972e-01  3.80731391e-01  3.97104776e-01
  5.66316638e-02 -2.31920614e-01 -4.17906506e-01 -5.21120889e-01
 -9.52013925e-18]
4: [ 2.96359010e-01 -3.35967545e-01  2.58856839e-01 -4.14379742e-01
  2.46129463e-01  5.55036626e-17  7.19474384e-17 -5.07361459e-17
 -7.07106781e-01]
5: [ 2.96359010e-01 -3.35967545e-01  2.58856839e-01 -4.14379742e-01
  2.46129463e-01  5.33414534e-17  9.32888617e-17  1.62689162e-16
  7.07106781e-01]
6: [ 6.78481947e-02  2.53843394e-01  2.21528371e-01 -3.29445254e-01
 -5.22829952e-01 -5.21120889e-01 -2.31920614e-01  4.17906506e-01
  5.00908595e-17]
7: [ 3.95604396e-01  1.94013972e-01  3.80731391e-01  3.97104776e-01
  5.66316638e-02  2.31920614e-01  4.17906506e-01  5.21120889e-01
 -1.87971890e-17]
8: [ 6.78481947e-02  2.53843394e-01  2.21528371e-01 -3.29445254e-01
 -5.22829952e-01  5.21120889e-01  2.31920614e-01 -4.17906506e-01
 -4.78958866e-18]
9: [-2.14465688e-01 -4.87192083e-01  2.70924600e-01  2.34317422e-01
 -2.97226428e-01  4.17906506e-01 -5.21120889e-01  2.31920614e-01
 -1.47727177e-17]

n = 8
[0 1 0 0 0 0 0 1 1 0]
[1 0 1 0 0 0 0 0 0 0]
[0 1 0 1 0 0 0 0 0 0]
[0 0 1 0 1 0 0 0 0 0]
[0 0 0 1 0 1 0 0 0 0]
[0 0 0 0 1 0 1 0 0 0]
[0 0 0 0 0 1 0 1 0 0]
[1 0 0 0 0 0 1 0 0 0]
[1 0 0 0 0 0 0 0 0 1]
[0 0 0 0 0 0 0 0 1 0]

Eigenvalues: 
1: -2.116883157874337
2: -1.6397841877924144
3: -1.414213562373094
4: -0.9109958909753458
5: -1.2773373287157252e-16
6: 1.2475658334545613e-17
7: 0.9109958909753474
8: 1.414213562373096
9: 1.6397841877924102
10: 2.116883157874332

Eigenvectors: 
1: [ 4.96682410e-01 -4.96682410e-01 -3.79185963e-01 -9.75939986e-02
 -4.47213595e-01 -3.79185963e-01  9.75939986e-02  1.76485139e-16
 -1.76485139e-16  1.44306590e-01]
2: [ 0.29650365 -0.29650365  0.17124264 -0.18100151  0.4472136   0.17124264
  0.18100151 -0.5         0.5        -0.14430659]
3: [-3.74695246e-01 -3.74695246e-01  1.26811396e-01  3.05814229e-01
 -8.23233778e-17 -1.26811396e-01  3.05814229e-01 -3.53553391e-01
 -3.53553391e-01 -4.73254171e-01]
4: [-2.52968328e-01 -2.52968328e-01 -4.07612372e-01 -1.40922599e-01
 -1.74925230e-17  4.07612372e-01 -1.40922599e-01  3.53553391e-01
  3.53553391e-01 -4.73254171e-01]
5: [ 2.39000747e-01 -2.39000747e-01  4.97153681e-01  3.09381416e-01
 -4.47213595e-01  4.97153681e-01 -3.09381416e-01 -1.60446879e-16
  1.60446879e-16  1.44306590e-01]
6: [ 1.42675865e-01 -1.42675865e-01 -2.24517567e-01  5.73790432e-01
  4.47213595e-01 -2.24517567e-01 -5.73790432e-01 -2.16402223e-17
  2.16402223e-17 -1.44306590e-01]
7: [ 0.29650365 -0.29650365  0.17124264 -0.18100151  0.4472136   0.17124264
  0.18100151  0.5        -0.5        -0.14430659]
8: [-3.02028137e-01 -3.02028137e-01  3.68160356e-01 -5.22720726e-01
  5.09676734e-17 -3.68160356e-01 -5.22720726e-01  2.41911465e-17
  2.41911465e-17 -8.39411533e-17]
9: [-2.52968328e-01 -2.52968328e-01 -4.07612372e-01 -1.40922599e-01
 -1.21575872e-16  4.07612372e-01 -1.40922599e-01 -3.53553391e-01
 -3.53553391e-01  4.73254171e-01]
10: [-3.74695246e-01 -3.74695246e-01  1.26811396e-01  3.05814229e-01
  8.42100759e-17 -1.26811396e-01  3.05814229e-01  3.53553391e-01
  3.53553391e-01  4.73254171e-01]

n = 8
[0 1 0 0 0 0 0 1 1 1]
[1 0 1 0 0 0 0 0 0 0]
[0 1 0 1 0 0 0 0 0 0]
[0 0 1 0 1 0 0 0 0 0]
[0 0 0 1 0 1 0 0 0 0]
[0 0 0 0 1 0 1 0 0 0]
[0 0 0 0 0 1 0 1 0 0]
[1 0 0 0 0 0 1 0 0 0]
[1 0 0 0 0 0 0 0 0 0]
[1 0 0 0 0 0 0 0 0 0]

Eigenvalues: 
1: -2.2143197433775317
2: -1.6751308705666461
3: -1.4142135623730945
4: -0.53918887281089
5: 0.0
6: 0.0
7: 0.5391888728108888
8: 1.4142135623730947
9: 1.6751308705666481
10: 2.2143197433775335

Eigenvectors: 
1: [-5.76450945e-01  3.57751240e-01  5.76450945e-01 -3.57751240e-01
  1.99294651e-01 -1.99294651e-01 -8.83953798e-17 -8.83953798e-17
  2.34310734e-32  2.34310734e-32]
2: [ 0.37789467 -0.08607393  0.37789467 -0.08607393  0.31589064  0.31589064
 -0.35355339  0.35355339 -0.35355339 -0.35355339]
3: [ 0.37789467 -0.08607393  0.37789467 -0.08607393  0.31589064  0.31589064
  0.35355339 -0.35355339  0.35355339  0.35355339]
4: [-1.79338395e-01 -5.29899099e-01  1.79338395e-01  5.29899099e-01
  4.32486630e-01 -4.32486630e-01 -1.70608020e-18 -1.70608020e-18
  2.31528531e-31  2.31528531e-31]
5: [ 2.60328684e-01 -2.13566144e-01  2.60328684e-01 -2.13566144e-01
 -3.69619370e-01 -3.69619370e-01 -4.92122779e-17  4.92122779e-17
  5.00000000e-01 -5.00000000e-01]
6: [ 2.60328684e-01 -2.13566144e-01  2.60328684e-01 -2.13566144e-01
 -3.69619370e-01 -3.69619370e-01 -4.92122779e-17  4.92122779e-17
 -5.00000000e-01  5.00000000e-01]
7: [ 0.19855627  0.44382517  0.19855627  0.44382517 -0.11659599 -0.11659599
  0.35355339 -0.35355339 -0.35355339 -0.35355339]
8: [-2.60328684e-01 -2.13566144e-01  2.60328684e-01  2.13566144e-01
 -3.69619370e-01  3.69619370e-01  5.00000000e-01  5.00000000e-01
 -8.46258643e-32 -8.46258643e-32]
9: [ 0.19855627  0.44382517  0.19855627  0.44382517 -0.11659599 -0.11659599
 -0.35355339  0.35355339  0.35355339  0.35355339]
10: [-2.60328684e-01 -2.13566144e-01  2.60328684e-01  2.13566144e-01
 -3.69619370e-01  3.69619370e-01 -5.00000000e-01 -5.00000000e-01
 -8.62816615e-32 -8.62816615e-32]

