+----+-----------+-----+---+---+---+---+---+---+---+---+----+----+
|    |           | m+1 | 2 | 3 | 4 | 5 | 6 | 7 | 8 | 9 | 10 | 11 |
+----+-----------+-----+---+---+---+---+---+---+---+---+----+----+
|    |           | m   | 1 | 2 | 3 | 4 | 5 | 6 | 7 | 8 | 9  | 10 |
+----+-----------+-----+---+---+---+---+---+---+---+---+----+----+
| n  | ceil(n/2) |     |   |   |   |   |   |   |   |   |    |    |
+----+-----------+-----+---+---+---+---+---+---+---+---+----+----+
| 2  | 1         |     | 1 | 2 | 3 | 4 | 5 | 6 | 7 | 8 | 9  | 10 |
+----+-----------+-----+---+---+---+---+---+---+---+---+----+----+
| 3  | 2         |     | 2 | 2 | 2 | 3 | 4 | 5 | 6 | 7 | 8  | 9  |
+----+-----------+-----+---+---+---+---+---+---+---+---+----+----+
| 4  | 2         |     | 1 | 1 | 2 | 3 | 4 | 5 | 6 | 7 | 8  | 9  |
+----+-----------+-----+---+---+---+---+---+---+---+---+----+----+
| 5  | 3         |     | 1 | 1 | 1 | 2 | 3 | 4 | 5 | 6 | 7  | 8  |
+----+-----------+-----+---+---+---+---+---+---+---+---+----+----+
| 6  | 3         |     | 1 | 1 | 1 | 2 | 2 | 4 | 5 | 6 | 6  | 7  |
+----+-----------+-----+---+---+---+---+---+---+---+---+----+----+
| 7  | 4         |     | 1 | 1 | 1 | 1 | 2 | 2 | 4 | 5 | 6  | 7  |
+----+-----------+-----+---+---+---+---+---+---+---+---+----+----+
| 8  | 4         |     | 1 | 1 | 1 | 1 | 1 | 2 | 2 | 5 | 6  | 6  |
+----+-----------+-----+---+---+---+---+---+---+---+---+----+----+
| 9  | 5         |     | 1 | 1 | 1 | 1 | 1 | 2 | 2 | 2 | 5  | 6  |
+----+-----------+-----+---+---+---+---+---+---+---+---+----+----+
| 10 | 5         |     | 1 | 1 | 1 | 1 | 1 | 1 | 2 | 2 | 2  | 6  |
+----+-----------+-----+---+---+---+---+---+---+---+---+----+----+