Notation = Cn x K2

Tables using graphs: 
  n    |V|   |E|   deg   alpha   sigma
  3    6     6     2     3       1
  4    8     8     2     4       2
  5    10    10    2     5       1
  6    12    12    2     6       1
  7    14    14    2     7       1
  8    16    16    2     8       1
  9    18    18    2     9       1
  10   20    20    2     10      1

Table using formulas: 
  n    deg   alpha   sigma
  3    2     3       1
  4    2     4       2
  5    2     5       1
  6    2     6       1
  7    2     7       1
  8    2     8       1
  9    2     9       1
  10   2     10      1

Adjacency matrices: 
n = 6
[0 0 0 1 0 0 0 0 0 0 0 1]
[0 0 1 0 0 0 0 0 0 0 1 0]
[0 1 0 0 0 1 0 0 0 0 0 0]
[1 0 0 0 1 0 0 0 0 0 0 0]
[0 0 0 1 0 0 0 1 0 0 0 0]
[0 0 1 0 0 0 1 0 0 0 0 0]
[0 0 0 0 0 1 0 0 0 1 0 0]
[0 0 0 0 1 0 0 0 1 0 0 0]
[0 0 0 0 0 0 0 1 0 0 0 1]
[0 0 0 0 0 0 1 0 0 0 1 0]
[0 1 0 0 0 0 0 0 0 1 0 0]
[1 0 0 0 0 0 0 0 1 0 0 0]

Eigenvalues: 
1: -2.0
2: -1.9999999999999998
3: -1.0000000000000002
4: -1.0
5: -1.0
6: -0.9999999999999994
7: 1.0000000000000002
8: 1.0000000000000002
9: 1.0000000000000004
10: 1.0000000000000004
11: 1.9999999999999998
12: 2.0000000000000004

Eigenvectors: 
1: [ 1.90415784e-16 -3.79820745e-01  3.53383436e-01  3.52021280e-01
 -2.10845682e-16 -3.81502416e-01 -2.86083733e-16 -3.87787655e-01
 -2.30806971e-01  1.95900223e-01  4.01878331e-01 -3.74150198e-01]
2: [ 0.40824829 -0.14967588 -0.20441823  0.20675513  0.57735027 -0.14638428
  0.57735027  0.10519721  0.04972968  0.0736045  -0.1621253  -0.18037199]
3: [ 0.40824829 -0.14967588 -0.20441823  0.20675513 -0.28867513 -0.13696238
 -0.28867513  0.1610182  -0.27081007 -0.26291353 -0.19826321 -0.16292752]
4: [ 0.40824829 -0.14967588 -0.20441823  0.20675513 -0.28867513  0.28334666
 -0.28867513 -0.26621541  0.22108039  0.18930903  0.36038851  0.34329951]
5: [-9.45213260e-17  3.79820745e-01  3.53383436e-01  3.52021280e-01
 -6.31730058e-16 -9.31602929e-02 -4.28339013e-16  9.46951055e-02
  4.99724017e-01  5.05415200e-01 -3.77387343e-01 -4.24860150e-01]
6: [ 8.22884431e-17 -3.79820745e-01  3.53383436e-01  3.52021280e-01
  2.56015716e-16 -9.31602929e-02 -2.99429276e-16 -9.46951055e-02
  4.99724017e-01 -5.05415200e-01 -3.77387343e-01  4.24860150e-01]
7: [-0.40824829  0.14967588 -0.20441823  0.20675513  0.57735027 -0.14638428
 -0.57735027 -0.10519721  0.04972968 -0.0736045  -0.1621253   0.18037199]
8: [-0.40824829  0.14967588 -0.20441823  0.20675513 -0.28867513 -0.13696238
  0.28867513 -0.1610182  -0.27081007  0.26291353 -0.19826321  0.16292752]
9: [-5.17888218e-17  3.79820745e-01  3.53383436e-01  3.52021280e-01
 -9.87569153e-16 -3.81502416e-01 -4.84382410e-16  3.87787655e-01
 -2.30806971e-01 -1.95900223e-01  4.01878331e-01  3.74150198e-01]
10: [ 4.02125603e-17 -3.79820745e-01  3.53383436e-01  3.52021280e-01
  9.14894833e-16  4.74662709e-01 -2.81944427e-16  4.82482761e-01
 -2.68917046e-01  3.09514977e-01 -2.44909881e-02 -5.07099520e-02]
11: [-0.40824829  0.14967588 -0.20441823  0.20675513 -0.28867513  0.28334666
  0.28867513  0.26621541  0.22108039 -0.18930903  0.36038851 -0.34329951]
12: [-1.78673092e-16  3.79820745e-01  3.53383436e-01  3.52021280e-01
 -8.38732436e-17  4.74662709e-01 -3.96976377e-16 -4.82482761e-01
 -2.68917046e-01 -3.09514977e-01 -2.44909881e-02  5.07099520e-02]

n = 7
[0 0 0 1 0 0 0 0 0 0 0 0 0 1]
[0 0 1 0 0 0 0 0 0 0 0 0 1 0]
[0 1 0 0 0 1 0 0 0 0 0 0 0 0]
[1 0 0 0 1 0 0 0 0 0 0 0 0 0]
[0 0 0 1 0 0 0 1 0 0 0 0 0 0]
[0 0 1 0 0 0 1 0 0 0 0 0 0 0]
[0 0 0 0 0 1 0 0 0 1 0 0 0 0]
[0 0 0 0 1 0 0 0 1 0 0 0 0 0]
[0 0 0 0 0 0 0 1 0 0 0 1 0 0]
[0 0 0 0 0 0 1 0 0 0 1 0 0 0]
[0 0 0 0 0 0 0 0 0 1 0 0 0 1]
[0 0 0 0 0 0 0 0 1 0 0 0 1 0]
[0 1 0 0 0 0 0 0 0 0 0 1 0 0]
[1 0 0 0 0 0 0 0 0 0 1 0 0 0]

Eigenvalues: 
1: -2.000000000000001
2: -1.8019377358048394
3: -1.8019377358048367
4: -1.2469796037174676
5: -1.246979603717467
6: -0.4450418679126294
7: -0.44504186791262923
8: 0.44504186791262895
9: 0.44504186791262956
10: 1.2469796037174667
11: 1.246979603717468
12: 1.8019377358048387
13: 1.8019377358048387
14: 2.0000000000000004

Eigenvectors: 
1: [ 0.26726124  0.26726124 -0.37796447 -0.00582292  0.37796447  0.06384409
 -0.37796447 -0.17058922 -0.21766197  0.32986784 -0.37796447 -0.03205577
  0.37796447 -0.05169516]
2: [-0.26726124  0.26726124  0.34053422 -0.1587269  -0.23565699  0.25145214
  0.08410501 -0.29086208 -0.33017632  0.21714429 -0.23565699  0.27445337
  0.08410501 -0.3765285 ]
3: [ 0.26726124  0.26726124  0.34053422 -0.1587269   0.23565699 -0.25145214
  0.08410501 -0.29086208  0.33017632 -0.21714429 -0.23565699  0.27445337
 -0.08410501  0.3765285 ]
4: [ 0.26726124  0.26726124 -0.23565699  0.29183892 -0.08410501 -0.37739978
  0.34053422  0.30003502 -0.3772952   0.06141264  0.08410501  0.37429353
 -0.34053422 -0.11587579]
5: [-0.26726124  0.26726124 -0.23565699  0.29183892  0.08410501  0.37739978
  0.34053422  0.30003502  0.3772952  -0.06141264  0.08410501  0.37429353
  0.34053422  0.11587579]
6: [-0.26726124  0.26726124  0.08410501 -0.36714866  0.34053422  0.21915769
 -0.23565699  0.15733393 -0.34968614 -0.10648253  0.34053422  0.19228303
 -0.23565699  0.32495892]
7: [ 0.26726124  0.26726124  0.08410501 -0.36714866 -0.34053422 -0.21915769
 -0.23565699  0.15733393  0.34968614  0.10648253  0.34053422  0.19228303
  0.23565699 -0.32495892]
8: [-0.26726124  0.26726124  0.34053422  0.16921945 -0.23565699 -0.33106442
  0.08410501  0.36678143 -0.062037    0.37725703 -0.23565699 -0.31442627
  0.08410501  0.35352199]
9: [ 0.26726124  0.26726124  0.34053422  0.16921945  0.23565699  0.33106442
  0.08410501  0.36678143  0.062037   -0.37725703 -0.23565699 -0.31442627
 -0.08410501 -0.35352199]
10: [-0.26726124  0.26726124 -0.23565699 -0.29909999  0.08410501 -0.34898648
  0.34053422  0.00735613 -0.10587516 -0.34992583  0.08410501 -0.36002737
  0.34053422 -0.20902724]
11: [ 0.26726124  0.26726124 -0.23565699 -0.29909999 -0.08410501  0.34898648
  0.34053422  0.00735613  0.10587516  0.34992583  0.08410501 -0.36002737
 -0.34053422  0.20902724]
12: [ 0.26726124  0.26726124  0.08410501  0.3697401  -0.34053422  0.10411461
 -0.23565699 -0.37005521 -0.25281745 -0.25328753  0.34053422 -0.13452052
  0.235657    0.26049611]
13: [-0.26726124  0.26726124  0.08410501  0.3697401   0.34053422 -0.10411461
 -0.23565699 -0.37005521  0.25281745  0.25328753  0.34053422 -0.13452052
 -0.235657   -0.26049611]
14: [-0.26726124  0.26726124 -0.37796447 -0.00582292 -0.37796447 -0.06384409
 -0.37796447 -0.17058922  0.21766197 -0.32986784 -0.37796447 -0.03205577
 -0.37796447  0.05169516]

n = 8
[0 0 0 1 0 0 0 0 0 0 0 0 0 0 0 1]
[0 0 1 0 0 0 0 0 0 0 0 0 0 0 1 0]
[0 1 0 0 0 1 0 0 0 0 0 0 0 0 0 0]
[1 0 0 0 1 0 0 0 0 0 0 0 0 0 0 0]
[0 0 0 1 0 0 0 1 0 0 0 0 0 0 0 0]
[0 0 1 0 0 0 1 0 0 0 0 0 0 0 0 0]
[0 0 0 0 0 1 0 0 0 1 0 0 0 0 0 0]
[0 0 0 0 1 0 0 0 1 0 0 0 0 0 0 0]
[0 0 0 0 0 0 0 1 0 0 0 1 0 0 0 0]
[0 0 0 0 0 0 1 0 0 0 1 0 0 0 0 0]
[0 0 0 0 0 0 0 0 0 1 0 0 0 1 0 0]
[0 0 0 0 0 0 0 0 1 0 0 0 1 0 0 0]
[0 0 0 0 0 0 0 0 0 0 0 1 0 0 0 1]
[0 0 0 0 0 0 0 0 0 0 1 0 0 0 1 0]
[0 1 0 0 0 0 0 0 0 0 0 0 0 1 0 0]
[1 0 0 0 0 0 0 0 0 0 0 0 1 0 0 0]

Eigenvalues: 
1: -2.0000000000000027
2: -2.0000000000000018
3: -1.4142135623730963
4: -1.4142135623730958
5: -1.4142135623730956
6: -1.4142135623730951
7: -4.0106549492631677e-17
8: 0.0
9: 1.552453227952335e-18
10: 4.428464976803782e-17
11: 1.4142135623730951
12: 1.4142135623730954
13: 1.4142135623730956
14: 1.4142135623730958
15: 1.9999999999999991
16: 2.0

Eigenvectors: 
1: [ 1.31214720e-15  3.53553391e-01 -3.53553391e-01 -2.20538200e-02
  8.36409820e-02  1.77419988e-02  3.53553391e-01  3.53553391e-01
  1.05892929e-01  2.06784322e-01 -2.83239765e-01  2.05129723e-01
  2.69678601e-01  2.12862386e-01 -5.12633233e-02 -3.66496888e-02]
2: [ 2.97370787e-17 -5.26837195e-16 -7.22200077e-12 -3.52864888e-01
  3.43517374e-01 -2.12710899e-17  8.28544917e-16 -3.43057290e-16
 -4.03451256e-01 -1.04034956e-01 -1.84310917e-01 -1.91652484e-02
  3.75594779e-01 -3.76411729e-01  2.71163008e-01 -2.60040859e-01]
3: [-0.5         0.35355339  0.35355339  0.02205382  0.08364098 -0.49938143
 -0.5         0.5         0.14713667 -0.06952915  0.05421807  0.04317965
 -0.07232545 -0.04331872 -0.01471928  0.03642244]
4: [ 3.17202906e-18 -3.56092517e-16 -7.22182036e-12 -3.52864888e-01
  3.43517374e-01 -4.83768995e-17 -1.52877058e-15  6.42642469e-16
  4.03451256e-01  1.04034956e-01  1.84310917e-01  1.91652484e-02
 -3.75594779e-01  3.76411729e-01  2.71163008e-01 -2.60040859e-01]
5: [ 1.21106274e-15 -3.48739907e-16  7.22182037e-12  3.52864888e-01
  3.43517374e-01  1.74186531e-02 -1.62668346e-15 -7.83916974e-16
 -4.66350823e-01  1.53727611e-01 -7.43569310e-02  2.74985167e-01
 -2.01628830e-01  1.24704608e-01 -4.16684578e-01 -4.23920933e-01]
6: [-1.18585461e-15  3.53553391e-01 -3.53553391e-01 -2.20538200e-02
  8.36409820e-02 -1.77419988e-02 -3.53553391e-01 -3.53553391e-01
 -1.02189748e-01  3.05113389e-01 -3.59915702e-01  2.66194966e-01
  1.67394962e-01  1.51600459e-01  5.12633233e-02  3.66496888e-02]
7: [-1.18585461e-15  3.53553391e-01 -3.53553391e-01 -2.20538200e-02
  8.36409820e-02 -1.77419988e-02  3.53553391e-01  3.53553391e-01
  1.02189748e-01 -3.05113389e-01  3.59915702e-01 -2.66194966e-01
 -1.67394962e-01 -1.51600459e-01  5.12633233e-02  3.66496888e-02]
8: [-0.5         0.35355339  0.35355339  0.02205382  0.08364098 -0.49938143
  0.5        -0.5        -0.14713667  0.06952915 -0.05421807 -0.04317965
  0.07232545  0.04331872 -0.01471928  0.03642244]
9: [-1.21104326e-15 -4.16024127e-16  7.22188976e-12  3.52864888e-01
  3.43517374e-01 -1.74186531e-02 -1.22120629e-16 -1.65028712e-16
  1.04215415e-01  3.00855257e-01  1.86298068e-01  2.47881413e-01
  3.29542401e-01 -4.07621965e-01  4.16684578e-01  4.23920933e-01]
10: [ 1.01109230e-17 -4.57447456e-16 -7.22195914e-12 -3.52864888e-01
  3.43517374e-01  5.96095785e-17  5.08250439e-16 -1.14502784e-16
 -2.56068403e-01  3.21438629e-01  7.91543370e-02 -3.69722504e-01
 -9.04485536e-02  2.00052781e-01 -2.71163008e-01  2.60040859e-01]
11: [ 1.36765835e-15  3.53553391e-01 -3.53553391e-01 -2.20538200e-02
  8.36409820e-02  1.77419988e-02 -3.53553391e-01 -3.53553391e-01
 -1.05892929e-01 -2.06784322e-01  2.83239765e-01 -2.05129723e-01
 -2.69678601e-01 -2.12862386e-01 -5.12633233e-02 -3.66496888e-02]
12: [-1.64541267e-17 -3.56092677e-16 -7.22184812e-12 -3.52864888e-01
  3.43517374e-01  3.30477409e-17 -1.00364361e-15  5.10239998e-16
  2.56068403e-01 -3.21438629e-01 -7.91543370e-02  3.69722504e-01
  9.04485536e-02 -2.00052781e-01 -2.71163008e-01  2.60040859e-01]
13: [ 5.00000000e-01  3.53553391e-01  3.53553391e-01  2.20538200e-02
  8.36409820e-02  4.99381429e-01  1.10502609e-16  1.43654464e-16
  2.61854422e-03  3.61966342e-01 -4.54779592e-01 -3.33276884e-01
 -3.09057680e-01 -2.57714150e-01  1.47192757e-02 -3.64224442e-02]
14: [-1.21104326e-15 -4.16024127e-16  7.22186200e-12  3.52864888e-01
  3.43517374e-01 -1.74186531e-02 -7.00684929e-16 -3.05097836e-16
 -1.04215415e-01 -3.00855257e-01 -1.86298068e-01 -2.47881413e-01
 -3.29542401e-01  4.07621965e-01  4.16684578e-01  4.23920933e-01]
15: [ 5.00000000e-01  3.53553391e-01  3.53553391e-01  2.20538200e-02
  8.36409820e-02  4.99381429e-01  1.32790870e-16  1.61198343e-16
 -2.61854422e-03 -3.61966342e-01  4.54779592e-01  3.33276884e-01
  3.09057680e-01  2.57714150e-01  1.47192757e-02 -3.64224442e-02]
16: [ 1.21106274e-15 -6.20261623e-16  7.22205629e-12  3.52864888e-01
  3.43517374e-01  1.74186531e-02  9.94017316e-16  4.47089033e-16
  4.66350823e-01 -1.53727611e-01  7.43569310e-02 -2.74985167e-01
  2.01628830e-01 -1.24704608e-01 -4.16684578e-01 -4.23920933e-01]

