Tables using graphs: 
  n   o   p   q   r   |V|   |E|   deg   alpha   sigma
  1   1   1   1   1   5     10    4     1       1
  1   1   1   1   2   6     14    5     2       2
  1   1   1   1   3   7     18    6     3       3
  1   1   1   1   4   8     22    7     4       4
  1   1   1   2   2   7     19    6     2       2
  1   1   1   2   3   8     24    7     3       2
  1   1   1   2   4   9     29    8     4       3
  1   1   1   3   3   9     30    8     3       2
  1   1   1   3   4   10    36    9     4       3
  1   1   1   4   4   11    43    10    4       3
  1   1   2   2   2   8     25    7     2       2
  1   1   2   2   3   9     31    8     3       2
  1   1   2   2   4   10    37    9     4       3
  1   1   2   3   3   10    38    9     3       2
  1   1   2   3   4   11    45    10    4       3
  1   1   2   4   4   12    53    11    4       3
  1   1   3   3   3   11    46    10    3       2
  1   1   3   3   4   12    54    11    4       3
  1   1   3   4   4   13    63    12    4       3
  1   1   4   4   4   14    73    13    4       3
  1   2   2   2   2   9     32    8     2       2
  1   2   2   2   3   10    39    9     3       2
  1   2   2   2   4   11    46    10    4       3
  1   2   2   3   3   11    47    10    3       2
  1   2   2   3   4   12    55    11    4       3
  1   2   2   4   4   13    64    12    4       3
  1   2   3   3   3   12    56    11    3       2
  1   2   3   3   4   13    65    12    4       3
  1   2   3   4   4   14    75    13    4       3
  1   2   4   4   4   15    86    14    4       3
  1   3   3   3   3   13    66    12    3       2
  1   3   3   3   4   14    76    13    4       3
  1   3   3   4   4   15    87    14    4       3
  1   3   4   4   4   16    99    15    4       3
  1   4   4   4   4   17    112   16    4       3
  2   2   2   2   2   10    40    8     2       2
  2   2   2   2   3   11    48    9     3       2
  2   2   2   2   4   12    56    10    4       3
  2   2   2   3   3   12    57    10    3       2
  2   2   2   3   4   13    66    11    4       3
  2   2   2   4   4   14    76    12    4       3
  2   2   3   3   3   13    67    11    3       2
  2   2   3   3   4   14    77    12    4       3
  2   2   3   4   4   15    88    13    4       3
  2   2   4   4   4   16    100   14    4       3
  2   3   3   3   3   14    78    12    3       2
  2   3   3   3   4   15    89    13    4       3
  2   3   3   4   4   16    101   14    4       3
  2   3   4   4   4   17    114   15    4       3
  2   4   4   4   4   18    128   16    4       3
  3   3   3   3   3   15    90    12    3       2
  3   3   3   3   4   16    102   13    4       3
  3   3   3   4   4   17    115   14    4       3
  3   3   4   4   4   18    129   15    4       3
  3   4   4   4   4   19    144   16    4       3
  4   4   4   4   4   20    160   16    4       3


Tables using formulas: 
  n   o   p   q   r   deg   alpha   sigma
  1   1   1   1   1   4     1       1
  1   1   1   1   2   5     2       2
  1   1   1   1   3   6     3       2
  1   1   1   1   4   7     4       3
  1   1   1   2   2   6     2       2
  1   1   1   2   3   7     3       2
  1   1   1   2   4   8     4       3
  1   1   1   3   3   8     3       2
  1   1   1   3   4   9     4       3
  1   1   1   4   4   10    4       3
  1   1   2   2   2   7     2       2
  1   1   2   2   3   8     3       2
  1   1   2   2   4   9     4       3
  1   1   2   3   3   9     3       2
  1   1   2   3   4   10    4       3
  1   1   2   4   4   11    4       3
  1   1   3   3   3   10    3       2
  1   1   3   3   4   11    4       3
  1   1   3   4   4   12    4       3
  1   1   4   4   4   13    4       3
  1   2   2   2   2   8     2       2
  1   2   2   2   3   9     3       2
  1   2   2   2   4   10    4       3
  1   2   2   3   3   10    3       2
  1   2   2   3   4   11    4       3
  1   2   2   4   4   12    4       3
  1   2   3   3   3   11    3       2
  1   2   3   3   4   12    4       3
  1   2   3   4   4   13    4       3
  1   2   4   4   4   14    4       3
  1   3   3   3   3   12    3       2
  1   3   3   3   4   13    4       3
  1   3   3   4   4   14    4       3
  1   3   4   4   4   15    4       3
  1   4   4   4   4   16    4       3
  2   2   2   2   2   8     2       2
  2   2   2   2   3   9     3       2
  2   2   2   2   4   10    4       3
  2   2   2   3   3   10    3       2
  2   2   2   3   4   11    4       3
  2   2   2   4   4   12    4       3
  2   2   3   3   3   11    3       2
  2   2   3   3   4   12    4       3
  2   2   3   4   4   13    4       3
  2   2   4   4   4   14    4       3
  2   3   3   3   3   12    3       2
  2   3   3   3   4   13    4       3
  2   3   3   4   4   14    4       3
  2   3   4   4   4   15    4       3
  2   4   4   4   4   16    4       3
  3   3   3   3   3   12    3       2
  3   3   3   3   4   13    4       3
  3   3   3   4   4   14    4       3
  3   3   4   4   4   15    4       3
  3   4   4   4   4   16    4       3
  4   4   4   4   4   16    4       3


Adjacency matrices: 
n= 3
o= 3
p= 3
q= 3
r= 3
[0 0 0 1 1 1 1 1 1 1 1 1 1 1 1]
[0 0 0 1 1 1 1 1 1 1 1 1 1 1 1]
[0 0 0 1 1 1 1 1 1 1 1 1 1 1 1]
[1 1 1 0 0 0 1 1 1 1 1 1 1 1 1]
[1 1 1 0 0 0 1 1 1 1 1 1 1 1 1]
[1 1 1 0 0 0 1 1 1 1 1 1 1 1 1]
[1 1 1 1 1 1 0 0 0 1 1 1 1 1 1]
[1 1 1 1 1 1 0 0 0 1 1 1 1 1 1]
[1 1 1 1 1 1 0 0 0 1 1 1 1 1 1]
[1 1 1 1 1 1 1 1 1 0 0 0 1 1 1]
[1 1 1 1 1 1 1 1 1 0 0 0 1 1 1]
[1 1 1 1 1 1 1 1 1 0 0 0 1 1 1]
[1 1 1 1 1 1 1 1 1 1 1 1 0 0 0]
[1 1 1 1 1 1 1 1 1 1 1 1 0 0 0]
[1 1 1 1 1 1 1 1 1 1 1 1 0 0 0]

Eigenvalues: 
1: (-3.0000000000000004+0j)
2: (-3+0j)
3: (-2.999999999999999+0j)
4: (-2.999999999999999+0j)
5: (-3.165958001212582e-16+0j)
6: (-1.1581179892857023e-16+0j)
7: (-1.1581179892857023e-16+0j)
8: (-2.972986059619074e-34+0j)
9: 0j
10: 0j
11: (1.4884595404867887e-49+0j)
12: (4.834973126922768e-34+0j)
13: (3.5732041400951254e-16+0j)
14: (4.440892098500626e-16+0j)
15: (12.000000000000004+0j)

Eigenvectors: 
1: [ 2.58198890e-01+0.j -1.29099445e-01+0.j -8.26442565e-17+0.j
 -8.13789766e-17+0.j -1.11358011e-01+0.j -7.98720835e-01+0.j
  4.07857763e-01+0.j -1.37910967e-01+0.j -3.26447193e-01+0.j
 -7.37630207e-01+0.j -7.37630207e-01+0.j -7.98696817e-01+0.j
 -7.96373000e-01+0.j -7.98720835e-01+0.j  7.98720835e-01+0.j]
2: [ 2.58198890e-01+0.j         -1.29099445e-01+0.j
  7.33435068e-17+0.j          2.66782885e-17+0.j
 -2.61678598e-01+0.j          4.64421447e-17+0.j
 -7.78074614e-02+0.j         -8.32164988e-03+0.j
  4.30680726e-01+0.j          3.03338631e-01-0.00287507j
  3.03338631e-01+0.00287507j  4.71477340e-17+0.j
  5.56937832e-17+0.j          4.64421447e-17+0.j
 -4.64421447e-17+0.j        ]
3: [ 0.25819889+0.00000000e+00j  0.51639778+0.00000000e+00j
 -0.75947772+0.00000000e+00j -0.69609998+0.00000000e+00j
 -0.00552971+0.00000000e+00j  0.01725833+0.00000000e+00j
  0.014467  +0.00000000e+00j  0.04181014+0.00000000e+00j
 -0.03244533+0.00000000e+00j  0.01216531-3.28026568e-05j
  0.01216531+3.28026568e-05j  0.01725782+0.00000000e+00j
  0.0172076 +0.00000000e+00j  0.01725833+0.00000000e+00j
 -0.01725833+0.00000000e+00j]
4: [ 2.58198890e-01+0.j         -1.29099445e-01+0.j
  7.33435068e-17+0.j          2.66782885e-17+0.j
 -2.61678598e-01+0.j          4.64421447e-17+0.j
 -7.78074614e-02+0.j          1.66432998e-02+0.j
  4.30680726e-01+0.j         -2.75518084e-01+0.06698746j
 -2.75518084e-01-0.06698746j  4.63881705e-17+0.j
  4.63114027e-17+0.j          4.64421447e-17+0.j
 -4.64421447e-17+0.j        ]
5: [ 2.58198890e-01+0.j         -1.29099445e-01+0.j
 -9.55917895e-17+0.j         -1.02188425e-16+0.j
 -1.11358011e-01+0.j          5.45020590e-01+0.j
  4.07857763e-01+0.j          7.64684916e-01+0.j
 -3.26447193e-01+0.j          4.23882289e-01+0.00931237j
  4.23882289e-01-0.00931237j  5.45004201e-01+0.j
  5.43418506e-01+0.j          5.45020590e-01+0.j
 -5.45020590e-01+0.j        ]
6: [ 2.58198890e-01+0.j -1.29099445e-01+0.j -3.30120465e-17+0.j
 -1.60942343e-18+0.j -1.11358011e-01+0.j  1.03476947e-17+0.j
 -3.97398605e-01+0.j  1.50846351e-17+0.j -1.73098699e-01+0.j
 -2.93548405e-17+0.j -2.93548405e-17+0.j -2.38760643e-04+0.j
 -5.79314508e-02+0.j  1.03476947e-17+0.j -1.03476947e-17+0.j]
7: [ 2.58198890e-01+0.j -1.29099445e-01+0.j -3.30120465e-17+0.j
 -1.60942343e-18+0.j -1.11358011e-01+0.j  1.03476947e-17+0.j
 -3.97398605e-01+0.j  1.50846351e-17+0.j -1.73098699e-01+0.j
  3.15641996e-17+0.j  3.15641996e-17+0.j -5.36035320e-03+0.j
  8.51739963e-03+0.j  1.03476947e-17+0.j -1.03476947e-17+0.j]
8: [ 2.58198890e-01+0.j -1.29099445e-01+0.j -3.30120465e-17+0.j
 -1.60942343e-18+0.j -1.11358011e-01+0.j  1.03476947e-17+0.j
 -3.97398605e-01+0.j  1.50846351e-17+0.j -1.73098699e-01+0.j
  2.69593551e-17+0.j  2.69593551e-17+0.j  5.59911385e-03+0.j
  4.94140511e-02+0.j  1.03476947e-17+0.j -1.03476947e-17+0.j]
9: [ 2.58198890e-01+0.j         -1.29099445e-01+0.j
 -5.67491904e-17+0.j         -3.97600793e-17+0.j
 -1.11358011e-01+0.j          2.53700245e-01+0.j
  4.07857763e-01+0.j         -6.26773949e-01+0.j
 -3.26447193e-01+0.j          3.13747918e-01-0.00931237j
  3.13747918e-01+0.00931237j  2.53692616e-01+0.j
  2.52954494e-01+0.j          2.53700245e-01+0.j
 -2.53700245e-01+0.j        ]
10: [ 2.58198890e-01+0.j -1.29099445e-01+0.j -1.34665901e-16+0.j
 -1.11495727e-16+0.j  4.89924335e-01+0.j  3.42320244e-17+0.j
  5.28812993e-02+0.j -1.68220345e-17+0.j  1.01310498e-01+0.j
  4.47355460e-17+0.j  4.47355460e-17+0.j  3.38019624e-17+0.j
  3.23983057e-17+0.j  3.42320244e-17+0.j -3.42320244e-17+0.j]
11: [ 2.58198890e-01+0.j -1.29099445e-01+0.j -1.34665901e-16+0.j
 -1.11495727e-16+0.j  4.89924335e-01+0.j  3.42320244e-17+0.j
  5.28812993e-02+0.j -1.68220345e-17+0.j  1.01310498e-01+0.j
  4.47355460e-17+0.j  4.47355460e-17+0.j  3.38019624e-17+0.j
  3.23983057e-17+0.j  3.42320244e-17+0.j -3.42320244e-17+0.j]
12: [ 2.58198890e-01+0.j -1.29099445e-01+0.j -1.34665901e-16+0.j
 -1.11495727e-16+0.j  4.89924335e-01+0.j  3.42320244e-17+0.j
  5.28812993e-02+0.j -1.68220345e-17+0.j  1.01310498e-01+0.j
  4.47355460e-17+0.j  4.47355460e-17+0.j  3.53416233e-17+0.j
  3.84870539e-17+0.j  3.42320244e-17+0.j -3.42320244e-17+0.j]
13: [ 0.25819889+0.0000000e+00j  0.51639778+0.0000000e+00j
  0.12013302+0.0000000e+00j  0.71762219+0.0000000e+00j
 -0.00552971+0.0000000e+00j -0.01829857+0.0000000e+00j
  0.014467  +0.0000000e+00j -0.03421541+0.0000000e+00j
 -0.03244533+0.0000000e+00j -0.01270783+2.9911131e-06j
 -0.01270783-2.9911131e-06j -0.01829802+0.0000000e+00j
 -0.01824478+0.0000000e+00j -0.01829857+0.0000000e+00j
  0.01829857+0.0000000e+00j]
14: [ 2.58198890e-01+0.j         -1.29099445e-01+0.j
  7.33435068e-17+0.j          2.66782885e-17+0.j
 -2.61678598e-01+0.j          4.64421447e-17+0.j
 -7.78074614e-02+0.j         -8.32164988e-03+0.j
  4.30680726e-01+0.j         -2.78205479e-02-0.06411239j
 -2.78205479e-02+0.06411239j  4.66271234e-17+0.j
  3.92620109e-17+0.j          4.64421447e-17+0.j
 -4.64421447e-17+0.j        ]
15: [ 2.58198890e-01+0.00000000e+00j  5.16397779e-01+0.00000000e+00j
  6.39344702e-01+0.00000000e+00j -2.15222115e-02+0.00000000e+00j
 -5.52971440e-03+0.00000000e+00j  1.04023160e-03+0.00000000e+00j
  1.44670034e-02+0.00000000e+00j -7.59473337e-03+0.00000000e+00j
 -3.24453324e-02+0.00000000e+00j  5.42513538e-04+2.98115437e-05j
  5.42513538e-04-2.98115437e-05j  1.04020032e-03+0.00000000e+00j
  1.03717385e-03+0.00000000e+00j  1.04023160e-03+0.00000000e+00j
 -1.04023160e-03+0.00000000e+00j]

n= 3
o= 3
p= 3
q= 3
r= 4
[0 0 0 1 1 1 1 1 1 1 1 1 1 1 1 1]
[0 0 0 1 1 1 1 1 1 1 1 1 1 1 1 1]
[0 0 0 1 1 1 1 1 1 1 1 1 1 1 1 1]
[1 1 1 0 0 0 1 1 1 1 1 1 1 1 1 1]
[1 1 1 0 0 0 1 1 1 1 1 1 1 1 1 1]
[1 1 1 0 0 0 1 1 1 1 1 1 1 1 1 1]
[1 1 1 1 1 1 0 0 0 1 1 1 1 1 1 1]
[1 1 1 1 1 1 0 0 0 1 1 1 1 1 1 1]
[1 1 1 1 1 1 0 0 0 1 1 1 1 1 1 1]
[1 1 1 1 1 1 1 1 1 0 0 0 1 1 1 1]
[1 1 1 1 1 1 1 1 1 0 0 0 1 1 1 1]
[1 1 1 1 1 1 1 1 1 0 0 0 1 1 1 1]
[1 1 1 1 1 1 1 1 1 1 1 1 0 0 0 0]
[1 1 1 1 1 1 1 1 1 1 1 1 0 0 0 0]
[1 1 1 1 1 1 1 1 1 1 1 1 0 0 0 0]
[1 1 1 1 1 1 1 1 1 1 1 1 0 0 0 0]

Eigenvalues: 
1: -3.7613558209291513
2: -3.000000000000002
3: -2.9999999999999996
4: -2.9999999999999996
5: -3.5419940644500417e-16
6: -1.0248821256232864e-16
7: -3.3715667921989654e-32
8: 0.0
9: 0.0
10: 0.0
11: 0.0
12: 3.5691935089420755e-33
13: 3.0808945072124475e-17
14: 8.142496926839298e-17
15: 8.460525066178535e-16
16: 12.761355820929163

Eigenvectors: 
1: [-2.53698047e-01 -4.35122917e-17  1.66666667e-01  1.37733925e-01
 -4.34001425e-01 -4.93245083e-01  4.42138158e-01 -8.21794475e-02
 -2.24429656e-01 -3.39705177e-03 -4.86999144e-02 -6.96700404e-03
 -3.54931573e-04 -3.54931573e-04  3.54931573e-04  3.54931573e-04]
2: [-2.53698047e-01  5.58683853e-17  1.66666667e-01  1.37733925e-01
 -1.64441588e-17  7.32393074e-17 -1.08978853e-01  4.61555238e-01
 -1.89074099e-01  8.01665042e-01  3.27591215e-01  4.68651609e-02
  2.38752915e-03  2.38752915e-03 -2.38752915e-03 -2.38752915e-03]
3: [-2.53698047e-01  4.08248290e-01 -5.00000000e-01  1.37733925e-01
  4.97567210e-01 -4.97084332e-01  2.11345336e-02 -4.54942094e-02
  5.56067395e-02 -9.71926252e-02 -3.84796696e-02 -5.50489703e-03
 -2.80445045e-04 -2.80445045e-04  2.80445045e-04  2.80445045e-04]
4: [-2.53698047e-01  5.58683853e-17  1.66666667e-01  1.37733925e-01
 -9.36229149e-17  1.53390892e-17 -1.08978853e-01  4.61555238e-01
  9.45370497e-02 -4.00832521e-01  4.25458875e-01  6.08660969e-02
  3.10080191e-03  3.10080191e-03 -3.10080191e-03 -3.10080191e-03]
5: [-2.53698047e-01 -4.35665018e-17  1.66666667e-01  1.37733925e-01
  4.02414638e-01  3.85721787e-01  4.42138158e-01 -8.21794475e-02
 -5.44838981e-01 -7.66137439e-02 -2.37450491e-01 -3.39696394e-02
 -1.73057134e-03 -1.73057134e-03  1.73057134e-03  1.73057134e-03]
6: [-2.53698047e-01  5.58683853e-17  1.66666667e-01  1.37733925e-01
  9.90170422e-17  1.32171507e-16 -3.54293838e-01 -3.33881582e-01
 -5.03504154e-18 -6.68235111e-17 -1.01375194e-16 -8.08098125e-01
 -2.27439037e-02 -2.27439037e-02  2.27439037e-02  2.27439037e-02]
7: [-2.53698047e-01  5.58683853e-17  1.66666667e-01  1.37733925e-01
  9.90170422e-17  1.32171507e-16 -3.54293838e-01 -3.33881582e-01
 -1.61411768e-17 -9.21748743e-18 -1.29608800e-16  4.04049063e-01
  7.18185561e-01  7.18185561e-01 -7.18185561e-01 -7.18185561e-01]
8: [-2.38562157e-01 -2.57731811e-17 -3.14052517e-16 -4.39417907e-01
  7.58169359e-17 -4.14933143e-18 -3.18509150e-16  1.37775812e-16
  5.43547345e-18  5.73756290e-19  2.82092240e-18  6.41672794e-18
  3.95957707e-18  3.95957707e-18 -3.95957707e-18 -3.95957707e-18]
9: [-2.38562157e-01 -2.57731811e-17 -3.14052517e-16 -4.39417907e-01
  7.58169359e-17 -4.14933143e-18 -3.18509150e-16  1.37775812e-16
  5.43547345e-18  5.73756290e-19  2.82092240e-18  6.41672794e-18
  3.95957707e-18  3.95957707e-18 -3.95957707e-18 -3.95957707e-18]
10: [-2.38562157e-01 -2.57731811e-17 -3.14052517e-16 -4.39417907e-01
  7.58169359e-17 -4.14933143e-18 -3.18509150e-16  1.37775812e-16
  5.43547345e-18  5.73756290e-19  2.82092240e-18  6.41672794e-18
  3.95957707e-18  3.95957707e-18 -3.95957707e-18 -3.95957707e-18]
11: [-2.38562157e-01 -2.57731811e-17 -3.14052517e-16 -4.39417907e-01
  7.58169359e-17 -4.14933143e-18 -3.18509150e-16  1.37775812e-16
  5.43547345e-18  5.73756290e-19  2.82092240e-18  6.41672794e-18
  3.95957707e-18  3.95957707e-18 -3.95957707e-18 -3.95957707e-18]
12: [-2.53698047e-01  5.58683853e-17  1.66666667e-01  1.37733925e-01
  9.90170422e-17  1.32171507e-16 -3.54293838e-01 -3.33881582e-01
 -2.50200933e-17 -2.12515541e-17  6.55609567e-17  4.04049063e-01
 -6.95441657e-01 -6.95441657e-01  6.95441657e-01  6.95441657e-01]
13: [-2.53698047e-01  5.58683853e-17  1.66666667e-01  1.37733925e-01
 -8.87992426e-17  1.89578528e-17 -1.08978853e-01  4.61555238e-01
  9.45370497e-02 -4.00832521e-01 -7.53050091e-01 -1.07731258e-01
 -5.48833107e-03 -5.48833107e-03  5.48833107e-03  5.48833107e-03]
14: [-2.53698047e-01 -4.35665018e-17  1.66666667e-01  1.37733925e-01
  3.15867867e-02  1.07523295e-01  4.42138158e-01 -8.21794475e-02
  7.69268637e-01  8.00107957e-02  2.86150405e-01  4.09366434e-02
  2.08550291e-03  2.08550291e-03 -2.08550291e-03 -2.08550291e-03]
15: [-2.53698047e-01  4.08248290e-01 -5.00000000e-01  1.37733925e-01
 -6.21173055e-01  5.84494159e-01  2.11345336e-02 -4.54942094e-02
 -6.48566552e-02  1.17687546e-01  4.86235238e-02  6.95607562e-03
  3.54374828e-04  3.54374828e-04 -3.54374828e-04 -3.54374828e-04]
16: [-2.53698047e-01 -8.16496581e-01 -5.00000000e-01  1.37733925e-01
  1.23605845e-01 -8.74098271e-02  2.11345336e-02 -4.54942094e-02
  9.24991574e-03 -2.04949204e-02 -1.01438542e-02 -1.45117859e-03
 -7.39297832e-05 -7.39297832e-05  7.39297832e-05  7.39297832e-05]

n= 3
o= 3
p= 3
q= 4
r= 4
[0 0 0 1 1 1 1 1 1 1 1 1 1 1 1 1 1]
[0 0 0 1 1 1 1 1 1 1 1 1 1 1 1 1 1]
[0 0 0 1 1 1 1 1 1 1 1 1 1 1 1 1 1]
[1 1 1 0 0 0 1 1 1 1 1 1 1 1 1 1 1]
[1 1 1 0 0 0 1 1 1 1 1 1 1 1 1 1 1]
[1 1 1 0 0 0 1 1 1 1 1 1 1 1 1 1 1]
[1 1 1 1 1 1 0 0 0 1 1 1 1 1 1 1 1]
[1 1 1 1 1 1 0 0 0 1 1 1 1 1 1 1 1]
[1 1 1 1 1 1 0 0 0 1 1 1 1 1 1 1 1]
[1 1 1 1 1 1 1 1 1 0 0 0 0 1 1 1 1]
[1 1 1 1 1 1 1 1 1 0 0 0 0 1 1 1 1]
[1 1 1 1 1 1 1 1 1 0 0 0 0 1 1 1 1]
[1 1 1 1 1 1 1 1 1 0 0 0 0 1 1 1 1]
[1 1 1 1 1 1 1 1 1 1 1 1 1 0 0 0 0]
[1 1 1 1 1 1 1 1 1 1 1 1 1 0 0 0 0]
[1 1 1 1 1 1 1 1 1 1 1 1 1 0 0 0 0]
[1 1 1 1 1 1 1 1 1 1 1 1 1 0 0 0 0]

Eigenvalues: 
1: (-4+0j)
2: (-3.544003745317531+0j)
3: (-3.0000000000000013+0j)
4: (-3.0000000000000013+0j)
5: (-4.397238264126551e-16+0j)
6: (-3.244065303235946e-16+0j)
7: (-3.244065303235946e-16+0j)
8: (-9.534323597446767e-17+0j)
9: (-1.599514785975101e-65+0j)
10: (1.6191379540117087e-51+0j)
11: (4.9671909581612204e-49+0j)
12: (7.271782634655485e-35+0j)
13: (7.271782634655485e-35+0j)
14: (2.307766226373064e-32+0j)
15: (8.091728771742063e-18+0j)
16: (8.091728771742063e-18+0j)
17: (13.54400374531753+0j)

Eigenvectors: 
1: [ 2.49114113e-01+0.j         -2.62381089e-17+0.j
 -2.35702260e-01+0.j          2.21479727e-01+0.j
  3.06751429e-16+0.j          4.05241313e-01+0.j
 -4.03397050e-02-0.09763134j -4.03397050e-02+0.09763134j
  6.28835296e-01+0.j         -5.46095523e-01+0.12303648j
 -5.46095523e-01-0.12303648j -4.55461638e-16+0.j
 -2.03374754e-16+0.j         -2.03374754e-16+0.j
  3.02501157e-04+0.j          1.02121039e-05+0.j
  3.60098696e-16+0.j        ]
2: [ 2.49114113e-01+0.j         -2.62381089e-17+0.j
 -2.35702260e-01+0.j          2.21479727e-01+0.j
  4.03895944e-16+0.j          4.05241313e-01+0.j
 -1.29351245e-01-0.26910513j -1.29351245e-01+0.26910513j
 -1.30856744e-01+0.j          4.05898905e-01+0.04427611j
  4.05898905e-01-0.04427611j  2.04376881e-16+0.j
  1.67188326e-16+0.j          1.67188326e-16+0.j
  1.54382066e-04+0.j          5.21176748e-06+0.j
  6.23085734e-16+0.j        ]
3: [ 2.49114113e-01+0.j         -4.08248290e-01+0.j
  4.71404521e-01+0.j          2.21479727e-01+0.j
 -1.23393642e-16+0.j          5.94893742e-03+0.j
  1.86260953e-01-0.25975135j  1.86260953e-01+0.25975135j
 -2.53763233e-02+0.j         -6.38487701e-02-0.02098577j
 -6.38487701e-02+0.02098577j -4.65567864e-17+0.j
  3.17543278e-17+0.j          3.17543278e-17+0.j
  2.47227967e-04+0.j          8.34614223e-06+0.j
 -9.79580920e-04+0.j        ]
4: [ 2.49114113e-01+0.j         -2.62381089e-17+0.j
 -2.35702260e-01+0.j          2.21479727e-01+0.j
  2.00061847e-16+0.j          4.05241313e-01+0.j
  1.69690950e-01+0.36673648j  1.69690950e-01-0.36673648j
 -4.97978553e-01+0.j          1.40196619e-01-0.16731258j
  1.40196619e-01+0.16731258j  1.93553782e-16+0.j
  2.97931975e-17+0.j          2.97931975e-17+0.j
 -4.56883222e-04+0.j         -1.54238713e-05+0.j
 -9.15466530e-16+0.j        ]
5: [ 2.49114113e-01+0.j         -4.08248290e-01+0.j
  4.71404521e-01+0.j          2.21479727e-01+0.j
 -6.40959901e-17+0.j          5.94893742e-03+0.j
 -1.79045145e-01+0.02561894j -1.79045145e-01-0.02561894j
  1.33310169e-02+0.j          6.53014814e-02+0.01685063j
  6.53014814e-02-0.01685063j  4.69972820e-17+0.j
  1.25409951e-17+0.j          1.25409951e-17+0.j
 -3.71602884e-05+0.j         -1.25449016e-06+0.j
 -9.79580920e-04+0.j        ]
6: [ 2.49114113e-01+0.j          2.38448317e-17+0.j
 -2.35702260e-01+0.j          2.21479727e-01+0.j
 -4.22711646e-16+0.j         -4.11190250e-01+0.j
  6.72116299e-03+0.00428758j  6.72116299e-03-0.00428758j
  2.88636531e-02+0.j         -2.37342626e-02+0.08952076j
 -2.37342626e-02-0.08952076j -2.57380652e-16+0.j
 -5.65205881e-18+0.j         -5.65205881e-18+0.j
  6.23071575e-04+0.j          2.10342060e-05+0.j
  1.47733779e-15+0.j        ]
7: [ 2.49114113e-01+0.j          2.38448317e-17+0.j
 -2.35702260e-01+0.j          2.21479727e-01+0.j
 -3.68644735e-16+0.j         -4.11190250e-01+0.j
 -3.36058150e-03-0.00214379j -3.36058150e-03+0.00214379j
 -1.44318266e-02+0.j          1.18671313e-02-0.04476038j
  1.18671313e-02+0.04476038j  6.95557018e-01+0.j
 -1.54342821e-03-0.19068049j -1.54342821e-03+0.19068049j
 -2.19580527e-01+0.j         -7.41279527e-03+0.j
 -5.21318172e-13+0.j        ]
8: [ 2.49114113e-01+0.j          2.38448317e-17+0.j
 -2.35702260e-01+0.j          2.21479727e-01+0.j
 -3.68644735e-16+0.j         -4.11190250e-01+0.j
 -3.36058150e-03-0.00214379j -3.36058150e-03+0.00214379j
 -1.44318266e-02+0.j          1.18671313e-02-0.04476038j
  1.18671313e-02+0.04476038j -6.95557018e-01+0.j
  1.54342821e-03+0.19068049j  1.54342821e-03-0.19068049j
  2.18957455e-01+0.j          7.39176107e-03+0.j
  5.19809814e-13+0.j        ]
9: [ 2.34914726e-01+0.j  9.86880976e-17+0.j -1.68677430e-16+0.j
 -2.64225418e-01+0.j  3.53553391e-01+0.j -1.03535676e-16+0.j
 -6.40248811e-01+0.j -6.40248811e-01+0.j -5.02924160e-01+0.j
 -5.81159438e-01+0.j -5.81159438e-01+0.j -4.88396766e-16+0.j
 -1.48973158e-16+0.j -1.48973158e-16+0.j -1.23144470e-04+0.j
 -4.15722085e-06+0.j -2.16546561e-16+0.j]
10: [ 2.34914726e-01+0.j -6.94072254e-18+0.j -2.64575415e-17+0.j
 -2.64225418e-01+0.j  3.53553391e-01+0.j -3.94752873e-16+0.j
  2.13416270e-01+0.j  2.13416270e-01+0.j  1.67641387e-01+0.j
  1.93719813e-01+0.j  1.93719813e-01+0.j  1.57791149e-16+0.j
  8.25558573e-18+0.j  8.25558573e-18+0.j -1.76189234e-03+0.j
 -5.94795332e-05+0.j -7.07104746e-01+0.j]
11: [ 2.34914726e-01+0.j -6.94072254e-18+0.j -2.64575415e-17+0.j
 -2.64225418e-01+0.j  3.53553391e-01+0.j -3.94752873e-16+0.j
  2.13416270e-01+0.j  2.13416270e-01+0.j  1.67641387e-01+0.j
  1.93719813e-01+0.j  1.93719813e-01+0.j  1.57791149e-16+0.j
  8.25558573e-18+0.j  8.25558573e-18+0.j -1.76189234e-03+0.j
 -5.94795332e-05+0.j  7.07104746e-01+0.j]
12: [ 2.34914726e-01+0.j          2.34863950e-17+0.j
 -2.65841491e-16+0.j         -2.64225418e-01+0.j
 -3.53553391e-01+0.j          2.23792413e-16+0.j
 -3.60688078e-17+0.j         -3.60688078e-17+0.j
 -6.08509889e-17+0.j         -2.13989080e-17+0.j
 -2.13989080e-17+0.j         -5.03996652e-02+0.j
 -2.84759546e-01+0.26078788j -2.84759546e-01-0.26078788j
  4.54605367e-01+0.j          7.22427250e-01+0.j
  1.08007324e-12+0.j        ]
13: [ 2.34914726e-01+0.j -6.94072254e-18+0.j -2.64575415e-17+0.j
 -2.64225418e-01+0.j  3.53553391e-01+0.j -3.94752873e-16+0.j
  2.13416270e-01+0.j  2.13416270e-01+0.j  1.67641387e-01+0.j
  1.93719813e-01+0.j  1.93719813e-01+0.j  1.57407914e-16+0.j
  1.23625831e-16+0.j  1.23625831e-16+0.j  3.64692915e-03+0.j
  1.23116287e-04+0.j  8.18035266e-15+0.j]
14: [ 2.34914726e-01+0.j          2.34863950e-17+0.j
 -2.65841491e-16+0.j         -2.64225418e-01+0.j
 -3.53553391e-01+0.j          2.23792413e-16+0.j
 -3.60688078e-17+0.j         -3.60688078e-17+0.j
 -6.08509889e-17+0.j         -2.13989080e-17+0.j
 -2.13989080e-17+0.j         -5.03996652e-02+0.j
 -2.84759546e-01+0.26078788j -2.84759546e-01-0.26078788j
  4.76907128e-01+0.j         -6.90980420e-01+0.j
  1.13010113e-12+0.j        ]
15: [ 2.34914726e-01+0.j          2.34863950e-17+0.j
 -2.65841491e-16+0.j         -2.64225418e-01+0.j
 -3.53553391e-01+0.j          2.23792413e-16+0.j
 -3.11179771e-17+0.j         -3.11179771e-17+0.j
  1.78027146e-16+0.j         -5.91785299e-17+0.j
 -5.91785299e-17+0.j          1.55851938e-01+0.j
 -2.73808415e-02-0.52157575j -2.73808415e-02+0.52157575j
 -5.99654473e-01+0.j         -2.02436705e-02+0.j
 -1.42292201e-12+0.j        ]
16: [ 2.34914726e-01+0.j  2.34863950e-17+0.j -2.65841491e-16+0.j
 -2.64225418e-01+0.j -3.53553391e-01+0.j  2.23792413e-16+0.j
 -3.61669530e-17+0.j -3.61669530e-17+0.j -5.47925747e-17+0.j
 -2.20447313e-17+0.j -2.20447313e-17+0.j -5.50526072e-02+0.j
  5.96899933e-01+0.j  5.96899933e-01+0.j -3.31858023e-01+0.j
 -1.12031591e-02+0.j -7.87190067e-13+0.j]
17: [ 2.49114113e-01+0.j          8.16496581e-01+0.j
  4.71404521e-01+0.j          2.21479727e-01+0.j
 -8.08747087e-17+0.j          5.94893742e-03+0.j
 -7.21580794e-03+0.23413241j -7.21580794e-03-0.23413241j
  1.20453065e-02+0.j         -1.45271131e-03+0.00413514j
 -1.45271131e-03-0.00413514j -6.11196681e-18+0.j
 -1.54581790e-17+0.j         -1.54581790e-17+0.j
 -2.10067679e-04+0.j         -7.09165207e-06+0.j
  1.95916184e-03+0.j        ]

n= 3
o= 3
p= 4
q= 4
r= 4
[0 0 0 1 1 1 1 1 1 1 1 1 1 1 1 1 1 1]
[0 0 0 1 1 1 1 1 1 1 1 1 1 1 1 1 1 1]
[0 0 0 1 1 1 1 1 1 1 1 1 1 1 1 1 1 1]
[1 1 1 0 0 0 1 1 1 1 1 1 1 1 1 1 1 1]
[1 1 1 0 0 0 1 1 1 1 1 1 1 1 1 1 1 1]
[1 1 1 0 0 0 1 1 1 1 1 1 1 1 1 1 1 1]
[1 1 1 1 1 1 0 0 0 0 1 1 1 1 1 1 1 1]
[1 1 1 1 1 1 0 0 0 0 1 1 1 1 1 1 1 1]
[1 1 1 1 1 1 0 0 0 0 1 1 1 1 1 1 1 1]
[1 1 1 1 1 1 0 0 0 0 1 1 1 1 1 1 1 1]
[1 1 1 1 1 1 1 1 1 1 0 0 0 0 1 1 1 1]
[1 1 1 1 1 1 1 1 1 1 0 0 0 0 1 1 1 1]
[1 1 1 1 1 1 1 1 1 1 0 0 0 0 1 1 1 1]
[1 1 1 1 1 1 1 1 1 1 0 0 0 0 1 1 1 1]
[1 1 1 1 1 1 1 1 1 1 1 1 1 1 0 0 0 0]
[1 1 1 1 1 1 1 1 1 1 1 1 1 1 0 0 0 0]
[1 1 1 1 1 1 1 1 1 1 1 1 1 1 0 0 0 0]
[1 1 1 1 1 1 1 1 1 1 1 1 1 1 0 0 0 0]

Eigenvalues: 
1: (-4.000000000000004+0j)
2: (-3.999999999999999+0j)
3: (-3.3459030064770694+0j)
4: (-3.0000000000000004+0j)
5: (-5.858291658276741e-16+0j)
6: (-3.676673488500377e-16+0j)
7: (-1.9933331457382438e-16+0j)
8: (-1.8896545349269347e-33+0j)
9: (-4.344142365527921e-37+0j)
10: (-8.72965703412637e-86+0j)
11: (5.516792020144439e-52+0j)
12: (2.84860635132763e-49+0j)
13: (8.96759177199363e-33+0j)
14: (1.9147073339711698e-28+0j)
15: (1.1782755890601926e-16+0j)
16: (1.1782755890601926e-16+0j)
17: (2.8969255447268333e-16+0j)
18: (14.345903006477055+0j)

Eigenvectors: 
1: [ 2.31176043e-01+0.j         -1.72890053e-01+0.j
 -4.21364295e-16+0.j          7.85242333e-17+0.j
 -7.35328402e-17+0.j          1.22153702e-16+0.j
  2.04124145e-01+0.j          3.53983489e-01+0.j
  2.39273811e-01+0.j          4.90669923e-01+0.05351272j
  4.90669923e-01-0.05351272j -3.16276651e-01+0.j
 -4.55056547e-05+0.j          9.42832565e-06+0.j
 -3.50151615e-08+0.j          6.98240587e-03+0.j
 -6.72214790e-06+0.j          1.54173434e-09+0.j        ]
2: [ 2.31176043e-01+0.j         -1.72890053e-01+0.j
 -4.21364295e-16+0.j          5.30714881e-17+0.j
 -5.55661729e-17+0.j          7.18008494e-17+0.j
  2.04124145e-01+0.j          3.53983489e-01+0.j
 -7.97579369e-02+0.j         -1.63556641e-01-0.01783757j
 -1.63556641e-01+0.01783757j -4.27969617e-01+0.j
 -6.15759573e-05+0.j          1.27579349e-05+0.j
 -4.73807511e-08+0.j         -3.10189386e-02+0.j
  2.99330780e-05+0.j          2.08788198e-09+0.j        ]
3: [ 2.44503458e-01+0.j          3.26932295e-01+0.j
  4.08248290e-01+0.j         -1.78458748e-01+0.j
  4.58816821e-01+0.j          1.15853552e-01+0.j
  4.23824847e-17+0.j         -2.61628710e-17+0.j
  1.91127106e-02+0.j         -9.07349801e-02+0.00300486j
 -9.07349801e-02-0.00300486j -5.62514756e-02+0.j
 -8.09342141e-06+0.j          1.67687759e-06+0.j
 -6.22763171e-09+0.j         -1.92680650e-03+0.j
  1.86049412e-06+0.j          2.74337456e-10+0.j        ]
4: [ 2.44503458e-01+0.j          3.26932295e-01+0.j
  4.08248290e-01+0.j          4.21326624e-01+0.j
 -3.68678908e-01+0.j         -1.30614139e-01+0.j
 -2.75184314e-17+0.j          2.43113851e-17+0.j
 -4.57207967e-03+0.j          1.06831031e-01-0.00326011j
  1.06831031e-01+0.00326011j  7.36148807e-02+0.j
  1.05916555e-05+0.j         -2.19448721e-06+0.j
  8.14994383e-09+0.j          5.75108621e-04+0.j
 -5.57495863e-07+0.j         -3.58937502e-10+0.j        ]
5: [ 2.44503458e-01+0.j          3.26932295e-01+0.j
 -4.08248290e-01+0.j          6.12694926e-03+0.j
 -8.62451501e-03+0.j         -3.12569647e-03+0.j
  1.16519371e-16+0.j         -8.05857218e-17+0.j
  6.79764816e-01+0.j         -4.19611851e-01-0.09974938j
 -4.19611851e-01+0.09974938j -4.15773376e-01+0.j
 -5.98211711e-05+0.j          1.23943603e-05+0.j
 -4.60304986e-08+0.j         -2.84125412e-02+0.j
  2.74188328e-05+0.j          2.02830999e-09+0.j        ]
6: [ 2.31176043e-01+0.j         -1.72890053e-01+0.j
 -4.21364295e-16+0.j          5.30714881e-17+0.j
 -5.55661729e-17+0.j          7.18008494e-17+0.j
  2.04124145e-01+0.j          3.53983489e-01+0.j
 -7.97579369e-02+0.j         -1.63556641e-01-0.01783757j
 -1.63556641e-01+0.01783757j  3.72223436e-01+0.j
 -7.06795722e-01+0.j          1.65829602e-01+0.j
 -3.04642029e-06+0.j          3.68964458e-01+0.j
 -3.55782912e-04+0.j          8.89919178e-09+0.j        ]
7: [ 2.44503458e-01+0.j          3.26932295e-01+0.j
 -4.08248290e-01+0.j         -2.24969459e-02+0.j
  2.44794259e-02+0.j         -1.40123015e-02+0.j
  1.98942859e-16+0.j          9.29446548e-19+0.j
 -1.95289189e-01+0.j         -1.16654943e-01+0.09974938j
 -1.16654943e-01-0.09974938j  2.33317443e-01+0.j
  3.35695440e-05+0.j         -6.95528051e-06+0.j
  2.58307021e-08+0.j         -2.03718871e-02+0.j
  1.96390074e-05+0.j         -1.13670452e-09+0.j        ]
8: [ 2.31176043e-01+0.j -1.72890053e-01+0.j -4.21364295e-16+0.j
  2.12286301e-17+0.j -3.05944503e-17+0.j  1.76516908e-17+0.j
  2.04124145e-01+0.j -3.53121717e-01+0.j -1.75906289e-17+0.j
  1.86588792e-17+0.j  1.86588792e-17+0.j  2.99391749e-07+0.j
 -7.84508089e-03+0.j  2.80155978e-01+0.j -4.08242006e-01+0.j
 -2.91226639e-01+0.j  7.07312795e-01+0.j  1.42064173e-08+0.j]
9: [ 2.31176043e-01+0.j         -1.72890053e-01+0.j
 -5.46264379e-16+0.j          4.27445879e-01+0.j
 -4.01407879e-01+0.j          4.92138243e-01+0.j
 -4.08248290e-01+0.j         -8.61771748e-04+0.j
  2.16870770e-01+0.j         -1.75216403e-01+0.09391546j
 -1.75216403e-01-0.09391546j -2.06385713e-01+0.j
 -2.96946263e-05+0.j          6.15243553e-06+0.j
 -2.28490756e-08+0.j          2.53333318e-01+0.j
 -2.44323029e-04+0.j          9.95698911e-10+0.j        ]
10: [ 2.31176043e-01+0.j         -1.72890053e-01+0.j
 -4.49119864e-16+0.j         -4.27445879e-01+0.j
  4.01407879e-01+0.j         -4.92138243e-01+0.j
 -4.08248290e-01+0.j         -8.61771748e-04+0.j
 -2.16870770e-01+0.j          1.75216403e-01-0.09391546j
  1.75216403e-01+0.09391546j  2.06385713e-01+0.j
  2.96946263e-05+0.j         -6.15243553e-06+0.j
  2.28490754e-08+0.j          4.82381769e-02+0.j
 -4.65319182e-05+0.j          7.07106780e-01+0.j        ]
11: [ 2.31176043e-01+0.j         -1.72890053e-01+0.j
 -5.46264379e-16+0.j          4.27445879e-01+0.j
 -4.01407879e-01+0.j          4.92138243e-01+0.j
 -4.08248290e-01+0.j         -8.61771748e-04+0.j
  2.16870770e-01+0.j         -1.75216403e-01+0.09391546j
 -1.75216403e-01-0.09391546j -2.06385713e-01+0.j
 -2.96946263e-05+0.j          6.15243553e-06+0.j
 -2.28490751e-08+0.j         -3.49809671e-01+0.j
  3.37386865e-04+0.j          1.02080848e-09+0.j        ]
12: [ 2.31176043e-01+0.j         -1.72890053e-01+0.j
 -4.49119864e-16+0.j         -4.27445879e-01+0.j
  4.01407879e-01+0.j         -4.92138243e-01+0.j
 -4.08248290e-01+0.j         -8.61771748e-04+0.j
 -2.16870770e-01+0.j          1.75216403e-01-0.09391546j
  1.75216403e-01+0.09391546j  2.06385713e-01+0.j
  2.96946263e-05+0.j         -6.15243553e-06+0.j
  2.28490754e-08+0.j          4.82381769e-02+0.j
 -4.65319182e-05+0.j         -7.07106782e-01+0.j        ]
13: [ 2.31176043e-01+0.j -1.72890053e-01+0.j -4.21364295e-16+0.j
  2.12286301e-17+0.j -3.05944503e-17+0.j  1.76516908e-17+0.j
  2.04124145e-01+0.j -3.53121717e-01+0.j -1.75906289e-17+0.j
  1.86588792e-17+0.j  1.86588792e-17+0.j  2.99391749e-07+0.j
 -7.84508089e-03+0.j  2.80155978e-01+0.j -4.08242006e-01+0.j
 -1.36922004e-01+0.j -7.06900118e-01+0.j -4.68383027e-08+0.j]
14: [ 2.31176043e-01+0.j -1.72890053e-01+0.j -4.21364295e-16+0.j
  2.12286301e-17+0.j -3.05944503e-17+0.j  1.76516908e-17+0.j
  2.04124145e-01+0.j -3.53121717e-01+0.j -1.75902981e-17+0.j
  1.87691719e-17+0.j  1.87691719e-17+0.j  2.48136851e-07+0.j
 -7.67969171e-03+0.j  2.81557579e-01+0.j  8.16502865e-01+0.j
  6.34702607e-01+0.j -6.11878723e-04+0.j  3.41981158e-08+0.j]
15: [ 2.31176043e-01+0.j         -1.72890053e-01+0.j
 -4.21364295e-16+0.j          5.30714881e-17+0.j
 -5.55661729e-17+0.j          7.18008494e-17+0.j
  2.04124145e-01+0.j          3.53983489e-01+0.j
 -7.97579369e-02+0.j         -1.63556641e-01-0.01783757j
 -1.63556641e-01+0.01783757j  3.72022832e-01+0.j
  7.06902804e-01+0.j         -1.65851788e-01+0.j
  3.12881621e-06+0.j         -3.44927926e-01+0.j
  3.32571982e-04+0.j         -1.25288081e-08+0.j        ]
16: [ 2.31176043e-01+0.j -1.72890053e-01+0.j -4.21364295e-16+0.j
  2.12286301e-17+0.j -3.05944503e-17+0.j  1.76516908e-17+0.j
  2.04124145e-01+0.j -3.53121717e-01+0.j -1.74528490e-17+0.j
  6.46469126e-17+0.j  6.46469126e-17+0.j -8.46920348e-07+0.j
  2.33698535e-02+0.j -8.41869534e-01+0.j -1.88541050e-05+0.j
 -2.06553964e-01+0.j  1.99201537e-04+0.j -1.56623045e-09+0.j]
17: [ 2.44503458e-01+0.j  3.26932295e-01+0.j -4.08248290e-01+0.j
  1.63699966e-02+0.j -1.58549109e-02+0.j  1.71379980e-02+0.j
 -3.08742049e-16+0.j  3.59850087e-17+0.j -4.84475627e-01+0.j
  5.36266795e-01+0.j  5.36266795e-01+0.j  1.82455933e-01+0.j
  2.62516270e-05+0.j -5.43907983e-06+0.j  2.01997965e-08+0.j
  4.87844283e-02+0.j -4.70578402e-05+0.j -8.91605491e-10+0.j]
18: [ 2.44503458e-01+0.j          3.26932295e-01+0.j
  4.08248290e-01+0.j         -2.42867877e-01+0.j
 -9.01379122e-02+0.j          1.47605874e-02+0.j
  3.34510277e-18+0.j          5.33580649e-18+0.j
 -1.45406309e-02+0.j         -1.60960507e-02+0.00025525j
 -1.60960507e-02-0.00025525j -1.73634051e-02+0.j
 -2.49823411e-06+0.j          5.17609622e-07+0.j
 -1.92231211e-09+0.j          1.35169788e-03+0.j
 -1.30299826e-06+0.j          8.46000077e-11+0.j        ]

n= 3
o= 4
p= 4
q= 4
r= 4
[0 0 0 1 1 1 1 1 1 1 1 1 1 1 1 1 1 1 1]
[0 0 0 1 1 1 1 1 1 1 1 1 1 1 1 1 1 1 1]
[0 0 0 1 1 1 1 1 1 1 1 1 1 1 1 1 1 1 1]
[1 1 1 0 0 0 0 1 1 1 1 1 1 1 1 1 1 1 1]
[1 1 1 0 0 0 0 1 1 1 1 1 1 1 1 1 1 1 1]
[1 1 1 0 0 0 0 1 1 1 1 1 1 1 1 1 1 1 1]
[1 1 1 0 0 0 0 1 1 1 1 1 1 1 1 1 1 1 1]
[1 1 1 1 1 1 1 0 0 0 0 1 1 1 1 1 1 1 1]
[1 1 1 1 1 1 1 0 0 0 0 1 1 1 1 1 1 1 1]
[1 1 1 1 1 1 1 0 0 0 0 1 1 1 1 1 1 1 1]
[1 1 1 1 1 1 1 0 0 0 0 1 1 1 1 1 1 1 1]
[1 1 1 1 1 1 1 1 1 1 1 0 0 0 0 1 1 1 1]
[1 1 1 1 1 1 1 1 1 1 1 0 0 0 0 1 1 1 1]
[1 1 1 1 1 1 1 1 1 1 1 0 0 0 0 1 1 1 1]
[1 1 1 1 1 1 1 1 1 1 1 0 0 0 0 1 1 1 1]
[1 1 1 1 1 1 1 1 1 1 1 1 1 1 1 0 0 0 0]
[1 1 1 1 1 1 1 1 1 1 1 1 1 1 1 0 0 0 0]
[1 1 1 1 1 1 1 1 1 1 1 1 1 1 1 0 0 0 0]
[1 1 1 1 1 1 1 1 1 1 1 1 1 1 1 0 0 0 0]

Eigenvalues: 
1: -4.000000000000002
2: -4.000000000000001
3: -3.9999999999999996
4: -3.165151389911679
5: -8.873473526409642e-16
6: -4.440892098500626e-16
7: -2.6060548084897737e-16
8: -1.8067468860051873e-16
9: -1.6434368693716202e-16
10: -4.930380657631324e-32
11: -7.48235224815055e-33
12: -1.3095968463282807e-34
13: -2.3719945372268677e-81
14: 4.2188345223341577e-66
15: 5.573517456480297e-50
16: 6.923391052835662e-33
17: 2.920305068285832e-16
18: 3.47660584991614e-16
19: 15.165151389911674

Eigenvectors: 
1: [-2.27393771e-01  2.59452461e-17  1.03884902e-01  2.99904631e-17
 -2.05204106e-01 -1.70509322e-17  4.05271288e-17  1.22387415e-01
  3.51851214e-01  1.47841487e-01 -4.00982341e-01 -4.39569597e-01
  7.72163910e-01 -5.54199408e-02 -9.32391761e-03 -3.28667206e-03
 -5.13999758e-03 -3.49491307e-03  3.18782255e-03]
2: [-2.27393771e-01  2.59452461e-17  1.03884902e-01 -1.15617267e-17
 -2.05204106e-01 -2.06968862e-01  4.28312255e-01  2.03379420e-01
 -3.45458820e-01 -1.85015649e-01 -1.01772260e-01  5.47537828e-01
  1.81376812e-01 -1.40659875e-02 -2.36647869e-03 -8.34181481e-04
 -1.30456909e-03 -1.89616751e-02  1.84941973e-02]
3: [-2.27393771e-01  2.59452461e-17  1.03884902e-01  2.99904631e-17
 -2.05204106e-01  8.72515629e-18  9.44432765e-17  1.22387415e-01
  3.51851214e-01 -4.92804958e-02 -5.78281829e-01  1.46523199e-01
 -2.57387970e-01 -7.99245789e-02 -1.34466075e-02 -4.73991630e-03
 -7.41271348e-03 -2.12034295e-02  2.04122134e-02]
4: [-2.39911904e-01  4.08248290e-01 -5.25143420e-01  5.11167601e-01
  7.62335627e-17 -2.36388783e-01  6.00385935e-02  4.47872690e-18
 -3.05685702e-17  3.51366662e-01 -3.20010402e-02 -2.25512688e-02
 -3.10739732e-01 -4.42287746e-03 -7.44110232e-04 -2.62298147e-04
 -4.10205769e-04 -1.04692869e-03  1.00586902e-03]
5: [-2.27393771e-01  2.59452461e-17  1.03884902e-01 -1.15617267e-17
 -2.05204106e-01  1.52560470e-01  4.05125232e-01  2.03379420e-01
 -3.45458820e-01 -5.41664105e-01  7.98293840e-02 -5.22927698e-01
 -2.88235018e-02  1.10332533e-02  1.85624783e-03  6.54325589e-04
  1.02329404e-03  1.84623679e-02 -1.80183339e-02]
6: [-2.27393771e-01  2.59452461e-17  1.03884902e-01  1.11798348e-16
 -2.05204106e-01  4.79133361e-01 -3.10479740e-02  2.03379420e-01
 -3.45458820e-01  5.29443377e-01 -4.31084728e-02  1.86445379e-02
 -1.33997670e-01 -5.95804047e-03 -1.00238791e-03 -3.53340781e-04
 -5.52586544e-04 -3.28879262e-04  2.96874498e-04]
7: [-2.27393771e-01  2.59452461e-17  1.03884902e-01 -1.61664286e-18
  3.25720803e-03 -8.04021243e-18 -1.22608401e-17 -4.28021228e-01
  5.52781361e-02 -6.10923668e-17 -1.50158953e-16  7.09548968e-17
 -1.69039353e-16  2.35400434e-01 -1.22441297e-02  5.30928243e-01
  2.27904099e-15 -7.94790837e-02  9.24454120e-02]
8: [-2.39911904e-01  4.08248290e-01 -5.25143420e-01 -4.60205862e-01
 -9.99597410e-17  2.27320496e-01 -6.32638160e-02  1.25008597e-16
 -1.43633841e-17 -3.72529987e-01  3.73019760e-02  2.70747346e-01
  2.19128003e-01  5.15552206e-03  8.67371243e-04  3.05747536e-04
  4.78155886e-04  1.22035123e-03 -1.17249007e-03]
9: [-2.27393771e-01  2.59452461e-17  1.03884902e-01 -1.61664286e-18
  3.25720803e-03 -8.04021243e-18 -1.22608401e-17 -4.28021228e-01
  5.52781361e-02 -3.49405257e-17  1.50886113e-16  3.01084451e-17
 -9.57999044e-18 -6.67102554e-01  2.44847101e-02 -4.15563498e-02
 -2.38588115e-16  2.16946777e-02 -1.71491505e-02]
10: [-2.27393771e-01  2.59452461e-17  1.03884902e-01  2.99904631e-17
 -2.05204106e-01  8.72515629e-18  9.44432765e-17  1.22387415e-01
  3.51851214e-01 -4.92804958e-02  4.89632085e-01  1.46523199e-01
 -2.57387970e-01  5.07715063e-01  7.18009270e-01  5.50171999e-01
  6.27635553e-03 -9.72353656e-02  7.70184728e-02]
11: [-2.27393771e-01  2.59452461e-17  1.03884902e-01 -1.61664286e-18
  3.25720803e-03 -8.04021243e-18 -1.22608401e-17 -4.28021228e-01
  5.52781361e-02 -5.05436359e-17  4.49356546e-17  3.07629924e-17
  5.62721855e-17  2.15851060e-01 -6.12029021e-03 -2.44685946e-01
  7.07048685e-01 -6.64678931e-01  6.56570076e-01]
12: [-2.27393771e-01  2.59452461e-17  1.03884902e-01 -6.27089198e-01
  4.07151004e-01 -5.58766018e-01  2.98826761e-03  1.02254392e-01
 -6.16705302e-02  2.14468377e-01  6.71856416e-03 -1.53674524e-01
 -3.89166279e-03  9.28575626e-04  1.56224682e-04  5.50690515e-05
  8.61220060e-05  1.03177259e-02 -1.00914798e-02]
13: [-2.27393771e-01  2.59452461e-17  1.03884902e-01  2.09029733e-01
  4.07151004e-01  1.86255339e-01 -9.96089204e-04  1.02254392e-01
 -6.16705302e-02 -7.14894590e-02 -2.23952139e-03  5.12248413e-02
  1.29722093e-03 -3.09525209e-04 -5.20748940e-05 -1.83563505e-05
 -2.87073353e-05  1.02267449e-02 -3.11779904e-02]
14: [-2.27393771e-01  2.59452461e-17  1.03884902e-01  2.09029733e-01
  4.07151004e-01  1.86255339e-01 -9.96089204e-04  1.02254392e-01
 -6.16705302e-02 -7.14894590e-02 -2.23952139e-03  5.12248413e-02
  1.29722093e-03 -3.09525209e-04 -5.20748940e-05 -1.83563505e-05
 -2.87073353e-05  3.18634008e-02 -3.11779904e-02]
15: [-2.27393771e-01  2.59452461e-17  1.03884902e-01  2.09029733e-01
  4.07151004e-01  1.86255339e-01 -9.96089204e-04  1.02254392e-01
 -6.16705302e-02 -7.14894590e-02 -2.23952139e-03  5.12248413e-02
  1.29722093e-03 -3.09525209e-04 -5.20748940e-05 -1.83563505e-05
 -2.87073353e-05 -5.24078716e-02  7.24474607e-02]
16: [-2.27393771e-01  2.59452461e-17  1.03884902e-01 -1.61664286e-18
  3.25720803e-03 -8.04021243e-18 -1.22608401e-17 -4.28021228e-01
  5.52781361e-02 -5.05436359e-17  4.49356546e-17  3.07629924e-17
  5.62721855e-17  2.15851060e-01 -6.12029021e-03 -2.44685946e-01
 -7.07048685e-01  7.22463337e-01 -7.31866337e-01]
17: [-2.27393771e-01  2.59452461e-17  1.03884902e-01  2.99904631e-17
 -2.05204106e-01  8.72515629e-18  9.44432765e-17  1.22387415e-01
  3.51851214e-01 -4.92804958e-02  4.89632085e-01  1.46523199e-01
 -2.57387970e-01 -3.72370543e-01 -6.95238745e-01 -5.42145411e-01
  6.27635553e-03  1.21933708e-01 -1.00618509e-01]
18: [-2.27393771e-01  2.59452461e-17  1.03884902e-01 -1.15617267e-17
 -2.05204106e-01 -4.24724969e-01 -8.02389513e-01  2.03379420e-01
 -3.45458820e-01  1.97236376e-01  6.50513485e-02 -4.32546680e-02
 -1.85556399e-02  8.99077470e-03  1.51261877e-03  5.33196673e-04
  8.33861594e-04  8.28186536e-04 -7.72737846e-04]
19: [-2.39911904e-01 -8.16496581e-01 -5.25143420e-01 -5.09617398e-02
 -1.71605846e-17  9.06828621e-03  3.22522250e-03  1.27715439e-17
 -2.26319141e-17  2.11633257e-02 -5.30093582e-03 -2.48196077e-01
  9.16117294e-02 -7.32644607e-04 -1.23261011e-04 -4.34493889e-05
 -6.79501178e-05 -1.73422543e-04  1.66621056e-04]

n= 4
o= 4
p= 4
q= 4
r= 4
[0 0 0 0 1 1 1 1 1 1 1 1 1 1 1 1 1 1 1 1]
[0 0 0 0 1 1 1 1 1 1 1 1 1 1 1 1 1 1 1 1]
[0 0 0 0 1 1 1 1 1 1 1 1 1 1 1 1 1 1 1 1]
[0 0 0 0 1 1 1 1 1 1 1 1 1 1 1 1 1 1 1 1]
[1 1 1 1 0 0 0 0 1 1 1 1 1 1 1 1 1 1 1 1]
[1 1 1 1 0 0 0 0 1 1 1 1 1 1 1 1 1 1 1 1]
[1 1 1 1 0 0 0 0 1 1 1 1 1 1 1 1 1 1 1 1]
[1 1 1 1 0 0 0 0 1 1 1 1 1 1 1 1 1 1 1 1]
[1 1 1 1 1 1 1 1 0 0 0 0 1 1 1 1 1 1 1 1]
[1 1 1 1 1 1 1 1 0 0 0 0 1 1 1 1 1 1 1 1]
[1 1 1 1 1 1 1 1 0 0 0 0 1 1 1 1 1 1 1 1]
[1 1 1 1 1 1 1 1 0 0 0 0 1 1 1 1 1 1 1 1]
[1 1 1 1 1 1 1 1 1 1 1 1 0 0 0 0 1 1 1 1]
[1 1 1 1 1 1 1 1 1 1 1 1 0 0 0 0 1 1 1 1]
[1 1 1 1 1 1 1 1 1 1 1 1 0 0 0 0 1 1 1 1]
[1 1 1 1 1 1 1 1 1 1 1 1 0 0 0 0 1 1 1 1]
[1 1 1 1 1 1 1 1 1 1 1 1 1 1 1 1 0 0 0 0]
[1 1 1 1 1 1 1 1 1 1 1 1 1 1 1 1 0 0 0 0]
[1 1 1 1 1 1 1 1 1 1 1 1 1 1 1 1 0 0 0 0]
[1 1 1 1 1 1 1 1 1 1 1 1 1 1 1 1 0 0 0 0]

Eigenvalues: 
1: -4.0
2: -4.0
3: -4.0
4: -3.9999999999999987
5: -3.839917824299454e-17
6: -2.0395934720264362e-32
7: -6.518819454374819e-66
8: -4.816774691971291e-98
9: 0.0
10: 0.0
11: 0.0
12: 4.5479917724696434e-113
13: 4.886327888525308e-81
14: 7.472843383523812e-64
15: 1.7203173361491303e-50
16: 5.3991232009194044e-33
17: 1.1786521617788552e-31
18: 1.912176878426583e-18
19: 2.327831507922082e-16
20: 16.000000000000007

Eigenvectors: 
1: [-0.2236068   0.28867513 -0.4472136   0.25231167  0.00985604 -0.25231167
 -0.01787353 -0.25231167 -0.0069051   0.79674847  0.00617395  0.25231167
 -0.25231167  0.25231167  0.25231167  0.25231167 -0.25231167 -0.25231167
 -0.25231167 -0.25231167]
2: [-2.23606798e-01 -1.18571099e-17  1.11803399e-01 -1.19627027e-17
 -1.46766521e-01  1.19627027e-17 -3.88061478e-01  1.19627027e-17
  1.02823970e-01  1.55303342e-01  3.93221303e-02  2.85659384e-17
  2.46171976e-16 -2.26912684e-17 -1.19627027e-17 -1.19627027e-17
  1.19627027e-17  1.19627027e-17  1.19627027e-17  1.19627027e-17]
3: [-2.23606798e-01 -1.18571099e-17  1.11803399e-01 -1.43615093e-17
 -1.46766521e-01  1.43615093e-17  3.02964415e-01  1.43615093e-17
  3.17638727e-01  2.03432175e-17 -3.68447779e-16 -1.43615093e-17
  1.43615093e-17 -1.43615093e-17 -1.43615093e-17 -1.43615093e-17
  1.43615093e-17  1.43615093e-17  1.43615093e-17  1.43615093e-17]
4: [-2.23606798e-01 -1.18571099e-17  1.11803399e-01 -1.31621060e-17
 -1.46766521e-01  1.31621060e-17 -3.88061478e-01  1.31621060e-17
  1.02823970e-01  8.37671142e-02  6.07768883e-03 -2.66716530e-17
 -6.49076517e-17 -9.58591742e-18 -1.31621060e-17 -1.31621060e-17
  1.31621060e-17  1.31621060e-17  1.31621060e-17  1.31621060e-17]
5: [-2.23606798e-01 -1.18571099e-17  1.11803399e-01 -1.43615093e-17
 -1.46766521e-01  1.43615093e-17  3.02964415e-01  1.43615093e-17
  3.17638727e-01 -5.24221237e-17  4.25761395e-16 -1.43615093e-17
  1.43615093e-17 -1.43615093e-17 -1.43615093e-17 -1.43615093e-17
  1.43615093e-17  1.43615093e-17  1.43615093e-17  1.43615093e-17]
6: [-2.23606798e-01 -1.18571099e-17  1.11803399e-01 -1.43615093e-17
 -1.46766521e-01  1.43615093e-17  3.02964415e-01  1.43615093e-17
  3.17638727e-01 -2.11700727e-17 -4.81440521e-18 -1.43615093e-17
  1.43615093e-17 -1.43615093e-17 -1.43615093e-17 -1.43615093e-17
  1.43615093e-17  1.43615093e-17  1.43615093e-17  1.43615093e-17]
7: [-2.23606798e-01 -1.18571099e-17  1.11803399e-01 -1.31621060e-17
 -1.46766521e-01  1.31621060e-17  8.31074266e-02  1.31621060e-17
 -3.69521305e-01  4.74024742e-18  2.41164044e-17 -1.31621060e-17
  1.31621060e-17 -1.31621060e-17 -1.31621060e-17 -1.31621060e-17
  1.31621060e-17  1.31621060e-17  1.31621060e-17  1.31621060e-17]
8: [-2.23606798e-01 -1.18571099e-17  1.11803399e-01 -1.32280595e-17
  4.30443519e-01  1.32280595e-17  1.98631618e-02  1.32280595e-17
 -4.40362908e-02  3.46429333e-17  1.96476042e-17 -1.32280595e-17
  1.32280595e-17 -1.32280595e-17 -1.32280595e-17 -1.32280595e-17
  1.32280595e-17  1.32280595e-17  1.32280595e-17  1.32280595e-17]
9: [-0.2236068   0.28867513 -0.4472136   0.25231167  0.00985604 -0.25231167
 -0.01787353 -0.25231167 -0.0069051  -0.46287421  0.35387132  0.25231167
 -0.25231167  0.25231167  0.25231167  0.25231167 -0.25231167 -0.25231167
 -0.25231167 -0.25231167]
10: [-2.23606798e-01 -1.18571099e-17  1.11803399e-01 -1.31621060e-17
 -1.46766521e-01  1.31621060e-17 -3.88061478e-01  1.31621060e-17
  1.02823970e-01 -8.27200216e-02 -4.13997513e-01 -2.66716530e-17
 -6.49076517e-17 -9.58591742e-18 -1.31621060e-17 -1.31621060e-17
  1.31621060e-17  1.31621060e-17  1.31621060e-17  1.31621060e-17]
11: [-2.23606798e-01 -1.18571099e-17  1.11803399e-01 -1.31621060e-17
 -1.46766521e-01  1.31621060e-17 -3.88061478e-01  1.31621060e-17
  1.02823970e-01 -1.56350435e-01  3.68597694e-01 -2.66716530e-17
 -6.49076517e-17 -9.58591742e-18 -1.31621060e-17 -1.31621060e-17
  1.31621060e-17  1.31621060e-17  1.31621060e-17  1.31621060e-17]
12: [-2.23606798e-01 -1.18571099e-17  1.11803399e-01 -1.32280595e-17
  4.30443519e-01  1.32280595e-17  1.98631618e-02  1.32280595e-17
 -4.40362908e-02  3.46429333e-17  1.96476042e-17 -1.32280595e-17
  1.32280595e-17 -1.32280595e-17 -1.32280595e-17 -1.32280595e-17
  1.32280595e-17  1.32280595e-17  1.32280595e-17  1.32280595e-17]
13: [-2.23606798e-01 -1.18571099e-17  1.11803399e-01 -1.32280595e-17
  4.30443519e-01  1.32280595e-17  1.98631618e-02  1.32280595e-17
 -4.40362908e-02  3.46429333e-17  1.96476042e-17 -1.32280595e-17
  1.32280595e-17 -1.32280595e-17 -1.32280595e-17 -1.32280595e-17
  1.32280595e-17  1.32280595e-17  1.32280595e-17  1.32280595e-17]
14: [-2.23606798e-01 -1.18571099e-17  1.11803399e-01 -1.32280595e-17
  4.30443519e-01  1.32280595e-17  1.98631618e-02  1.32280595e-17
 -4.40362908e-02  3.46429333e-17  1.96476042e-17 -1.32280595e-17
  1.32280595e-17 -1.32280595e-17 -1.32280595e-17 -1.32280595e-17
  1.32280595e-17  1.32280595e-17  1.32280595e-17  1.32280595e-17]
15: [-2.23606798e-01 -1.18571099e-17  1.11803399e-01 -1.31621060e-17
 -1.46766521e-01  1.31621060e-17  8.31074266e-02  1.31621060e-17
 -3.69521305e-01  4.74024742e-18  2.41164044e-17 -1.31621060e-17
  1.31621060e-17 -1.31621060e-17 -1.31621060e-17 -1.31621060e-17
  1.31621060e-17  1.31621060e-17  1.31621060e-17  1.31621060e-17]
16: [-2.23606798e-01 -1.18571099e-17  1.11803399e-01 -1.31621060e-17
 -1.46766521e-01  1.31621060e-17  8.31074266e-02  1.31621060e-17
 -3.69521305e-01  4.74024742e-18  2.41164044e-17 -1.31621060e-17
  1.31621060e-17 -1.31621060e-17 -1.31621060e-17 -1.31621060e-17
  1.31621060e-17  1.31621060e-17  1.31621060e-17  1.31621060e-17]
17: [-2.23606798e-01 -1.18571099e-17  1.11803399e-01 -1.31621060e-17
 -1.46766521e-01  1.31621060e-17  8.31074266e-02  1.31621060e-17
 -3.69521305e-01  4.74024742e-18  2.41164044e-17 -1.31621060e-17
  1.31621060e-17 -1.31621060e-17 -1.31621060e-17 -1.31621060e-17
  1.31621060e-17  1.31621060e-17  1.31621060e-17  1.31621060e-17]
18: [-0.2236068   0.28867513 -0.4472136   0.35816162  0.00985604 -0.35816162
 -0.01787353 -0.35816162 -0.0069051  -0.29495902 -0.680562    0.35816162
 -0.35816162  0.35816162  0.35816162  0.35816162 -0.35816162 -0.35816162
 -0.35816162 -0.35816162]
19: [-2.23606798e-01 -1.18571099e-17  1.11803399e-01 -1.43615093e-17
 -1.46766521e-01  1.43615093e-17  3.02964415e-01  1.43615093e-17
  3.17638727e-01  9.14787992e-18  1.10331323e-16 -1.43615093e-17
  1.43615093e-17 -1.43615093e-17 -1.43615093e-17 -1.43615093e-17
  1.43615093e-17  1.43615093e-17  1.43615093e-17  1.43615093e-17]
20: [-0.2236068  -0.8660254  -0.4472136  -0.86278496  0.00985604  0.86278496
 -0.01787353  0.86278496 -0.0069051  -0.03891524  0.32051673 -0.86278496
  0.86278496 -0.86278496 -0.86278496 -0.86278496  0.86278496  0.86278496
  0.86278496  0.86278496]

