Tables using graphs: 
  n   o   p   q   |V|   |E|   deg   alpha   sigma
  1   1   1   1   4     6     3     1       1
  1   1   1   2   5     9     4     2       2
  1   1   1   3   6     12    5     3       3
  1   1   1   4   7     15    6     4       4
  1   1   2   2   6     13    5     2       2
  1   1   2   3   7     17    6     3       2
  1   1   2   4   8     21    7     4       3
  1   1   3   3   8     22    7     3       2
  1   1   3   4   9     27    8     4       3
  1   1   4   4   10    33    9     4       3
  1   2   2   2   7     18    6     2       2
  1   2   2   3   8     23    7     3       2
  1   2   2   4   9     28    8     4       3
  1   2   3   3   9     29    8     3       2
  1   2   3   4   10    35    9     4       3
  1   2   4   4   11    42    10    4       3
  1   3   3   3   10    36    9     3       2
  1   3   3   4   11    43    10    4       3
  1   3   4   4   12    51    11    4       3
  1   4   4   4   13    60    12    4       3
  2   2   2   2   8     24    6     2       2
  2   2   2   3   9     30    7     3       2
  2   2   2   4   10    36    8     4       3
  2   2   3   3   10    37    8     3       2
  2   2   3   4   11    44    9     4       3
  2   2   4   4   12    52    10    4       3
  2   3   3   3   11    45    9     3       2
  2   3   3   4   12    53    10    4       3
  2   3   4   4   13    62    11    4       3
  2   4   4   4   14    72    12    4       3
  3   3   3   3   12    54    9     3       2
  3   3   3   4   13    63    10    4       3
  3   3   4   4   14    73    11    4       3
  3   4   4   4   15    84    12    4       3
  4   4   4   4   16    96    12    4       3


Tables using formulas: 
  n   o   p   q   deg   alpha   sigma
  1   1   1   1   3     1       1
  1   1   1   2   4     2       2
  1   1   1   3   5     3       2
  1   1   1   4   6     4       3
  1   1   2   2   5     2       2
  1   1   2   3   6     3       2
  1   1   2   4   7     4       3
  1   1   3   3   7     3       2
  1   1   3   4   8     4       3
  1   1   4   4   9     4       3
  1   2   2   2   6     2       2
  1   2   2   3   7     3       2
  1   2   2   4   8     4       3
  1   2   3   3   8     3       2
  1   2   3   4   9     4       3
  1   2   4   4   10    4       3
  1   3   3   3   9     3       2
  1   3   3   4   10    4       3
  1   3   4   4   11    4       3
  1   4   4   4   12    4       3
  2   2   2   2   6     2       2
  2   2   2   3   7     3       2
  2   2   2   4   8     4       3
  2   2   3   3   8     3       2
  2   2   3   4   9     4       3
  2   2   4   4   10    4       3
  2   3   3   3   9     3       2
  2   3   3   4   10    4       3
  2   3   4   4   11    4       3
  2   4   4   4   12    4       3
  3   3   3   3   9     3       2
  3   3   3   4   10    4       3
  3   3   4   4   11    4       3
  3   4   4   4   12    4       3
  4   4   4   4   12    4       3


Adjacency matrices: 
n= 3
o= 3
p= 3
q= 3
[0 0 0 1 1 1 1 1 1 1 1 1]
[0 0 0 1 1 1 1 1 1 1 1 1]
[0 0 0 1 1 1 1 1 1 1 1 1]
[1 1 1 0 0 0 1 1 1 1 1 1]
[1 1 1 0 0 0 1 1 1 1 1 1]
[1 1 1 0 0 0 1 1 1 1 1 1]
[1 1 1 1 1 1 0 0 0 1 1 1]
[1 1 1 1 1 1 0 0 0 1 1 1]
[1 1 1 1 1 1 0 0 0 1 1 1]
[1 1 1 1 1 1 1 1 1 0 0 0]
[1 1 1 1 1 1 1 1 1 0 0 0]
[1 1 1 1 1 1 1 1 1 0 0 0]

Eigenvalues: 
1: -3.000000000000002
2: -3.0
3: -2.9999999999999982
4: -6.994701416207848e-16
5: -1.9087255532445126e-16
6: -1.0053106261302571e-16
7: 0.0
8: 1.537504871338743e-66
9: 3.1878207083720706e-34
10: 1.5719712714341143e-32
11: 6.398412966775708e-17
12: 9.000000000000002

Eigenvectors: 
1: [-2.88675135e-01 -1.66666667e-01 -3.26229940e-17 -4.25619300e-17
 -2.34959007e-01  4.26125011e-01 -1.51040732e-01 -7.97937656e-01
  3.27814234e-01  2.17963779e-03  5.90179199e-18  7.30479046e-17]
2: [-2.88675135e-01 -1.66666667e-01 -3.26229940e-17 -4.25619300e-17
 -2.34959007e-01  4.26125011e-01 -6.16495168e-01  2.68316622e-01
  2.69136506e-01  1.78948941e-03 -1.45201625e-17 -1.55929491e-17]
3: [-2.88675135e-01  5.00000000e-01  2.66463451e-01 -7.41271995e-01
 -2.22277332e-03 -5.04659783e-03  5.61310096e-02  4.90503693e-02
 -4.83167011e-02 -3.21257885e-04  3.54885042e-02 -1.42267977e-17]
4: [-2.88675135e-01 -1.66666667e-01 -1.94392777e-17  2.65400566e-17
 -2.34959007e-01  4.26125011e-01  7.67535899e-01  5.29621034e-01
 -5.96950740e-01 -3.96912719e-03 -2.95797876e-17 -5.17928186e-17]
5: [-2.88675135e-01  5.00000000e-01  5.35160316e-01  6.67093198e-01
 -2.22277332e-03 -5.04659783e-03 -6.85810171e-02 -8.45015941e-02
  6.29885580e-02  4.18811104e-04  5.82172973e-02 -1.67508584e-17]
6: [-2.88675135e-01 -1.66666667e-01 -3.26229940e-17 -4.25619300e-17
 -2.34959007e-01 -3.88122743e-01  6.42549916e-16  7.28462066e-16
 -2.83034821e-01 -7.08926441e-01 -5.26529470e-17  7.79932278e-18]
7: [-2.88675135e-01 -1.66666667e-01  1.26429234e-17  1.22022039e-16
  4.72140787e-01 -3.29556702e-02 -4.11038873e-17  4.56221853e-18
  4.30167860e-17 -1.01039279e-16  4.05497747e-01  7.07106781e-01]
8: [-2.88675135e-01 -1.66666667e-01  1.26429234e-17  1.22022039e-16
  4.72140787e-01 -3.29556702e-02 -4.11038873e-17  4.56221853e-18
  4.30167860e-17 -1.01039279e-16  4.05497747e-01 -7.07106781e-01]
9: [-2.88675135e-01 -1.66666667e-01  1.26429234e-17  1.22022039e-16
  4.72140787e-01 -3.29556702e-02 -4.11038873e-17  4.56221853e-18
  4.59622396e-17  1.96057287e-16 -8.10995493e-01  2.36042681e-16]
10: [-2.88675135e-01 -1.66666667e-01 -3.26229940e-17 -4.25619300e-17
 -2.34959007e-01 -3.88122743e-01  6.02667129e-16  6.78325704e-16
 -2.69014436e-01  7.05255864e-01  8.02098086e-17  2.31516555e-17]
11: [-2.88675135e-01 -1.66666667e-01 -3.26229940e-17 -4.25619300e-17
 -2.34959007e-01 -3.88122743e-01 -1.14903950e-15 -1.45247694e-15
  5.52049256e-01  3.67057710e-03 -5.53307934e-17 -4.99611945e-17]
12: [-2.88675135e-01  5.00000000e-01 -8.01623768e-01  7.41787970e-02
 -2.22277332e-03 -5.04659783e-03  1.24500075e-02  3.54512248e-02
 -1.46718569e-02 -9.75532187e-05 -9.37058015e-02  2.98794882e-17]

n= 3
o= 3
p= 3
q= 4
[0 0 0 1 1 1 1 1 1 1 1 1 1]
[0 0 0 1 1 1 1 1 1 1 1 1 1]
[0 0 0 1 1 1 1 1 1 1 1 1 1]
[1 1 1 0 0 0 1 1 1 1 1 1 1]
[1 1 1 0 0 0 1 1 1 1 1 1 1]
[1 1 1 0 0 0 1 1 1 1 1 1 1]
[1 1 1 1 1 1 0 0 0 1 1 1 1]
[1 1 1 1 1 1 0 0 0 1 1 1 1]
[1 1 1 1 1 1 0 0 0 1 1 1 1]
[1 1 1 1 1 1 1 1 1 0 0 0 0]
[1 1 1 1 1 1 1 1 1 0 0 0 0]
[1 1 1 1 1 1 1 1 1 0 0 0 0]
[1 1 1 1 1 1 1 1 1 0 0 0 0]

Eigenvalues: 
1: (-3.708203932499369+0j)
2: (-2.999999999999999+0j)
3: (-2.9999999999999987+0j)
4: (-1.9861066207611404e-16+0j)
5: (-1.0358501270306274e-16+0j)
6: (-9.473713365618646e-34+0j)
7: (-9.473713365618646e-34+0j)
8: (-9.26247647047205e-49+0j)
9: (-2.23933031210855e-49+0j)
10: (8.698248086278714e-17+0j)
11: (2.5277599663333835e-16+0j)
12: (2.5277599663333835e-16+0j)
13: (9.708203932499382+0j)

Eigenvectors: 
1: [ 2.83550269e-01+0.j         -1.75243704e-01+0.j
 -3.56296935e-01-0.33505936j -3.56296935e-01+0.33505936j
 -4.71404521e-01+0.j          2.78517142e-01+0.j
 -5.17017988e-02+0.j          7.27845493e-02+0.j
  9.43444533e-02+0.j         -1.98669027e-17+0.j
 -1.98669027e-17+0.j          6.18232645e-03+0.j
 -6.18925359e-03+0.j        ]
2: [ 2.83550269e-01+0.j         -1.75243704e-01+0.j
  4.64987522e-02+0.18830421j  4.64987522e-02-0.18830421j
  2.35702260e-01+0.j          1.90116319e-01+0.j
 -4.35213800e-01+0.j         -1.21423958e-01+0.j
  1.10808713e-01+0.j         -1.21986501e-16+0.j
 -1.21986501e-16+0.j         -2.01882503e-03+0.j
  2.02108707e-03+0.j        ]
3: [ 2.83550269e-01+0.j         -1.75243704e-01+0.j
  4.64987522e-02+0.18830421j  4.64987522e-02-0.18830421j
  2.35702260e-01+0.j          1.90116319e-01+0.j
  1.06668118e-02+0.j          5.17164048e-01+0.j
  2.62676041e-01+0.j          6.99918376e-17+0.j
  6.99918376e-17+0.j          3.19900983e-03+0.j
 -3.20259424e-03+0.j        ]
4: [ 2.83550269e-01+0.j -1.75243704e-01+0.j -9.49778290e-17+0.j
 -9.49778290e-17+0.j  2.35702260e-01+0.j -4.68633461e-01+0.j
  5.19925075e-16+0.j -2.65072796e-16+0.j -2.74612054e-17+0.j
 -7.50852393e-01+0.j -7.50852393e-01+0.j -7.99872382e-01+0.j
  8.00768618e-01+0.j]
5: [ 2.83550269e-01+0.j         -1.75243704e-01+0.j
 -9.49778290e-17+0.j         -9.49778290e-17+0.j
  2.35702260e-01+0.j         -4.68633461e-01+0.j
 -3.76435433e-16+0.j          1.57383423e-16+0.j
 -6.79691211e-18+0.j          5.12907477e-01-0.24138022j
  5.12907477e-01+0.24138022j  5.34028896e-01+0.j
 -5.34627261e-01+0.j        ]
6: [ 2.62865556e-01+0.j          4.25325404e-01+0.j
 -2.04181349e-02-0.08268654j -2.04181349e-02+0.08268654j
 -3.53688136e-16+0.j         -1.72051415e-16+0.j
 -2.24350242e-01+0.j          2.10703387e-01+0.j
 -2.29508907e-01+0.j         -2.39934204e-16+0.j
 -2.39934204e-16+0.j          2.14947831e-02+0.j
 -2.15188674e-02+0.j        ]
7: [ 2.62865556e-01+0.j          4.25325404e-01+0.j
 -2.04181349e-02-0.08268654j -2.04181349e-02+0.08268654j
 -3.53688136e-16+0.j         -1.72051415e-16+0.j
 -2.24350242e-01+0.j          2.10703387e-01+0.j
 -2.29508907e-01+0.j          1.60032103e-16+0.j
  1.60032103e-16+0.j         -5.40190867e-02+0.j
  2.52229327e-02+0.j        ]
8: [ 2.62865556e-01+0.j          4.25325404e-01+0.j
  6.12544046e-02+0.24805961j  6.12544046e-02-0.24805961j
 -3.11445660e-16+0.j         -2.33672771e-16+0.j
  6.73050727e-01+0.j         -6.32110161e-01+0.j
  6.88526722e-01+0.j         -1.45493275e-16+0.j
 -1.45493275e-16+0.j          1.89118072e-02+0.j
 -1.89329973e-02+0.j        ]
9: [ 2.62865556e-01+0.j          4.25325404e-01+0.j
 -2.04181349e-02-0.08268654j -2.04181349e-02+0.08268654j
 -3.53688136e-16+0.j         -1.72051415e-16+0.j
 -2.24350242e-01+0.j          2.10703387e-01+0.j
 -2.29508907e-01+0.j          1.68918763e-16+0.j
  1.68918763e-16+0.j          1.36124965e-02+0.j
  1.52289320e-02+0.j        ]
10: [ 2.83550269e-01+0.j         -1.75243704e-01+0.j
 -9.49778290e-17+0.j         -9.49778290e-17+0.j
  2.35702260e-01+0.j         -4.68633461e-01+0.j
 -2.72840155e-16+0.j          6.91112865e-17+0.j
 -9.22435480e-17+0.j          2.37944916e-01+0.24138022j
  2.37944916e-01-0.24138022j  2.65843486e-01+0.j
 -2.66141357e-01+0.j        ]
11: [ 2.83550269e-01+0.j         -1.75243704e-01+0.j
 -1.90821695e-01+0.33505936j -1.90821695e-01-0.33505936j
 -4.71404521e-01+0.j          2.78517142e-01+0.j
  1.31276307e-01+0.j         -1.37609758e-01+0.j
 -3.05811443e-01+0.j          1.02835167e-16+0.j
  1.02835167e-16+0.j         -1.62910483e-02+0.j
  1.63093020e-02+0.j        ]
12: [ 2.83550269e-01+0.j         -1.75243704e-01+0.j
 -9.29975044e-02-0.37660842j -9.29975044e-02+0.37660842j
  2.35702260e-01+0.j          1.90116319e-01+0.j
  4.24546988e-01+0.j         -3.95740090e-01+0.j
 -3.73484755e-01+0.j          7.85668212e-17+0.j
  7.85668212e-17+0.j         -1.18018480e-03+0.j
  1.18150717e-03+0.j        ]
13: [ 2.83550269e-01+0.j -1.75243704e-01+0.j  5.47118630e-01+0.j
  5.47118630e-01+0.j -4.71404521e-01+0.j  2.78517142e-01+0.j
 -7.95745079e-02+0.j  6.48252085e-02+0.j  2.11466989e-01+0.j
 -1.03332944e-16+0.j -1.03332944e-16+0.j  1.01087218e-02+0.j
 -1.01200484e-02+0.j]

n= 3
o= 3
p= 4
q= 4
[0 0 0 1 1 1 1 1 1 1 1 1 1 1]
[0 0 0 1 1 1 1 1 1 1 1 1 1 1]
[0 0 0 1 1 1 1 1 1 1 1 1 1 1]
[1 1 1 0 0 0 1 1 1 1 1 1 1 1]
[1 1 1 0 0 0 1 1 1 1 1 1 1 1]
[1 1 1 0 0 0 1 1 1 1 1 1 1 1]
[1 1 1 1 1 1 0 0 0 0 1 1 1 1]
[1 1 1 1 1 1 0 0 0 0 1 1 1 1]
[1 1 1 1 1 1 0 0 0 0 1 1 1 1]
[1 1 1 1 1 1 0 0 0 0 1 1 1 1]
[1 1 1 1 1 1 1 1 1 1 0 0 0 0]
[1 1 1 1 1 1 1 1 1 1 0 0 0 0]
[1 1 1 1 1 1 1 1 1 1 0 0 0 0]
[1 1 1 1 1 1 1 1 1 1 0 0 0 0]

Eigenvalues: 
1: (-3.9999999999999987+0j)
2: (-3.4462219947249038+0j)
3: (-2.9999999999999996+0j)
4: (-3.899939174525463e-16+0j)
5: (-1.1048029948172063e-17+0j)
6: (-7.970435648094013e-33+0j)
7: (-1.3993831646771916e-35+0j)
8: (-8.210733189403225e-48+0j)
9: 0j
10: (3.2440309626890583e-52+0j)
11: (1.7820959198857454e-17+0j)
12: (1.7820959198857454e-17+0j)
13: (9.466095156236512e-17+0j)
14: (10.446221994724919+0j)

Eigenvectors: 
1: [-2.78091475e-01+0.j  4.08248290e-01+0.j -2.98884255e-01+0.j
  3.08010512e-02+0.j  3.08010512e-02+0.j -1.28495039e-16+0.j
  2.19656615e-01+0.j -5.21747810e-02+0.j -9.76004541e-02+0.j
  2.60806872e-16+0.j -1.20580960e-16+0.j -1.38990810e-16+0.j
 -3.09263605e-17+0.j  1.36726450e-16+0.j]
2: [-2.78091475e-01+0.j         -4.08248290e-01+0.j
 -2.98884255e-01+0.j          4.32550501e-02-0.08864133j
  4.32550501e-02+0.08864133j -6.13682392e-17+0.j
 -1.42967657e-01+0.j          5.70473191e-01+0.j
  8.47821382e-02+0.j         -8.30519401e-16+0.j
  2.05424292e-16+0.j          2.34527762e-16+0.j
 -2.31009991e-17+0.j          7.81223497e-33+0.j        ]
3: [-2.78091475e-01+0.j         -4.08248290e-01+0.j
 -2.98884255e-01+0.j         -1.10817082e-01-0.08864133j
 -1.10817082e-01+0.08864133j  8.65264376e-17+0.j
 -3.38368151e-02+0.j         -7.18314165e-01+0.j
  4.30832300e-02+0.j          8.00813523e-17+0.j
  3.56659662e-17+0.j          4.24790568e-17+0.j
 -8.98383746e-18+0.j         -5.45400326e-18+0.j        ]
4: [-2.58841358e-01+0.j  7.49856892e-16+0.j  2.40834282e-01+0.j
  2.44638971e-18+0.j  2.44638971e-18+0.j -3.53553391e-01+0.j
  7.75025597e-17+0.j -5.69598669e-17+0.j -1.19888758e-17+0.j
 -2.95930128e-01+0.j  7.97905087e-01+0.j  8.55392856e-01+0.j
  2.12015574e-03+0.j  1.16417634e-16+0.j]
5: [-2.58841358e-01+0.j  7.49856892e-16+0.j  2.40834282e-01+0.j
  2.44638971e-18+0.j  2.44638971e-18+0.j -3.53553391e-01+0.j
 -8.28026797e-17+0.j -3.18081861e-17+0.j -1.73445528e-16+0.j
 -2.85030490e-01+0.j -5.80004173e-01+0.j -3.48906708e-01+0.j
 -1.54115972e-03+0.j  6.07661187e-18+0.j]
6: [-2.58841358e-01+0.j  7.49856892e-16+0.j  2.40834282e-01+0.j
  2.44638971e-18+0.j  2.44638971e-18+0.j -3.53553391e-01+0.j
  2.35091374e-17+0.j -4.85973757e-17+0.j -6.07359137e-17+0.j
 -2.85030490e-01+0.j -6.89365441e-02+0.j -3.48906708e-01+0.j
 -1.83174932e-04+0.j -9.04046556e-17+0.j]
7: [-2.58841358e-01+0.j  7.63734679e-16+0.j  2.40834282e-01+0.j
  4.81780033e-01+0.j  4.81780033e-01+0.j  3.53553391e-01+0.j
  2.76187147e-01+0.j -1.79550293e-01+0.j  3.08564855e-01+0.j
 -4.78054141e-15+0.j  1.32689467e-15+0.j  1.41682560e-15+0.j
 -7.07104285e-01+0.j  7.98925218e-17+0.j]
8: [-2.58841358e-01+0.j  7.63734679e-16+0.j  2.40834282e-01+0.j
  4.81780033e-01+0.j  4.81780033e-01+0.j  3.53553391e-01+0.j
  2.76187147e-01+0.j -1.79550293e-01+0.j  3.08564855e-01+0.j
 -4.78052465e-15+0.j  1.39071155e-15+0.j  1.52251488e-15+0.j
  7.07104285e-01+0.j -6.88516287e-17+0.j]
9: [-2.58841358e-01+0.j  7.63734676e-16+0.j  2.40834282e-01+0.j
 -4.81780033e-01+0.j -4.81780033e-01+0.j  3.53553391e-01+0.j
 -2.76187147e-01+0.j  1.79550293e-01+0.j -3.08564855e-01+0.j
  4.76348375e-15+0.j -1.39581051e-15+0.j -1.49270729e-15+0.j
  1.27870509e-16+0.j  7.07106781e-01+0.j]
10: [-2.58841358e-01+0.j  7.63734676e-16+0.j  2.40834282e-01+0.j
 -4.81780033e-01+0.j -4.81780033e-01+0.j  3.53553391e-01+0.j
 -2.76187147e-01+0.j  1.79550293e-01+0.j -3.08564855e-01+0.j
  4.76348375e-15+0.j -1.39581051e-15+0.j -1.49270729e-15+0.j
 -1.53629310e-16+0.j -7.07106781e-01+0.j]
11: [-2.78091475e-01+0.j  4.08248290e-01+0.j -2.98884255e-01+0.j
 -6.16021023e-02+0.j -6.16021023e-02+0.j  9.73745720e-18+0.j
  4.23868514e-01+0.j -1.68753937e-02+0.j  5.87069871e-01+0.j
 -3.93782449e-15+0.j  1.55566227e-15+0.j  1.63063926e-15+0.j
  2.45654764e-17+0.j -2.02779836e-17+0.j]
12: [-2.78091475e-01+0.j  4.08248290e-01+0.j -2.98884255e-01+0.j
  3.08010512e-02+0.j  3.08010512e-02+0.j  5.65782717e-17+0.j
 -6.43525128e-01+0.j  6.90501747e-02+0.j -4.89469417e-01+0.j
  3.67989755e-15+0.j -1.39797423e-15+0.j -1.45241364e-15+0.j
 -8.61892437e-18+0.j -1.02943570e-16+0.j]
13: [-2.58841358e-01+0.j  7.49856892e-16+0.j  2.40834282e-01+0.j
  2.44638971e-18+0.j  2.44638971e-18+0.j -3.53553391e-01+0.j
 -4.82843996e-17+0.j  1.12575389e-16+0.j  2.62087300e-16+0.j
  8.65991108e-01+0.j -1.48964370e-01+0.j -1.57579441e-01+0.j
 -3.95821094e-04+0.j  1.59382150e-17+0.j]
14: [-2.78091475e-01+0.j         -4.08248290e-01+0.j
 -2.98884255e-01+0.j          6.75620318e-02+0.17728267j
  6.75620318e-02-0.17728267j  2.11378527e-18+0.j
  1.76804472e-01+0.j          1.47840974e-01+0.j
 -1.27865368e-01+0.j          7.42982920e-16+0.j
 -2.62115657e-16+0.j         -2.78586676e-16+0.j
 -6.96481355e-19+0.j          1.31416755e-34+0.j        ]

n= 3
o= 4
p= 4
q= 4
[0 0 0 1 1 1 1 1 1 1 1 1 1 1 1]
[0 0 0 1 1 1 1 1 1 1 1 1 1 1 1]
[0 0 0 1 1 1 1 1 1 1 1 1 1 1 1]
[1 1 1 0 0 0 0 1 1 1 1 1 1 1 1]
[1 1 1 0 0 0 0 1 1 1 1 1 1 1 1]
[1 1 1 0 0 0 0 1 1 1 1 1 1 1 1]
[1 1 1 0 0 0 0 1 1 1 1 1 1 1 1]
[1 1 1 1 1 1 1 0 0 0 0 1 1 1 1]
[1 1 1 1 1 1 1 0 0 0 0 1 1 1 1]
[1 1 1 1 1 1 1 0 0 0 0 1 1 1 1]
[1 1 1 1 1 1 1 0 0 0 0 1 1 1 1]
[1 1 1 1 1 1 1 1 1 1 1 0 0 0 0]
[1 1 1 1 1 1 1 1 1 1 1 0 0 0 0]
[1 1 1 1 1 1 1 1 1 1 1 0 0 0 0]
[1 1 1 1 1 1 1 1 1 1 1 0 0 0 0]

Eigenvalues: 
1: (-3.999999999999999+0j)
2: (-3.9999999999999987+0j)
3: (-3.2111025509279796+0j)
4: (-9.843595755327754e-17+0j)
5: (-5.277300735686895e-17+0j)
6: (-5.157134888337195e-35+0j)
7: (3.7982270983039195e-65+0j)
8: (6.610661058635197e-49+0j)
9: (1.644123945278889e-34+0j)
10: (8.10036822571864e-33+0j)
11: (2.0028011060864162e-16+0j)
12: (4.205575532092302e-16+0j)
13: (4.205575532092302e-16+0j)
14: (7.555461477669117e-16+0j)
15: (11.211102550927981+0j)

Eigenvectors: 
1: [-2.54517533e-01+0.j          1.36213650e-01+0.j
 -4.31516059e-03+0.j         -7.02809057e-03-0.02206348j
 -7.02809057e-03+0.02206348j -1.34708100e-01+0.j
  2.84454132e-01+0.j         -1.71857928e-01+0.j
 -5.02884778e-01+0.j         -6.01355437e-01+0.j
  4.23779424e-17+0.j          7.85019287e-18+0.j
 -2.21331980e-16+0.j          3.81913631e-19+0.j
 -3.59108377e-03+0.j        ]
2: [-2.54517533e-01+0.j          1.36213650e-01+0.j
 -4.31516059e-03+0.j         -7.02809057e-03-0.02206348j
 -7.02809057e-03+0.02206348j -1.34708100e-01+0.j
  2.84454132e-01+0.j          5.03087186e-02+0.j
  2.09394654e-02+0.j          4.59666528e-01+0.j
 -1.35315246e-16+0.j         -1.04212018e-16+0.j
 -6.73120625e-18+0.j          1.50526554e-17+0.j
  4.95976955e-03+0.j        ]
3: [-2.72427300e-01+0.j         -5.09035067e-01+0.j
  6.99848178e-01+0.j         -3.33135404e-01+0.04412794j
 -3.33135404e-01-0.04412794j  6.02250604e-17+0.j
  1.70013009e-16+0.j          3.06147200e-01+0.j
  1.14596472e-02+0.j         -3.36748635e-02+0.j
 -2.01075902e-17+0.j         -1.53937074e-17+0.j
 -2.20744608e-17+0.j          1.07234839e-17+0.j
 -5.09081397e-04+0.j        ]
4: [-2.54517533e-01+0.j  1.36213650e-01+0.j -8.12376130e-17+0.j
  1.59734716e-17+0.j  1.59734716e-17+0.j  4.01105898e-01+0.j
  1.11375743e-01+0.j -8.82918889e-18+0.j -5.48375649e-17+0.j
  2.60653487e-17+0.j  4.38297519e-01+0.j -8.13444439e-01+0.j
  3.65015280e-01+0.j -1.17307351e-15+0.j -4.30002210e-01+0.j]
5: [-2.54517533e-01+0.j  1.36213650e-01+0.j -8.12376130e-17+0.j
  1.59734716e-17+0.j  1.59734716e-17+0.j  4.01105898e-01+0.j
  1.11375743e-01+0.j -4.83689121e-17+0.j  8.60735109e-17+0.j
 -3.76387058e-17+0.j -3.66490601e-01+0.j  1.32656386e-01+0.j
 -8.58079545e-01+0.j  8.09511820e-16+0.j  2.50851980e-02+0.j]
6: [-2.54517533e-01+0.j          1.36213650e-01+0.j
  1.41555732e-01+0.j         -3.83659107e-02+0.15281092j
 -3.83659107e-02-0.15281092j -2.66397798e-01+0.j
 -3.95829876e-01+0.j          2.27926392e-01+0.j
 -2.29115132e-01+0.j         -1.85447400e-01+0.j
 -6.13630627e-17+0.j         -9.02941429e-17+0.j
  9.40273832e-17+0.j          1.83417844e-16+0.j
  9.72023160e-02+0.j        ]
7: [-2.54517533e-01+0.j          1.36213650e-01+0.j
  1.41555732e-01+0.j         -3.83659107e-02+0.15281092j
 -3.83659107e-02-0.15281092j -2.66397798e-01+0.j
 -3.95829876e-01+0.j          2.27926392e-01+0.j
 -2.29115132e-01+0.j         -1.85447400e-01+0.j
  2.62122055e-17+0.j         -8.58007377e-18+0.j
 -5.23946144e-17+0.j         -7.07106781e-01+0.j
 -4.93903058e-02+0.j        ]
8: [-2.54517533e-01+0.j          1.36213650e-01+0.j
  1.41555732e-01+0.j         -3.83659107e-02+0.15281092j
 -3.83659107e-02-0.15281092j -2.66397798e-01+0.j
 -3.95829876e-01+0.j          2.27926392e-01+0.j
 -2.29115132e-01+0.j         -1.85447400e-01+0.j
  2.62122055e-17+0.j         -8.58007377e-18+0.j
 -5.23946144e-17+0.j          7.07106781e-01+0.j
 -4.93903058e-02+0.j        ]
9: [-2.54517533e-01+0.j  1.36213650e-01+0.j -8.12376130e-17+0.j
  1.59734716e-17+0.j  1.59734716e-17+0.j  4.01105898e-01+0.j
  1.11375743e-01+0.j -5.18795602e-17+0.j  3.70699635e-17+0.j
  5.15469312e-17+0.j -6.15127857e-01+0.j  1.29474323e-01+0.j
  3.13267264e-01+0.j  1.50145609e-15+0.j  8.01674788e-01+0.j]
10: [-2.54517533e-01+0.j          1.36213650e-01+0.j
 -4.24667195e-01+0.j          1.15097732e-01-0.45843276j
  1.15097732e-01+0.45843276j -2.66397798e-01+0.j
 -3.95829876e-01+0.j         -6.83779176e-01+0.j
  6.87345395e-01+0.j          5.56342199e-01+0.j
 -3.59743971e-17+0.j          1.63218808e-16+0.j
  4.71636419e-17+0.j          6.10551641e-18+0.j
  1.57829553e-03+0.j        ]
11: [-2.54517533e-01+0.j  1.36213650e-01+0.j -8.12376130e-17+0.j
  1.59734716e-17+0.j  1.59734716e-17+0.j  4.01105898e-01+0.j
  1.11375743e-01+0.j -1.16574799e-16+0.j  9.30145761e-18+0.j
  5.95289211e-17+0.j  5.43320939e-01+0.j  5.51313729e-01+0.j
  1.79797001e-01+0.j -1.13060182e-15+0.j -3.96757776e-01+0.j]
12: [-2.54517533e-01+0.j          1.36213650e-01+0.j
 -6.29173345e-02+0.j         -1.02473295e-01-0.32169721j
 -1.02473295e-01+0.32169721j -1.34708100e-01+0.j
  2.84454132e-01+0.j          2.80045126e-01+0.j
  2.28549355e-01+0.j          4.13409893e-02+0.j
  1.15554627e-16+0.j          1.47602667e-16+0.j
  2.00340343e-16+0.j          1.18165289e-18+0.j
 -1.39553063e-03+0.j        ]
13: [-2.54517533e-01+0.j          1.36213650e-01+0.j
  7.15476557e-02+0.j          1.16529476e-01+0.36582416j
  1.16529476e-01-0.36582416j -1.34708100e-01+0.j
  2.84454132e-01+0.j         -1.58495917e-01+0.j
  2.53395958e-01+0.j          1.00347920e-01+0.j
 -1.03148354e-17+0.j         -9.68708574e-17+0.j
  3.16963044e-17+0.j          1.37828326e-17+0.j
  2.68448474e-05+0.j        ]
14: [-2.72427300e-01+0.j -5.09035067e-01+0.j -4.38658497e-01+0.j
  5.33508107e-01+0.j  5.33508107e-01+0.j  4.86746510e-17+0.j
 -3.73434556e-17+0.j -3.77119591e-01+0.j -1.28786811e-02+0.j
  3.81644953e-02+0.j  3.54828025e-18+0.j  2.75832171e-17+0.j
  9.86196140e-19+0.j -1.77422609e-18+0.j  5.83552526e-04+0.j]
15: [-2.72427300e-01+0.j         -5.09035067e-01+0.j
 -2.61189681e-01+0.j         -2.00372703e-01-0.04412794j
 -2.00372703e-01+0.04412794j  3.40995059e-17+0.j
  4.15929890e-17+0.j          7.09723913e-02+0.j
  1.41903392e-03+0.j         -4.48963178e-03+0.j
 -1.65278014e-18+0.j         -7.35150812e-18+0.j
 -5.98231885e-19+0.j         -1.20422094e-19+0.j
 -7.44711292e-05+0.j        ]

n= 4
o= 4
p= 4
q= 4
[0 0 0 0 1 1 1 1 1 1 1 1 1 1 1 1]
[0 0 0 0 1 1 1 1 1 1 1 1 1 1 1 1]
[0 0 0 0 1 1 1 1 1 1 1 1 1 1 1 1]
[0 0 0 0 1 1 1 1 1 1 1 1 1 1 1 1]
[1 1 1 1 0 0 0 0 1 1 1 1 1 1 1 1]
[1 1 1 1 0 0 0 0 1 1 1 1 1 1 1 1]
[1 1 1 1 0 0 0 0 1 1 1 1 1 1 1 1]
[1 1 1 1 0 0 0 0 1 1 1 1 1 1 1 1]
[1 1 1 1 1 1 1 1 0 0 0 0 1 1 1 1]
[1 1 1 1 1 1 1 1 0 0 0 0 1 1 1 1]
[1 1 1 1 1 1 1 1 0 0 0 0 1 1 1 1]
[1 1 1 1 1 1 1 1 0 0 0 0 1 1 1 1]
[1 1 1 1 1 1 1 1 1 1 1 1 0 0 0 0]
[1 1 1 1 1 1 1 1 1 1 1 1 0 0 0 0]
[1 1 1 1 1 1 1 1 1 1 1 1 0 0 0 0]
[1 1 1 1 1 1 1 1 1 1 1 1 0 0 0 0]

Eigenvalues: 
1: -3.999999999999999
2: -3.999999999999999
3: -3.999999999999996
4: -1.6227580389435246e-16
5: -1.689009060297044e-17
6: -2.8146192689900682e-36
7: -1.648409997963141e-49
8: -1.8726705418768793e-95
9: 5.1361574112876175e-80
10: 1.5211899528707198e-62
11: 3.1092606862640964e-34
12: 1.0469649748605059e-31
13: 4.2785929802249316e-17
14: 2.431369536115797e-16
15: 5.60716540723814e-16
16: 12.000000000000002

Eigenvectors: 
1: [-2.50000000e-01 -4.33012702e-01  7.37450189e-01 -3.93370527e-01
  5.83367724e-01 -7.18847455e-03 -4.06417298e-02  3.17207435e-03
 -3.33716851e-02  1.43443560e-02  1.55754202e-03  1.39723828e-04
 -1.73195014e-04  3.33756061e-04 -2.01488719e-04  5.69106028e-03]
2: [-0.25        0.14433757  0.02423054  0.00823599 -0.03835716  0.34174635
  0.1893734   0.20872101 -0.40137355  0.41206626  0.04474307  0.00401381
 -0.00909051  0.00958772 -0.00986471 -0.05172968]
3: [-0.25        0.14433757  0.02423054  0.00823599 -0.03835716  0.34174635
  0.1893734  -0.85100904  0.81471181 -0.84877315 -0.09216167 -0.00826763
  0.01864669 -0.01974876  0.02024212  0.10786511]
4: [-2.50000000e-01 -4.33012702e-01 -3.31198380e-02  5.97218974e-01
 -7.59112062e-01 -7.18847455e-03 -4.06417298e-02  1.64224441e-02
  8.68881371e-02 -1.92368685e-02 -2.08878189e-03 -1.87380243e-04
  1.79293865e-04 -4.47592173e-04  2.17734546e-04 -6.91978247e-03]
5: [-2.50000000e-01  1.44337567e-01 -9.03019023e-18 -2.75760964e-17
  5.67088156e-18  2.91813309e-02 -3.91718486e-01  3.18446297e-18
 -4.01459408e-17 -3.87560602e-17 -8.60890178e-01  3.70529776e-01
  1.28405456e-01  5.74643500e-15  1.27201531e-01  5.74306893e-01]
6: [-2.50000000e-01  1.44337567e-01 -9.03019023e-18 -2.75760964e-17
  5.67088156e-18  2.91813309e-02 -3.91718486e-01  1.04731024e-17
  2.26175051e-17  3.26096714e-17  2.89345128e-01  2.45463583e-01
  7.39196108e-01 -7.06915351e-01  7.32265435e-01 -7.56454435e-01]
7: [-2.50000000e-01  1.44337567e-01  6.11874222e-17 -4.89417264e-17
 -1.29501047e-17 -3.63739205e-01  2.42986818e-01 -2.01002668e-17
  2.78447803e-17 -2.39753758e-17 -8.85595701e-22 -2.15052198e-18
 -7.81614148e-04 -1.13465892e-16 -9.55931950e-02  1.08006192e-01]
8: [-2.50000000e-01  1.44337567e-01  6.11874222e-17 -4.89417264e-17
 -1.29501047e-17 -3.63739205e-01  2.42986818e-01 -2.01002668e-17
  2.78447803e-17 -2.39753758e-17 -8.85595701e-22 -2.15052198e-18
 -7.81614148e-04 -1.13465892e-16 -7.74285765e-04  2.32705953e-02]
9: [-2.50000000e-01  1.44337567e-01  6.11874222e-17 -4.89417264e-17
 -1.29501047e-17 -3.63739205e-01  2.42986818e-01 -2.01002668e-17
  2.78447803e-17 -2.39753758e-17 -8.85595701e-22 -2.15052198e-18
 -7.81614148e-04 -1.13465892e-16 -7.74285765e-04 -9.39240227e-02]
10: [-2.50000000e-01  1.44337567e-01  6.11874222e-17 -4.89417264e-17
 -1.29501047e-17 -3.63739205e-01  2.42986818e-01 -2.01002668e-17
  2.78447803e-17 -2.39753758e-17 -8.85595701e-22 -2.15052198e-18
  2.34484244e-03  3.23827553e-16  9.71417665e-02 -3.73527651e-02]
11: [-2.50000000e-01  1.44337567e-01 -9.03019023e-18 -2.75760964e-17
  5.67088156e-18  2.91813309e-02 -3.91718486e-01  1.04731024e-17
  2.26175051e-17  3.26096714e-17  2.89345128e-01  2.45463583e-01
 -6.07353878e-01  7.06915351e-01 -6.01659352e-01  2.37423921e-01]
12: [-2.50000000e-01  1.44337567e-01 -9.03019023e-18 -2.75760964e-17
  5.67088156e-18  2.91813309e-02 -3.91718486e-01  7.48830322e-18
 -3.08499856e-18  3.38441218e-18  2.82199923e-01 -8.61456942e-01
 -2.60247686e-01 -2.18861955e-15 -2.57807614e-01 -5.52763787e-02]
13: [-0.25        0.14433757  0.02423054  0.00823599 -0.03835716  0.34174635
  0.1893734   0.20872101 -0.40137355  0.13549907  0.01471279  0.00131985
 -0.00254118  0.00315271 -0.00279996 -0.03057031]
14: [-0.25        0.14433757 -0.07269163 -0.02470797  0.11507149  0.34174635
  0.1893734   0.43356701 -0.01196472  0.30120782  0.03270581  0.00293397
 -0.007015    0.00700833 -0.00757745 -0.02556512]
15: [-2.50000000e-01 -4.33012702e-01 -6.68380484e-01  3.81293146e-01
  2.46511187e-01 -7.18847455e-03 -4.06417298e-02 -1.98623926e-02
 -7.03749298e-02  9.91608976e-03  1.07671104e-03  9.65894892e-05
 -2.90153911e-04  2.30721760e-04 -3.08115117e-04 -7.09559146e-03]
16: [-2.50000000e-01 -4.33012702e-01 -3.59498667e-02 -5.85141594e-01
 -7.07668485e-02 -7.18847455e-03 -4.06417298e-02  2.67874217e-04
  1.68584777e-02 -5.02357724e-03 -5.45471167e-04 -4.89330746e-05
  2.84055061e-04 -1.16885648e-04  2.91869289e-04  8.32431365e-03]

