Tables using graphs: 
  n    |V|   |E|   deg   alpha   sigma
  2    2     1     1     1       1
  3    3     3     2     1       1
  4    4     6     3     1       1
  5    5     10    4     1       1
  6    6     15    5     1       1
  7    7     21    6     1       1
  8    8     28    7     1       1
  9    9     36    8     1       1
  10   10    45    9     1       1

Table using formulas: 
  n    deg   alpha   sigma
  2    1     1       1
  3    2     1       1
  4    3     1       1
  5    4     1       1
  6    5     1       1
  7    6     1       1
  8    7     1       1
  9    8     1       1
  10   9     1       1

Adjacency matrices: 
n = 6
[0 1 1 1 1 1]
[1 0 1 1 1 1]
[1 1 0 1 1 1]
[1 1 1 0 1 1]
[1 1 1 1 0 1]
[1 1 1 1 1 0]

Eigenvalues: 
1: -1.0000000000000009
2: -0.9999999999999998
3: -0.9999999999999998
4: -0.9999999999999998
5: -0.9999999999999996
6: 4.999999999999999

Eigenvectors: 
1: [-9.12870929e-01  4.08248290e-01  3.40484344e-02  2.73471521e-17
 -7.16198397e-18  6.07714492e-18]
2: [ 0.18257419  0.40824829 -0.23026089  0.82618658 -0.25964539  0.18359702]
3: [ 0.18257419  0.40824829 -0.23026089 -0.0305995   0.86548464 -0.61199006]
4: [ 0.18257419  0.40824829 -0.23026089 -0.39779354 -0.30291963  0.71419652]
5: [ 0.18257419  0.40824829 -0.23026089 -0.39779354 -0.30291963 -0.28580348]
6: [ 1.82574186e-01  4.08248290e-01  8.86995144e-01  3.96378751e-17
  5.40620721e-17 -4.95652110e-17]

n = 7
[0 1 1 1 1 1 1]
[1 0 1 1 1 1 1]
[1 1 0 1 1 1 1]
[1 1 1 0 1 1 1]
[1 1 1 1 0 1 1]
[1 1 1 1 1 0 1]
[1 1 1 1 1 1 0]

Eigenvalues: 
1: -1.0000000000000007
2: -1.0
3: -0.9999999999999999
4: -0.9999999999999999
5: -0.9999999999999999
6: -0.9999999999999991
7: 6.000000000000003

Eigenvectors: 
1: [ 0.15430335  0.37796447 -0.15544413  0.28979396 -0.31015075  0.2081529
 -0.41396801]
2: [ 0.15430335  0.37796447 -0.15544413  0.19515688  0.67080402 -0.41435184
 -0.3580895 ]
3: [ 0.15430335  0.37796447 -0.15544413 -0.28078957  0.29064737  0.79876366
  0.01367071]
4: [ 0.15430335  0.37796447 -0.15544413 -0.76121957 -0.48822112 -0.3385342
  0.13531337]
5: [ 0.15430335  0.37796447 -0.15544413  0.44821909 -0.31245753 -0.12785044
  0.79373556]
6: [-9.25820100e-01  3.77964473e-01 -1.48581291e-01 -2.56175812e-02
 -3.06820662e-02  3.51637367e-04  5.12831419e-02]
7: [ 0.15430335  0.37796447  0.92580193  0.13445679  0.18006007 -0.12653172
 -0.22194527]

n = 8
[0 1 1 1 1 1 1 1]
[1 0 1 1 1 1 1 1]
[1 1 0 1 1 1 1 1]
[1 1 1 0 1 1 1 1]
[1 1 1 1 0 1 1 1]
[1 1 1 1 1 0 1 1]
[1 1 1 1 1 1 0 1]
[1 1 1 1 1 1 1 0]

Eigenvalues: 
1: (-1.0000000000000002+0j)
2: (-1+0j)
3: (-1+0j)
4: (-1+0j)
5: (-0.9999999999999999+0j)
6: (-0.9999999999999999+0j)
7: (-0.9999999999999994+0j)
8: (6.999999999999998+0j)

Eigenvectors: 
1: [ 0.13363062+0.j  0.35355339+0.j -0.16709604+0.j  0.57345997+0.j
  0.57345997+0.j  0.08225837+0.j  0.09374429+0.j  0.01594951+0.j]
2: [-0.93541435+0.j          0.35355339+0.j          0.09515146+0.j
  0.04193565-0.03866572j  0.04193565+0.03866572j -0.00961492+0.j
  0.00461837+0.j          0.02371123+0.j        ]
3: [ 0.13363062+0.j          0.35355339+0.j         -0.16709604+0.j
 -0.16907369+0.40541313j -0.16907369-0.40541313j  0.00381011+0.j
 -0.00397204+0.j         -0.05315721+0.j        ]
4: [ 0.13363062+0.j          0.35355339+0.j         -0.16709604+0.j
 -0.21156173+0.00049837j -0.21156173-0.00049837j  0.86316775+0.j
 -0.28104163+0.j         -0.30549928+0.j        ]
5: [ 0.13363062+0.j          0.35355339+0.j         -0.16709604+0.j
 -0.21156173+0.00049837j -0.21156173-0.00049837j -0.28264244+0.j
  0.86115262+0.j         -0.30549928+0.j        ]
6: [ 0.13363062+0.j          0.35355339+0.j         -0.16709604+0.j
 -0.21156173+0.00049837j -0.21156173-0.00049837j -0.28264244+0.j
 -0.28104163+0.j          0.7819439 +0.j        ]
7: [ 0.13363062+0.j          0.35355339+0.j         -0.16709604+0.j
 -0.21156173+0.00049837j -0.21156173-0.00049837j -0.28264244+0.j
 -0.28104163+0.j         -0.38357419+0.j        ]
8: [ 0.13363062+0.j          0.35355339+0.j          0.90742476+0.j
  0.399925  -0.36874089j  0.399925  +0.36874089j -0.091694  +0.j
 -0.11241835+0.j          0.22612533+0.j        ]

