Tables using graphs: 
  n    m   |V|   |E|   deg   alpha   sigma
  1    1   2     1     1     1       1
  2    1   3     2     2     2       2
  3    1   4     3     3     3       3
  4    1   5     4     4     4       4
  5    1   6     5     5     5       5
  6    1   7     6     6     6       6
  7    1   8     7     7     7       7
  8    1   9     8     8     8       8
  9    1   10    9     9     9       9
  10   1   11    10    10    10      10

  n    m   |V|   |E|   deg   alpha   sigma
  1    2   3     2     2     2       2
  2    2   4     4     2     2       2
  3    2   5     6     3     3       2
  4    2   6     8     4     4       3
  5    2   7     10    5     5       4
  6    2   8     12    6     6       5
  7    2   9     14    7     7       6
  8    2   10    16    8     8       7
  9    2   11    18    9     9       8
  10   2   12    20    10    10      9

  n    m   |V|   |E|   deg   alpha   sigma
  1    3   4     3     3     3       3
  2    3   5     6     3     3       2
  3    3   6     9     3     3       2
  4    3   7     12    4     4       3
  5    3   8     15    5     5       3
  6    3   9     18    6     6       4
  7    3   10    21    7     7       5
  8    3   11    24    8     8       6
  9    3   12    27    9     9       7
  10   3   13    30    10    10      8

  n    m   |V|   |E|   deg   alpha   sigma
  1    4   5     4     4     4       4
  2    4   6     8     4     4       3
  3    4   7     12    4     4       3
  4    4   8     16    4     4       3
  5    4   9     20    5     5       3
  6    4   10    24    6     6       4
  7    4   11    28    7     7       4
  8    4   12    32    8     8       5
  9    4   13    36    9     9       6
  10   4   14    40    10    10      7

  n    m   |V|   |E|   deg   alpha   sigma
  1    5   6     5     5     5       5
  2    5   7     10    5     5       4
  3    5   8     15    5     5       3
  4    5   9     20    5     5       3
  5    5   10    25    5     5       3
  6    5   11    30    6     6       4
  7    5   12    35    7     7       4
  8    5   13    40    8     8       5
  9    5   14    45    9     9       5
  10   5   15    50    10    10      6

  n    m   |V|   |E|   deg   alpha   sigma
  1    6   7     6     6     6       6
  2    6   8     12    6     6       5
  3    6   9     18    6     6       4
  4    6   10    24    6     6       4
  5    6   11    30    6     6       4
  6    6   12    36    6     6       4
  7    6   13    42    7     7       4
  8    6   14    48    8     8       5
  9    6   15    54    9     9       5
  10   6   16    60    10    10      6

  n    m   |V|   |E|   deg   alpha   sigma
  1    7   8     7     7     7       7
  2    7   9     14    7     7       6
  3    7   10    21    7     7       5
  4    7   11    28    7     7       4
  5    7   12    35    7     7       4
  6    7   13    42    7     7       4
  7    7   14    49    7     7       4
  8    7   15    56    8     8       5
  9    7   16    63    9     9       5
  10   7   17    70    10    10      6

  n    m   |V|   |E|   deg   alpha   sigma
  1    8   9     8     8     8       8
  2    8   10    16    8     8       7
  3    8   11    24    8     8       6
  4    8   12    32    8     8       5
  5    8   13    40    8     8       5
  6    8   14    48    8     8       5
  7    8   15    56    8     8       5
  8    8   16    64    8     8       5
  9    8   17    72    9     9       5
  10   8   18    80    10    10      6

  n    m   |V|   |E|   deg   alpha   sigma
  1    9   10    9     9     9       9
  2    9   11    18    9     9       8
  3    9   12    27    9     9       7
  4    9   13    36    9     9       6
  5    9   14    45    9     9       5
  6    9   15    54    9     9       5
  7    9   16    63    9     9       5
  8    9   17    72    9     9       5
  9    9   18    81    9     9       5
  10   9   19    90    10    10      6

  n    m    |V|   |E|   deg   alpha   sigma
  1    10   11    10    10    10      10
  2    10   12    20    10    10      9
  3    10   13    30    10    10      8
  4    10   14    40    10    10      7
  5    10   15    50    10    10      6
  6    10   16    60    10    10      6
  7    10   17    70    10    10      6
  8    10   18    80    10    10      6
  9    10   19    90    10    10      6
  10   10   20    100   10    10      6


Tables using formulas: 
  n    m   deg   alpha   sigma
  1    1   1     1       1
  2    1   2     2       2
  3    1   3     3       3
  4    1   4     4       4
  5    1   5     5       5
  6    1   6     6       6
  7    1   7     7       7
  8    1   8     8       8
  9    1   9     9       9
  10   1   10    10      10

  n    m   deg   alpha   sigma
  1    2   2     2       2
  2    2   2     2       2
  3    2   3     3       2
  4    2   4     4       3
  5    2   5     5       4
  6    2   6     6       5
  7    2   7     7       6
  8    2   8     8       7
  9    2   9     9       8
  10   2   10    10      9

  n    m   deg   alpha   sigma
  1    3   3     3       3
  2    3   3     3       2
  3    3   3     3       2
  4    3   4     4       3
  5    3   5     5       3
  6    3   6     6       4
  7    3   7     7       5
  8    3   8     8       6
  9    3   9     9       7
  10   3   10    10      8

  n    m   deg   alpha   sigma
  1    4   4     4       4
  2    4   4     4       3
  3    4   4     4       3
  4    4   4     4       3
  5    4   5     5       3
  6    4   6     6       4
  7    4   7     7       4
  8    4   8     8       5
  9    4   9     9       6
  10   4   10    10      7

  n    m   deg   alpha   sigma
  1    5   5     5       5
  2    5   5     5       4
  3    5   5     5       3
  4    5   5     5       3
  5    5   5     5       3
  6    5   6     6       4
  7    5   7     7       4
  8    5   8     8       5
  9    5   9     9       5
  10   5   10    10      6

  n    m   deg   alpha   sigma
  1    6   6     6       6
  2    6   6     6       5
  3    6   6     6       4
  4    6   6     6       4
  5    6   6     6       4
  6    6   6     6       4
  7    6   7     7       4
  8    6   8     8       5
  9    6   9     9       5
  10   6   10    10      6

  n    m   deg   alpha   sigma
  1    7   7     7       7
  2    7   7     7       6
  3    7   7     7       5
  4    7   7     7       4
  5    7   7     7       4
  6    7   7     7       4
  7    7   7     7       4
  8    7   8     8       5
  9    7   9     9       5
  10   7   10    10      6

  n    m   deg   alpha   sigma
  1    8   8     8       8
  2    8   8     8       7
  3    8   8     8       6
  4    8   8     8       5
  5    8   8     8       5
  6    8   8     8       5
  7    8   8     8       5
  8    8   8     8       5
  9    8   9     9       5
  10   8   10    10      6

  n    m   deg   alpha   sigma
  1    9   9     9       9
  2    9   9     9       8
  3    9   9     9       7
  4    9   9     9       6
  5    9   9     9       5
  6    9   9     9       5
  7    9   9     9       5
  8    9   9     9       5
  9    9   9     9       5
  10   9   10    10      6

  n    m    deg   alpha   sigma
  1    10   10    10      10
  2    10   10    10      9
  3    10   10    10      8
  4    10   10    10      7
  5    10   10    10      6
  6    10   10    10      6
  7    10   10    10      6
  8    10   10    10      6
  9    10   10    10      6
  10   10   10    10      6


Adjacency matrices: 
n = 6
m = 6
[0 0 0 0 0 0 1 1 1 1 1 1]
[0 0 0 0 0 0 1 1 1 1 1 1]
[0 0 0 0 0 0 1 1 1 1 1 1]
[0 0 0 0 0 0 1 1 1 1 1 1]
[0 0 0 0 0 0 1 1 1 1 1 1]
[0 0 0 0 0 0 1 1 1 1 1 1]
[1 1 1 1 1 1 0 0 0 0 0 0]
[1 1 1 1 1 1 0 0 0 0 0 0]
[1 1 1 1 1 1 0 0 0 0 0 0]
[1 1 1 1 1 1 0 0 0 0 0 0]
[1 1 1 1 1 1 0 0 0 0 0 0]
[1 1 1 1 1 1 0 0 0 0 0 0]

Eigenvalues: 
1: -6.000000000000002
2: -9.96727846822756e-31
3: -1.6624664353937744e-33
4: -3.426027453013767e-49
5: 0.0
6: 0.0
7: 0.0
8: 9.363352709384397e-97
9: 1.1703180451775058e-80
10: 6.258687678341858e-32
11: 5.827717586069236e-17
12: 6.000000000000001

Eigenvectors: 
1: [-2.88675135e-01 -2.88675135e-01  9.12870929e-01 -9.05160443e-01
 -1.17619137e-01  1.50982336e-01 -2.29643226e-16  5.55111512e-17
  5.55111512e-17 -5.55111512e-17  9.96534363e-18 -3.27977675e-18]
2: [-2.88675135e-01 -2.88675135e-01 -1.82574186e-01  2.26440204e-01
 -2.75601447e-01 -8.62316466e-01  1.11851931e-15  2.38121790e-17
  1.71625617e-18  3.01284488e-17 -2.79593312e-18  8.12193446e-18]
3: [-2.88675135e-01 -2.88675135e-01 -1.82574186e-01  2.14413975e-01
 -2.50714294e-01  3.40373673e-01 -7.07106781e-01  2.50017402e-17
  5.89146730e-17 -3.33994046e-17 -2.59259661e-17 -1.56370513e-17]
4: [-2.88675135e-01  2.88675135e-01  1.60142272e-17 -1.78922803e-17
 -2.32497407e-18  2.98446346e-18  3.49994425e-16 -9.12870929e-01
  3.11408260e-16  5.03711142e-17 -2.74444726e-18 -2.28596808e-18]
5: [-2.88675135e-01  2.88675135e-01  1.60142272e-17 -1.78922803e-17
 -2.32497407e-18  2.98446346e-18 -6.99988849e-17  1.82574186e-01
 -2.23606798e-01 -2.88675135e-01 -5.77350269e-01 -5.77350269e-01]
6: [-2.88675135e-01  2.88675135e-01  1.60142272e-17 -1.78922803e-17
 -2.32497407e-18  2.98446346e-18 -6.99988849e-17  1.82574186e-01
 -2.23606798e-01 -2.88675135e-01  7.88675135e-01 -2.11324865e-01]
7: [-2.88675135e-01  2.88675135e-01  1.60142272e-17 -1.78922803e-17
 -2.32497407e-18  2.98446346e-18 -6.99988849e-17  1.82574186e-01
 -2.23606798e-01 -2.88675135e-01 -2.11324865e-01  7.88675135e-01]
8: [-2.88675135e-01  2.88675135e-01  1.60142272e-17 -1.78922803e-17
 -2.32497407e-18  2.98446346e-18 -6.99988849e-17  1.82574186e-01
 -2.23606798e-01  8.66025404e-01 -3.38272534e-19 -3.76774306e-17]
9: [-2.88675135e-01  2.88675135e-01  1.60142272e-17 -1.78922803e-17
 -2.32497407e-18  2.98446346e-18 -6.99988849e-17  1.82574186e-01
  8.94427191e-01 -4.54233760e-17  5.04209772e-18  1.79132477e-17]
10: [-2.88675135e-01 -2.88675135e-01 -1.82574186e-01  2.14413975e-01
 -2.50714294e-01  3.40373673e-01  7.07106781e-01 -1.76515822e-17
 -3.69260248e-17  3.53376260e-17 -2.63039625e-17 -2.48428184e-17]
11: [-2.88675135e-01 -2.88675135e-01 -1.82574186e-01  1.80801422e-01
  8.85671307e-01  4.21112605e-02 -9.26839424e-17 -4.01682464e-17
 -7.02944312e-17 -2.00841232e-17  4.01682464e-17  4.01682464e-17]
12: [-2.88675135e-01 -2.88675135e-01 -1.82574186e-01  6.90908667e-02
  8.97786481e-03 -1.15244767e-02  1.79540283e-17  1.03196574e-33
  3.71887069e-49 -1.58768235e-65  1.06216841e-81  1.06216841e-81]

n = 7
m = 6
[0 0 0 0 0 0 1 1 1 1 1 1 1]
[0 0 0 0 0 0 1 1 1 1 1 1 1]
[0 0 0 0 0 0 1 1 1 1 1 1 1]
[0 0 0 0 0 0 1 1 1 1 1 1 1]
[0 0 0 0 0 0 1 1 1 1 1 1 1]
[0 0 0 0 0 0 1 1 1 1 1 1 1]
[1 1 1 1 1 1 0 0 0 0 0 0 0]
[1 1 1 1 1 1 0 0 0 0 0 0 0]
[1 1 1 1 1 1 0 0 0 0 0 0 0]
[1 1 1 1 1 1 0 0 0 0 0 0 0]
[1 1 1 1 1 1 0 0 0 0 0 0 0]
[1 1 1 1 1 1 0 0 0 0 0 0 0]
[1 1 1 1 1 1 0 0 0 0 0 0 0]

Eigenvalues: 
1: (-6.48074069840786+0j)
2: (-1.9039894092948595e-16+0j)
3: (-1.594519754608987e-48+0j)
4: (-4.815040979229824e-64+0j)
5: (-4.0165639104248565e-64+0j)
6: (-1.7639160323430693e-80+0j)
7: (-5.475376420628235e-98+0j)
8: (2.442618627785371e-96+0j)
9: (3.847546828634751e-81+0j)
10: (1.286542198650908e-32+0j)
11: (1.286542198650908e-32+0j)
12: (3.697785493223493e-31+0j)
13: (6.480740698407858+0j)

Eigenvectors: 
1: [ 2.88675135e-01+0.j         -2.88675135e-01+0.j
  1.93180956e-01+0.j          1.82574186e-01+0.j
  6.91462456e-02+0.03011522j  6.91462456e-02-0.03011522j
 -1.30075279e-17+0.j         -1.81283373e-03+0.j
 -3.84322299e-04+0.j          1.52778342e-17+0.j
 -2.74549256e-18+0.j          2.36469581e-19+0.j
  1.08695987e-18+0.j        ]
2: [ 2.88675135e-01+0.j -2.88675135e-01+0.j -2.70862983e-01+0.j
  1.82574186e-01+0.j -6.87108100e-01+0.j -6.87108100e-01+0.j
  1.40080503e-16+0.j -5.66226585e-02+0.j  6.20554694e-02+0.j
 -1.68691562e-16+0.j  4.96207761e-17+0.j -1.43655353e-16+0.j
  7.83174318e-17+0.j]
3: [-2.67261242e-01+0.j -2.67261242e-01+0.j  6.60018622e-17+0.j
 -7.31871583e-17+0.j  2.36243834e-17+0.j  2.36243834e-17+0.j
  2.93737030e-17+0.j -2.34028682e-02+0.j -1.01577544e-01+0.j
 -6.86565008e-17+0.j -8.68319999e-19+0.j  7.85581853e-18+0.j
  2.47163436e-17+0.j]
4: [-2.67261242e-01+0.j -2.67261242e-01+0.j  6.60018622e-17+0.j
 -7.31871583e-17+0.j  2.36243834e-17+0.j  2.36243834e-17+0.j
  1.89248911e-17+0.j -7.75390105e-02+0.j  8.06216393e-02+0.j
  3.11834726e-01+0.j  4.68384000e-01+0.j -6.55911018e-01+0.j
  1.70892643e-01+0.j]
5: [-2.67261242e-01+0.j -2.67261242e-01+0.j  6.60018622e-17+0.j
 -7.31871583e-17+0.j  2.36243834e-17+0.j  2.36243834e-17+0.j
  1.89248911e-17+0.j -7.75390105e-02+0.j  8.06216393e-02+0.j
  4.97588052e-01+0.j -8.13383092e-01+0.j  6.63340232e-01+0.j
 -1.72828269e-01+0.j]
6: [-2.67261242e-01+0.j -2.67261242e-01+0.j  6.60018622e-17+0.j
 -7.31871583e-17+0.j  2.36243834e-17+0.j  2.36243834e-17+0.j
  1.89248911e-17+0.j -7.75390105e-02+0.j  8.06216393e-02+0.j
  4.62017404e-16+0.j  0.00000000e+00+0.j  2.50897560e-01+0.j
 -6.53694572e-02+0.j]
7: [-2.67261242e-01+0.j -2.67261242e-01+0.j  6.60018622e-17+0.j
 -7.31871583e-17+0.j  2.36243834e-17+0.j  2.36243834e-17+0.j
 -1.23998158e-16+0.j  4.11097921e-01+0.j -3.01530653e-01+0.j
 -8.09422778e-01+0.j  3.44999092e-01+0.j -2.58326774e-01+0.j
  6.73050826e-02+0.j]
8: [-2.67261242e-01+0.j -2.67261242e-01+0.j  6.60018622e-17+0.j
 -7.31871583e-17+0.j  2.36243834e-17+0.j  2.36243834e-17+0.j
  1.89248911e-17+0.j -7.75390105e-02+0.j  8.06216393e-02+0.j
 -2.56676336e-17+0.j  7.92050131e-17+0.j -6.25159980e-03+0.j
  6.82686954e-01+0.j]
9: [-2.67261242e-01+0.j -2.67261242e-01+0.j  6.60018622e-17+0.j
 -7.31871583e-17+0.j  2.36243834e-17+0.j  2.36243834e-17+0.j
  1.89248911e-17+0.j -7.75390105e-02+0.j  8.06216393e-02+0.j
 -2.56676336e-17+0.j  7.92050131e-17+0.j  6.25159980e-03+0.j
 -6.82686954e-01+0.j]
10: [ 2.88675135e-01+0.j         -2.88675135e-01+0.j
 -1.83789506e-01+0.j          1.82574186e-01+0.j
 -5.39693413e-03-0.27601605j -5.39693413e-03+0.27601605j
  7.07106781e-01+0.j         -4.73338241e-01+0.j
  4.94315110e-01+0.j         -9.78955644e-17+0.j
  9.03014702e-18+0.j         -6.88837180e-17+0.j
  6.94638310e-17+0.j        ]
11: [ 2.88675135e-01+0.j         -2.88675135e-01+0.j
 -1.83789506e-01+0.j          1.82574186e-01+0.j
 -5.39693413e-03-0.27601605j -5.39693413e-03+0.27601605j
 -7.07106781e-01+0.j          7.32103949e-01+0.j
 -7.59050450e-01+0.j          2.00312824e-16+0.j
 -1.30366615e-16+0.j          3.69837638e-16+0.j
 -2.07435146e-16+0.j        ]
12: [ 2.88675135e-01+0.j         -2.88675135e-01+0.j
 -3.78463691e-01+0.j          1.82574186e-01+0.j
  3.33915725e-01+0.39350543j  3.33915725e-01-0.39350543j
  1.99816110e-16+0.j         -1.92600283e-01+0.j
  2.04702945e-01+0.j          1.30533550e-17+0.j
  6.07757755e-17+0.j         -1.28955324e-16+0.j
  4.62325748e-17+0.j        ]
13: [ 2.88675135e-01+0.j         -2.88675135e-01+0.j
  8.23724731e-01+0.j         -9.12870929e-01+0.j
  2.94839998e-01+0.12841146j  2.94839998e-01-0.12841146j
 -3.98443210e-17+0.j         -7.72993368e-03+0.j
 -1.63875254e-03+0.j          4.82193439e-17+0.j
  3.83752034e-17+0.j         -4.39832626e-17+0.j
  1.63570159e-17+0.j        ]

n = 8
m = 6
[0 0 0 0 0 0 1 1 1 1 1 1 1 1]
[0 0 0 0 0 0 1 1 1 1 1 1 1 1]
[0 0 0 0 0 0 1 1 1 1 1 1 1 1]
[0 0 0 0 0 0 1 1 1 1 1 1 1 1]
[0 0 0 0 0 0 1 1 1 1 1 1 1 1]
[0 0 0 0 0 0 1 1 1 1 1 1 1 1]
[1 1 1 1 1 1 0 0 0 0 0 0 0 0]
[1 1 1 1 1 1 0 0 0 0 0 0 0 0]
[1 1 1 1 1 1 0 0 0 0 0 0 0 0]
[1 1 1 1 1 1 0 0 0 0 0 0 0 0]
[1 1 1 1 1 1 0 0 0 0 0 0 0 0]
[1 1 1 1 1 1 0 0 0 0 0 0 0 0]
[1 1 1 1 1 1 0 0 0 0 0 0 0 0]
[1 1 1 1 1 1 0 0 0 0 0 0 0 0]

Eigenvalues: 
1: (-6.928203230275509+0j)
2: (-6.552645815478608e-17+0j)
3: (-2.4549185855464767e-31+0j)
4: (-5.769701587804161e-32+0j)
5: (-5.769701587804161e-32+0j)
6: (-7.862852080838044e-49+0j)
7: (-1.887907601796914e-80+0j)
8: (-2.1816314755397556e-81+0j)
9: (6.327884038688501e-96+0j)
10: (4.683660488056811e-65+0j)
11: (3.3333203067391976e-64+0j)
12: (1.9852729827580118e-49+0j)
13: (2.5257154680952376e-32+0j)
14: (6.928203230275509+0j)

Eigenvectors: 
1: [ 2.88675135e-01+0.j        -2.88675135e-01+0.j
 -1.82574186e-01+0.j        -6.83489087e-02+0.j
  6.97396211e-02+0.0723804j  6.97396211e-02-0.0723804j
  1.20258708e-01+0.j        -4.79615108e-05+0.j
  2.15451748e-04+0.j        -1.53796012e-04+0.j
 -8.50102679e-06+0.j        -3.03088837e-05+0.j
 -2.07998009e-04+0.j         1.80600131e-04+0.j       ]
2: [ 2.88675135e-01+0.j         -2.88675135e-01+0.j
 -1.82574186e-01+0.j         -4.40370804e-01+0.j
  4.89312791e-01+0.01691894j  4.89312791e-01-0.01691894j
 -2.01259018e-01+0.j         -1.41115494e-04+0.j
  6.33916227e-04+0.j         -4.52508687e-04+0.j
 -2.50122771e-05+0.j         -8.91767800e-05+0.j
 -6.11985347e-04+0.j          5.93964932e-04+0.j        ]
3: [ 0.28867513+0.j         -0.28867513+0.j         -0.18257419+0.j
 -0.12485278+0.j         -0.01206534+0.03648607j -0.01206534-0.03648607j
 -0.22478153+0.j         -0.00538514+0.j          0.02419101+0.j
 -0.01726828+0.j         -0.0009545 +0.j         -0.00340309+0.j
 -0.0233541 +0.j          0.02328973+0.j        ]
4: [ 0.28867513+0.j         -0.28867513+0.j         -0.18257419+0.j
 -0.1040734 +0.j          0.02160191-0.06289271j  0.02160191+0.06289271j
  0.29898833+0.j          0.3656522 +0.j          0.4305466 +0.j
  0.04321453+0.j          0.00238867+0.j          0.00851637+0.j
  0.05844453+0.j         -0.02663973+0.j        ]
5: [ 0.28867513+0.j         -0.28867513+0.j         -0.18257419+0.j
 -0.1040734 +0.j          0.02160191-0.06289271j  0.02160191+0.06289271j
  0.29898833+0.j         -0.36028169+0.j         -0.45467189+0.j
 -0.02599316+0.j         -0.00143676+0.j         -0.00512252+0.j
 -0.03515387+0.j          0.00337472+0.j        ]
6: [-2.50000000e-01+0.j         -2.50000000e-01+0.j
 -1.00073703e-16+0.j         -4.81576656e-02+0.j
  6.66132189e-02+0.10898053j  6.66132189e-02-0.10898053j
  1.62062239e-01+0.j         -1.56739788e-01+0.j
  1.42545690e-01+0.j         -1.93775743e-01+0.j
 -6.30551875e-01+0.j         -1.12507589e-02+0.j
 -7.72095557e-02+0.j          9.62297795e-03+0.j        ]
7: [-2.50000000e-01+0.j         -2.50000000e-01+0.j
  2.09058237e-16+0.j          1.44472997e-01+0.j
 -1.99839657e-01-0.32694158j -1.99839657e-01+0.32694158j
 -4.86186717e-01+0.j          1.76889434e-04+0.j
 -7.94619209e-04+0.j          5.67223364e-04+0.j
  3.13530952e-05+0.j          1.11783828e-04+0.j
  7.67128671e-04+0.j         -3.71518880e-03+0.j        ]
8: [-2.50000000e-01+0.j         -2.50000000e-01+0.j
 -1.00073703e-16+0.j         -4.81576656e-02+0.j
  6.66132189e-02+0.10898053j  6.66132189e-02-0.10898053j
  1.62062239e-01+0.j         -1.56739788e-01+0.j
  1.42545690e-01+0.j          3.50348673e-01+0.j
 -4.54539846e-02+0.j          8.03521460e-01+0.j
 -3.59666195e-03+0.j         -2.96387286e-02+0.j        ]
9: [-2.50000000e-01+0.j         -2.50000000e-01+0.j
  2.09058237e-16+0.j          1.44472997e-01+0.j
 -1.99839657e-01-0.32694158j -1.99839657e-01+0.32694158j
 -4.86186717e-01+0.j          1.76889434e-04+0.j
 -7.94619209e-04+0.j          5.67223364e-04+0.j
  3.13530952e-05+0.j          1.11783828e-04+0.j
  7.67128671e-04+0.j         -6.59789200e-04+0.j        ]
10: [-2.50000000e-01+0.j         -2.50000000e-01+0.j
 -1.00073703e-16+0.j         -4.81576656e-02+0.j
  6.66132189e-02+0.10898053j  6.66132189e-02-0.10898053j
  1.62062239e-01+0.j         -1.56739788e-01+0.j
  1.42545690e-01+0.j          3.50348673e-01+0.j
 -4.54539846e-02+0.j         -5.66604932e-01+0.j
  8.54693445e-01+0.j         -7.35789308e-01+0.j        ]
11: [-2.50000000e-01+0.j         -2.50000000e-01+0.j
 -1.00073703e-16+0.j         -4.81576656e-02+0.j
  6.66132189e-02+0.10898053j  6.66132189e-02-0.10898053j
  1.62062239e-01+0.j         -1.56739788e-01+0.j
  1.42545690e-01+0.j          3.50348673e-01+0.j
 -4.54539846e-02+0.j         -1.78639372e-01+0.j
 -4.51163463e-01+0.j          6.72467604e-01+0.j        ]
12: [-2.50000000e-01+0.j         -2.50000000e-01+0.j
 -1.00073703e-16+0.j         -4.81576656e-02+0.j
  6.66132189e-02+0.10898053j  6.66132189e-02-0.10898053j
  1.62062239e-01+0.j         -1.56739788e-01+0.j
  1.42545690e-01+0.j         -7.63078400e-01+0.j
  7.72120256e-01+0.j         -2.84638185e-02+0.j
 -1.95336049e-01+0.j          3.15094254e-02+0.j        ]
13: [-2.50000000e-01+0.j         -2.50000000e-01+0.j
 -1.00073703e-16+0.j         -4.81576656e-02+0.j
  6.66132189e-02+0.10898053j  6.66132189e-02-0.10898053j
  1.62062239e-01+0.j          7.83345161e-01+0.j
 -7.11139209e-01+0.j         -9.53263229e-02+0.j
 -5.26913288e-03+0.j         -1.87861466e-02+0.j
 -1.28921973e-01+0.j          5.62030078e-02+0.j        ]
14: [ 2.88675135e-01+0.j -2.88675135e-01+0.j  9.12870929e-01+0.j
  8.41719289e-01+0.j -5.90190903e-01+0.j -5.90190903e-01+0.j
 -2.92194816e-01+0.j  2.03704927e-04+0.j -9.15079237e-04+0.j
  6.53211397e-04+0.j  3.61060570e-05+0.j  1.28729659e-04+0.j
  8.83421280e-04+0.j -7.99297276e-04+0.j]

n = 6
m = 7
[0 0 0 0 0 0 0 1 1 1 1 1 1]
[0 0 0 0 0 0 0 1 1 1 1 1 1]
[0 0 0 0 0 0 0 1 1 1 1 1 1]
[0 0 0 0 0 0 0 1 1 1 1 1 1]
[0 0 0 0 0 0 0 1 1 1 1 1 1]
[0 0 0 0 0 0 0 1 1 1 1 1 1]
[0 0 0 0 0 0 0 1 1 1 1 1 1]
[1 1 1 1 1 1 1 0 0 0 0 0 0]
[1 1 1 1 1 1 1 0 0 0 0 0 0]
[1 1 1 1 1 1 1 0 0 0 0 0 0]
[1 1 1 1 1 1 1 0 0 0 0 0 0]
[1 1 1 1 1 1 1 0 0 0 0 0 0]
[1 1 1 1 1 1 1 0 0 0 0 0 0]

Eigenvalues: 
1: (-6.48074069840786+0j)
2: (-2.0929248481244018e-30+0j)
3: (-1.2872618084283052e-32+0j)
4: (-2.5960173383288185e-49+0j)
5: (-2.5960173383288185e-49+0j)
6: (-2.6099316713656963e-65+0j)
7: (-4.2168791772922093e-81+0j)
8: (-3.511257266019149e-97+0j)
9: (1.1639526189265865e-81+0j)
10: (4.940990288007951e-45+0j)
11: (2.1058259573206958e-33+0j)
12: (4.378574035551355e-17+0j)
13: (6.480740698407861+0j)

Eigenvectors: 
1: [ 2.67261242e-01+0.j  2.67261242e-01+0.j -9.25820100e-01+0.j
  9.20346954e-01+0.j -1.35336095e-02+0.j  1.22995495e-03+0.j
 -1.93926640e-15+0.j -2.43568957e-16+0.j -2.43568957e-16+0.j
  5.15517484e-17+0.j  2.02954444e-17+0.j  2.71327147e-17+0.j
  2.80690868e-17+0.j]
2: [ 2.67261242e-01+0.j  2.67261242e-01+0.j  1.54303350e-01+0.j
 -1.56514557e-01+0.j -1.27852629e-02+0.j -4.39371562e-04+0.j
  1.50160234e-16+0.j -2.57660449e-17+0.j -2.57660449e-17+0.j
 -1.04246235e-17+0.j  4.95520032e-17+0.j -2.61668089e-17+0.j
 -4.70566066e-17+0.j]
3: [ 2.67261242e-01+0.j  2.67261242e-01+0.j  1.54303350e-01+0.j
 -1.58646843e-01+0.j -7.68732805e-03+0.j  2.39276540e-03+0.j
 -5.76751807e-15+0.j  7.03777222e-01+0.j  7.03777222e-01+0.j
 -2.48673175e-18+0.j -1.38701276e-16+0.j  2.50379368e-17+0.j
  1.73435764e-17+0.j]
4: [ 2.88675135e-01+0.j         -2.88675135e-01+0.j
  1.09486527e-16+0.j          4.67327862e-03+0.j
 -1.82312690e-01+0.j         -1.82566800e-01+0.j
  1.82574186e-01+0.j         -3.25304614e-02+0.00049527j
 -3.25304614e-02-0.00049527j -6.12461093e-01+0.j
 -8.94427191e-01+0.j          1.28396848e-01+0.j
 -9.33750285e-02+0.j        ]
5: [ 2.88675135e-01+0.j         -2.88675135e-01+0.j
  1.09486527e-16+0.j          4.67327862e-03+0.j
 -1.82312690e-01+0.j         -1.82566800e-01+0.j
  1.82574186e-01+0.j         -3.25304614e-02+0.00049527j
 -3.25304614e-02-0.00049527j  7.84253687e-01+0.j
  2.23606798e-01+0.j         -1.64411589e-01+0.j
  1.19566306e-01+0.j        ]
6: [ 2.88675135e-01+0.j         -2.88675135e-01+0.j
  1.09486527e-16+0.j          4.67327862e-03+0.j
 -1.82312690e-01+0.j         -1.82566800e-01+0.j
  1.82574186e-01+0.j         -3.25304614e-02+0.00049527j
 -3.25304614e-02-0.00049527j -5.72641980e-02+0.j
  2.23606798e-01+0.j          8.06039461e-01+0.j
 -4.12206229e-01+0.j        ]
7: [ 2.88675135e-01+0.j         -2.88675135e-01+0.j
  1.09486527e-16+0.j          4.67327862e-03+0.j
 -1.82312690e-01+0.j         -1.82566800e-01+0.j
  1.82574186e-01+0.j         -3.25304614e-02+0.00049527j
 -3.25304614e-02-0.00049527j -5.72641980e-02+0.j
  2.23606798e-01+0.j         -3.13198599e-01+0.j
  7.98221180e-01+0.j        ]
8: [ 2.88675135e-01+0.j         -2.88675135e-01+0.j
  1.09486527e-16+0.j          4.67327862e-03+0.j
 -1.82312690e-01+0.j         -1.82566800e-01+0.j
  1.82574186e-01+0.j         -3.25304614e-02+0.00049527j
 -3.25304614e-02-0.00049527j -5.72641980e-02+0.j
  2.23606798e-01+0.j         -4.56826120e-01+0.j
 -4.12206229e-01+0.j        ]
9: [ 2.88675135e-01+0.j         -2.88675135e-01+0.j
 -5.74458822e-16+0.j         -2.33663931e-02+0.j
  9.11563452e-01+0.j          9.12834000e-01+0.j
 -9.12870929e-01+0.j          1.62652307e-01-0.00247637j
  1.62652307e-01+0.00247637j  1.92861926e-14+0.j
  2.81058581e-14+0.j         -4.04296359e-15+0.j
  2.94057075e-15+0.j        ]
10: [ 2.67261242e-01+0.j          2.67261242e-01+0.j
  1.54303350e-01+0.j         -1.58646843e-01+0.j
 -7.68732805e-03+0.j          2.39276540e-03+0.j
 -5.56351250e-15+0.j         -1.57204877e-01+0.27339407j
 -1.57204877e-01-0.27339407j -1.12936776e-17+0.j
  3.36225062e-17+0.j         -4.33479017e-17+0.j
  6.32302514e-17+0.j        ]
11: [ 2.67261242e-01+0.j          2.67261242e-01+0.j
  1.54303350e-01+0.j         -1.58646843e-01+0.j
 -7.68732805e-03+0.j          2.39276540e-03+0.j
 -5.79876353e-15+0.j         -5.46572345e-01-0.27339407j
 -5.46572345e-01+0.27339407j  2.37457171e-18+0.j
  7.87137695e-17+0.j          2.79572598e-18+0.j
  9.14606752e-19+0.j        ]
12: [ 2.67261242e-01+0.j  2.67261242e-01+0.j  1.54303350e-01+0.j
 -2.17641816e-01+0.j  4.83478365e-02+0.j -7.87499718e-03+0.j
  1.89150419e-14+0.j  4.15024642e-17+0.j  4.15024642e-17+0.j
  3.44727139e-17+0.j  2.89082296e-17+0.j -1.39055173e-17+0.j
  1.69815332e-18+0.j]
13: [ 2.67261242e-01+0.j  2.67261242e-01+0.j  1.54303350e-01+0.j
 -7.02500526e-02+0.j  1.03301996e-03+0.j -9.38824208e-05+0.j
  8.88806505e-17+0.j  2.97231372e-17+0.j  2.97231372e-17+0.j
  1.81217721e-29+0.j  2.82724795e-29+0.j -3.80121043e-30+0.j
  2.83673100e-30+0.j]

n = 7
m = 7
[0 0 0 0 0 0 0 1 1 1 1 1 1 1]
[0 0 0 0 0 0 0 1 1 1 1 1 1 1]
[0 0 0 0 0 0 0 1 1 1 1 1 1 1]
[0 0 0 0 0 0 0 1 1 1 1 1 1 1]
[0 0 0 0 0 0 0 1 1 1 1 1 1 1]
[0 0 0 0 0 0 0 1 1 1 1 1 1 1]
[0 0 0 0 0 0 0 1 1 1 1 1 1 1]
[1 1 1 1 1 1 1 0 0 0 0 0 0 0]
[1 1 1 1 1 1 1 0 0 0 0 0 0 0]
[1 1 1 1 1 1 1 0 0 0 0 0 0 0]
[1 1 1 1 1 1 1 0 0 0 0 0 0 0]
[1 1 1 1 1 1 1 0 0 0 0 0 0 0]
[1 1 1 1 1 1 1 0 0 0 0 0 0 0]
[1 1 1 1 1 1 1 0 0 0 0 0 0 0]

Eigenvalues: 
1: -6.999999999999999
2: -1.808155633675489e-16
3: -3.2276992934785825e-31
4: -9.447308123032148e-33
5: -4.02560091617375e-40
6: -3.5473416419123514e-66
7: -4.231743010360627e-81
8: -2.316384508227127e-100
9: 5.5911778488389545e-98
10: 7.128878164159006e-82
11: 2.6662002655446918e-50
12: 5.546300049941942e-48
13: 4.025602637030955e-40
14: 6.999999999999998

Eigenvectors: 
1: [-2.67261242e-01  2.67261242e-01  1.54303350e-01 -7.40035300e-04
 -1.92470542e-01  1.07039363e-09  1.07039288e-09 -4.36798457e-17
 -2.99935881e-16  3.06281738e-30 -2.80170663e-30  1.43607318e-31
 -1.65676412e-32  2.95775088e-31]
2: [-2.67261242e-01  2.67261242e-01  1.54303350e-01  3.91124507e-02
  2.13750806e-01 -1.33497030e-09 -1.33497130e-09 -3.83146384e-17
 -1.44122444e-16 -7.17446630e-18 -4.52055705e-18 -9.39976701e-18
 -1.97151507e-17  2.16799746e-18]
3: [-2.67261242e-01  2.67261242e-01  1.54303350e-01 -8.80422513e-03
  1.99853814e-01 -9.79281403e-09 -9.79280804e-09 -3.54652975e-03
  8.09036415e-01 -8.58626501e-17  8.14740688e-17 -5.34833838e-18
  9.52525929e-17  4.41953846e-17]
4: [-2.67261242e-01  2.67261242e-01  1.54303350e-01 -8.80422513e-03
  1.99853814e-01  2.17887953e-08  2.17887856e-08 -6.41106226e-16
 -5.99323721e-15 -5.13706567e-17  6.64623459e-17 -3.71032661e-17
 -2.03188714e-17  2.45992088e-18]
5: [-2.67261242e-01  2.67261242e-01  1.54303350e-01 -8.80422513e-03
  1.99853814e-01 -8.38894303e-09 -8.38893844e-09  7.08113302e-01
 -4.37928820e-01 -1.14947943e-14  1.04883041e-14 -5.18510541e-16
 -5.66707800e-17 -1.11690983e-15]
6: [ 2.67261242e-01  2.67261242e-01  5.43077143e-17  2.38824461e-01
  6.92648560e-02 -2.39045722e-01  2.39045722e-01  1.10805829e-02
  3.01970491e-02 -2.23606798e-01  1.23048072e-01  8.10475769e-01
  7.85518981e-03 -1.40195919e-01]
7: [ 2.67261242e-01  2.67261242e-01  5.43077143e-17  2.38824461e-01
  6.92648560e-02 -2.39045722e-01  2.39045722e-01  1.10805829e-02
  3.01970491e-02 -2.23606798e-01  8.32773292e-02 -4.12660596e-01
 -4.18506400e-02  7.46931526e-01]
8: [ 2.67261242e-01  2.67261242e-01 -1.70647797e-16 -5.97061152e-01
 -1.73162140e-01  5.97614305e-01 -5.97614305e-01 -2.77014573e-02
 -7.54926229e-02  1.34969722e-15 -1.23019670e-15  9.57340727e-17
 -7.06002032e-01 -5.22025819e-02]
9: [ 2.67261242e-01  2.67261242e-01 -1.70647797e-16 -5.97061152e-01
 -1.73162140e-01  5.97614305e-01 -5.97614305e-01 -2.77014573e-02
 -7.54926229e-02  1.34969722e-15 -1.23076362e-15  7.82985438e-17
  7.06002032e-01  5.22025819e-02]
10: [ 2.67261242e-01  2.67261242e-01  5.43077143e-17  2.38824461e-01
  6.92648560e-02 -2.39045722e-01  2.39045722e-01  1.10805829e-02
  3.01970491e-02 -2.23606798e-01  8.32773292e-02 -4.12660596e-01
  3.57085846e-02 -6.37310866e-01]
11: [ 2.67261242e-01  2.67261242e-01  5.43077143e-17  2.38824461e-01
  6.92648560e-02 -2.39045722e-01  2.39045722e-01  1.10805829e-02
  3.01970491e-02  8.94427191e-01 -8.26363569e-01  4.23605021e-02
 -4.88832376e-03  8.72446186e-02]
12: [ 2.67261242e-01  2.67261242e-01  5.43077143e-17  2.38824461e-01
  6.92648560e-02 -2.39045722e-01  2.39045722e-01  1.10805829e-02
  3.01970491e-02 -2.23606798e-01  5.36760838e-01 -2.75150787e-02
  3.17518930e-03 -5.66693601e-02]
13: [-2.67261242e-01  2.67261242e-01  1.54303350e-01 -8.80422513e-03
  1.99853814e-01 -7.90662635e-09 -7.90662219e-09 -7.04566772e-01
 -3.71107595e-01  1.15735337e-14 -1.05652108e-14  5.68075848e-16
 -4.58221626e-17  1.08229763e-15]
14: [-2.67261242e-01  2.67261242e-01 -9.25820100e-01 -3.15551487e-03
 -8.20695522e-01  4.56416475e-09  4.56416151e-09 -2.24119668e-16
 -1.27719605e-15 -6.89285902e-18 -6.85138271e-18  1.48288354e-17
  1.68909978e-17 -4.13852112e-17]

n = 8
m = 7
[0 0 0 0 0 0 0 1 1 1 1 1 1 1 1]
[0 0 0 0 0 0 0 1 1 1 1 1 1 1 1]
[0 0 0 0 0 0 0 1 1 1 1 1 1 1 1]
[0 0 0 0 0 0 0 1 1 1 1 1 1 1 1]
[0 0 0 0 0 0 0 1 1 1 1 1 1 1 1]
[0 0 0 0 0 0 0 1 1 1 1 1 1 1 1]
[0 0 0 0 0 0 0 1 1 1 1 1 1 1 1]
[1 1 1 1 1 1 1 0 0 0 0 0 0 0 0]
[1 1 1 1 1 1 1 0 0 0 0 0 0 0 0]
[1 1 1 1 1 1 1 0 0 0 0 0 0 0 0]
[1 1 1 1 1 1 1 0 0 0 0 0 0 0 0]
[1 1 1 1 1 1 1 0 0 0 0 0 0 0 0]
[1 1 1 1 1 1 1 0 0 0 0 0 0 0 0]
[1 1 1 1 1 1 1 0 0 0 0 0 0 0 0]
[1 1 1 1 1 1 1 0 0 0 0 0 0 0 0]

Eigenvalues: 
1: -7.483314773547879
2: -2.885843204142894e-16
3: -8.05564218929823e-49
4: -9.922760799067591e-57
5: -2.4181166532285013e-80
6: -1.0488559276487103e-86
7: -1.982767060402851e-118
8: 3.4872361537520706e-102
9: 1.0425147709754116e-83
10: 3.457602870827407e-67
11: 9.922762559549334e-57
12: 1.6712214700373398e-48
13: 3.8599921364842835e-32
14: 9.860761315262648e-32
15: 7.483314773547879

Eigenvectors: 
1: [-2.67261242e-01  2.67261242e-01  3.86231220e-01 -1.54303350e-01
  1.01872618e-01  5.72310155e-02 -4.45328896e-02  1.01566746e-10
  1.01566836e-10  1.59086915e-18 -3.30790068e-18  1.56075031e-22
  5.01119826e-25 -1.74414695e-24 -1.82268622e-17]
2: [-2.67261242e-01  2.67261242e-01 -2.30299868e-01 -1.54303350e-01
 -2.76432522e-01  4.51461107e-01 -3.51293219e-01  8.01198747e-10
  8.01200042e-10 -3.80068230e-18  3.76844329e-17  1.29297420e-17
 -3.73486097e-20  2.45273964e-17  8.32853756e-17]
3: [-2.67261242e-01  2.67261242e-01 -2.30299868e-01 -1.54303350e-01
 -2.76432522e-01 -1.23473179e-01  2.13646172e-01  1.22880364e-08
  1.22880345e-08 -7.42271824e-17  8.46136167e-17 -7.07829452e-19
  3.12223738e-17  5.30511245e-17 -5.35524687e-17]
4: [ 2.50000000e-01  2.50000000e-01 -1.65441010e-18  1.51039077e-18
  1.79098000e-17  2.20487144e-01  2.40790380e-01 -2.73861279e-01
  2.73861279e-01 -5.02103141e-01  8.93979357e-01 -4.92379975e-05
 -1.57715916e-07  5.49258760e-07  3.95364123e-01]
5: [ 2.50000000e-01  2.50000000e-01 -1.65441010e-18  1.51039077e-18
  1.79098000e-17  2.20487144e-01  2.40790380e-01 -2.73861279e-01
  2.73861279e-01  3.64800178e-01 -2.24053144e-01 -8.16458437e-01
  7.60897192e-04 -3.99060824e-07 -1.18038696e-01]
6: [ 2.50000000e-01  2.50000000e-01 -1.65441010e-18  1.51039077e-18
 -3.10133156e-17 -3.67478574e-01 -4.01317299e-01  4.56435465e-01
 -4.56435465e-01 -6.09415669e-04  7.44406667e-04 -5.97614408e-08
 -1.91424392e-10  6.66649722e-10 -6.90230345e-01]
7: [ 2.50000000e-01  2.50000000e-01 -1.65441010e-18  1.51039077e-18
 -3.10133156e-17 -3.67478574e-01 -4.01317299e-01  4.56435465e-01
 -4.56435465e-01 -6.09415669e-04  7.44406667e-04 -5.97614408e-08
 -1.91423954e-10 -7.07106781e-01 -1.52204119e-01]
8: [ 2.50000000e-01  2.50000000e-01 -1.65441010e-18  1.51039077e-18
 -3.10133156e-17 -3.67478574e-01 -4.01317299e-01  4.56435465e-01
 -4.56435465e-01 -6.09415669e-04  7.44406667e-04 -5.97614408e-08
 -1.91423954e-10  7.07106782e-01 -1.52204119e-01]
9: [ 2.50000000e-01  2.50000000e-01 -1.65441010e-18  1.51039077e-18
  1.79098000e-17  2.20487144e-01  2.40790380e-01 -2.73861279e-01
  2.73861279e-01  3.64800178e-01 -2.24053144e-01  4.09985187e-01
  7.06726198e-01 -3.99060824e-07  5.36467540e-01]
10: [ 2.50000000e-01  2.50000000e-01 -1.65441010e-18  1.51039077e-18
  1.79098000e-17  2.20487144e-01  2.40790380e-01 -2.73861279e-01
  2.73861279e-01  3.64800178e-01 -2.24053144e-01  4.06580571e-01
 -7.07486751e-01 -3.99060825e-07  1.28198270e-01]
11: [ 2.50000000e-01  2.50000000e-01 -1.65441010e-18  1.51039077e-18
  1.79098000e-17  2.20487144e-01  2.40790380e-01 -2.73861279e-01
  2.73861279e-01 -5.90469146e-01 -2.24053144e-01 -5.79034783e-05
 -1.85472614e-07  6.45923764e-07  5.26473455e-02]
12: [-2.67261242e-01  2.67261242e-01 -2.30299868e-01 -1.54303350e-01
 -2.76432522e-01 -1.23473179e-01  2.13646172e-01 -1.24552661e-08
 -1.24552649e-08 -7.97279421e-17  1.79335964e-16 -5.39662496e-19
 -3.29727138e-17  1.82386318e-18  2.77357227e-16]
13: [-2.67261242e-01  2.67261242e-01 -2.30299868e-01 -1.54303350e-01
 -2.76432522e-01 -3.12064852e-01  7.68831038e-03 -8.24836228e-10
 -8.24836700e-10  9.80807060e-17 -2.18093442e-16 -7.26915512e-18
  2.19104719e-17 -6.91870068e-17 -1.73726695e-16]
14: [-2.67261242e-01  2.67261242e-01 -2.30299868e-01 -1.54303350e-01
  8.02009811e-01 -6.30769023e-02  4.90817209e-02 -1.11941279e-10
 -1.11941472e-10 -2.71265547e-17  8.91841146e-18 -9.47768527e-18
 -2.41213805e-20 -2.35482265e-17 -2.31460574e-17]
15: [-2.67261242e-01  2.67261242e-01  7.65268122e-01  9.25820100e-01
  2.01847657e-01  1.13395990e-01 -8.82362663e-02  2.01241611e-10
  2.01241788e-10  6.65357469e-17 -5.66840940e-17 -2.03852352e-18
  2.79646240e-17 -2.18533664e-19 -3.54482799e-17]

n = 6
m = 8
[0 0 0 0 0 0 0 0 1 1 1 1 1 1]
[0 0 0 0 0 0 0 0 1 1 1 1 1 1]
[0 0 0 0 0 0 0 0 1 1 1 1 1 1]
[0 0 0 0 0 0 0 0 1 1 1 1 1 1]
[0 0 0 0 0 0 0 0 1 1 1 1 1 1]
[0 0 0 0 0 0 0 0 1 1 1 1 1 1]
[0 0 0 0 0 0 0 0 1 1 1 1 1 1]
[0 0 0 0 0 0 0 0 1 1 1 1 1 1]
[1 1 1 1 1 1 1 1 0 0 0 0 0 0]
[1 1 1 1 1 1 1 1 0 0 0 0 0 0]
[1 1 1 1 1 1 1 1 0 0 0 0 0 0]
[1 1 1 1 1 1 1 1 0 0 0 0 0 0]
[1 1 1 1 1 1 1 1 0 0 0 0 0 0]
[1 1 1 1 1 1 1 1 0 0 0 0 0 0]

Eigenvalues: 
1: -6.928203230275508
2: -2.1639170108182325e-33
3: -1.2705929734596628e-93
4: -1.0644899600020377e-109
5: 8.236092143148846e-84
6: 6.605799604510362e-70
7: 1.393271373604843e-61
8: 7.113457669212939e-51
9: 7.77125098165398e-49
10: 7.725787999362685e-44
11: 4.852168614831109e-35
12: 3.61232944587806e-30
13: 3.2917163726622717e-17
14: 6.928203230275509

Eigenvectors: 
1: [ 2.50000000e-01  2.50000000e-01 -9.35414347e-01  4.34085406e-04
  9.30295448e-01  1.10125040e-05 -1.35139542e-14  1.47181762e-15
 -3.32561141e-15 -5.75354528e-18 -1.50252946e-18  5.86941120e-17
 -2.19639677e-17 -2.08103973e-17]
2: [ 2.50000000e-01  2.50000000e-01  1.33630621e-01  1.40737022e-03
 -1.29341439e-01 -2.54214614e-04  4.05289307e-13 -1.04869830e-14
 -2.23660671e-14 -3.60931482e-15 -3.06602128e-20  3.61089250e-17
 -6.17958341e-17 -7.39572878e-17]
3: [ 2.88675135e-01 -2.88675135e-01  5.51221572e-16  5.77337144e-01
 -1.16199389e-02 -5.77350235e-01  5.77350269e-01  2.18537439e-01
 -4.91455026e-01  8.73061897e-04  7.41614899e-09 -5.75875808e-16
  1.77714335e-16 -7.07106781e-01]
4: [ 2.88675135e-01 -2.88675135e-01  5.51221572e-16  5.77337144e-01
 -1.16199389e-02 -5.77350235e-01  5.77350269e-01  2.18537439e-01
 -4.91455026e-01  8.73061897e-04  7.41614899e-09 -5.75875823e-16
 -2.47236950e-16  7.07106781e-01]
5: [ 2.88675135e-01 -2.88675135e-01 -3.19949394e-16 -2.88668572e-01
  5.80996945e-03  2.88675117e-01 -2.88675135e-01 -1.09268720e-01
  2.45727513e-01 -4.36530643e-04  2.88675131e-01  4.08248267e-01
 -7.07882177e-01 -1.28003246e-16]
6: [ 2.88675135e-01 -2.88675135e-01 -3.19949394e-16 -2.88668572e-01
  5.80996945e-03  2.88675117e-01 -2.88675135e-01 -1.09268720e-01
  2.45727513e-01 -4.36530643e-04  2.88675131e-01  4.08248268e-01
  7.06328826e-01 -3.97100276e-17]
7: [ 2.88675135e-01 -2.88675135e-01 -3.19949394e-16 -2.88668572e-01
  5.80996945e-03  2.88675117e-01 -2.88675135e-01 -1.09268720e-01
  2.45727513e-01 -4.36530643e-04  2.88675131e-01 -8.16496604e-01
  1.55335121e-03  6.90329811e-17]
8: [ 2.50000000e-01  2.50000000e-01  1.33630621e-01  1.09852265e-03
 -1.28944939e-01  9.52150717e-05 -1.52623886e-13 -2.83141131e-01
 -1.48507969e-01  7.05894420e-01  5.99615880e-06 -4.78720765e-13
  9.09911291e-16  8.97716379e-17]
9: [ 2.88675135e-01 -2.88675135e-01 -3.19949394e-16 -2.88668572e-01
  5.80996945e-03  2.88675117e-01 -2.88675135e-01 -1.09268720e-01
  2.45727513e-01 -4.36531865e-04 -8.66025407e-01  6.91939279e-08
 -1.31638645e-10 -1.04285076e-16]
10: [ 2.50000000e-01  2.50000000e-01  1.33630621e-01  1.09852265e-03
 -1.28944939e-01  9.52150717e-05 -1.52624059e-13 -2.83141131e-01
 -1.48507969e-01 -7.08306414e-01 -6.01664727e-06  4.80281117e-13
 -9.14549780e-16 -4.87231198e-17]
11: [ 2.50000000e-01  2.50000000e-01  1.33630621e-01  1.09852265e-03
 -1.28944939e-01  9.52150717e-05 -1.52629129e-13  8.00851746e-01
 -1.57431082e-01  3.43034871e-03  2.91388009e-08 -2.32670971e-15
  5.16650337e-18  9.82258830e-17]
12: [ 2.50000000e-01  2.50000000e-01  1.33630621e-01  1.09852265e-03
 -1.28944939e-01  9.52150717e-05 -1.52013269e-13 -2.34569485e-01
  4.54447019e-01 -1.01835480e-03 -8.65032698e-09  6.84909266e-16
  1.15619018e-17 -6.60267253e-17]
13: [ 2.50000000e-01  2.50000000e-01  1.33630621e-01 -6.20241252e-03
 -2.14164830e-01 -1.36817593e-04  2.17112579e-13 -2.67421303e-16
  7.07668310e-16 -4.98884211e-17 -4.25948006e-22  1.91230986e-17
 -3.63834939e-20  1.91230986e-17]
14: [ 2.50000000e-01  2.50000000e-01  1.33630621e-01 -3.31337247e-05
 -7.10094208e-02 -8.40584067e-07  1.04196615e-15 -1.08959339e-16
  2.44005612e-16 -6.13703678e-19 -5.21692903e-24  4.15684439e-31
 -7.93587207e-34 -9.38519827e-51]

n = 7
m = 8
[0 0 0 0 0 0 0 0 1 1 1 1 1 1 1]
[0 0 0 0 0 0 0 0 1 1 1 1 1 1 1]
[0 0 0 0 0 0 0 0 1 1 1 1 1 1 1]
[0 0 0 0 0 0 0 0 1 1 1 1 1 1 1]
[0 0 0 0 0 0 0 0 1 1 1 1 1 1 1]
[0 0 0 0 0 0 0 0 1 1 1 1 1 1 1]
[0 0 0 0 0 0 0 0 1 1 1 1 1 1 1]
[0 0 0 0 0 0 0 0 1 1 1 1 1 1 1]
[1 1 1 1 1 1 1 1 0 0 0 0 0 0 0]
[1 1 1 1 1 1 1 1 0 0 0 0 0 0 0]
[1 1 1 1 1 1 1 1 0 0 0 0 0 0 0]
[1 1 1 1 1 1 1 1 0 0 0 0 0 0 0]
[1 1 1 1 1 1 1 1 0 0 0 0 0 0 0]
[1 1 1 1 1 1 1 1 0 0 0 0 0 0 0]
[1 1 1 1 1 1 1 1 0 0 0 0 0 0 0]

Eigenvalues: 
1: -7.483314773547881
2: -4.816563479408338e-17
3: -4.223375679135658e-31
4: -2.1509052802959612e-44
5: -2.2723029541285627e-49
6: -1.631538126509469e-71
7: -2.1557806454400886e-76
8: -9.218270607439226e-98
9: 0.0
10: 2.2652213851915745e-83
11: 2.1786215665617277e-60
12: 9.27449076269408e-50
13: 4.770237606103114e-35
14: 3.3991697644356376e-33
15: 7.483314773547881

Eigenvectors: 
1: [ 2.50000000e-01 -2.50000000e-01  1.33630621e-01  6.66901487e-05
 -3.35600322e-02 -7.40227073e-07  4.42837835e-16  9.89601475e-17
 -1.02375753e-16  7.05390759e-19  3.83284033e-27  3.52728248e-32
 -1.16576066e-34 -2.30194341e-21 -2.29589711e-21]
2: [ 2.50000000e-01 -2.50000000e-01  1.33630621e-01 -8.72653545e-03
 -3.03316628e-01  1.22486266e-04 -5.54055429e-14 -1.34963306e-16
  1.39470711e-16 -4.02258780e-17  1.04719870e-17 -3.72959770e-17
 -1.32896461e-17  1.76271724e-17  1.76960834e-17]
3: [ 2.50000000e-01 -2.50000000e-01  1.33630621e-01  2.10242848e-03
 -1.08385871e-01 -4.48526152e-05  2.24221670e-14 -3.67679521e-01
  3.06990715e-01 -2.21628396e-03 -1.21194991e-11 -1.91525969e-16
 -3.58496447e-17  7.21570792e-06  7.21569913e-06]
4: [ 2.50000000e-01 -2.50000000e-01  1.33630621e-01  2.10242848e-03
 -1.08385871e-01 -4.48526152e-05  2.24135201e-14  1.43044625e-01
 -6.54750089e-02  7.07638983e-01  3.86991936e-09  3.55891102e-14
 -1.01371199e-16 -2.30390890e-03 -2.30390609e-03]
5: [ 2.50000000e-01 -2.50000000e-01  1.33630621e-01  2.10242848e-03
 -1.08385871e-01 -4.48526152e-05  2.24135037e-14  1.43044625e-01
 -6.54750090e-02 -7.06539842e-01 -3.86390872e-09 -3.54509245e-14
  1.70401553e-16  2.30033035e-03  2.30032755e-03]
6: [-2.67261242e-01 -2.67261242e-01  2.98557174e-16  3.27310325e-01
 -8.96388386e-02 -3.27326831e-01 -3.27326835e-01 -2.95906223e-01
  3.04641315e-01 -2.13043071e-03  2.88671291e-01  4.08250691e-01
 -7.07107465e-01  4.54881228e-01  4.54880673e-01]
7: [-2.67261242e-01 -2.67261242e-01  2.98557174e-16  3.27310325e-01
 -8.96388386e-02 -3.27326831e-01 -3.27326835e-01 -2.95906223e-01
  3.04641315e-01 -2.13043071e-03  2.88671291e-01  4.08251242e-01
  7.07106097e-01 -8.37995917e-01 -8.37994895e-01]
8: [-2.67261242e-01 -2.67261242e-01 -2.44159417e-16 -4.36413766e-01
  1.19518451e-01  4.36435775e-01  4.36435780e-01  3.94541631e-01
 -4.06188420e-01  2.84057459e-03  1.55334149e-11  1.71160262e-16
 -4.07571661e-17  5.96496134e-04 -1.74213384e-03]
9: [-2.67261242e-01 -2.67261242e-01 -2.44159417e-16 -4.36413766e-01
  1.19518451e-01  4.36435775e-01  4.36435780e-01  3.94541631e-01
 -4.06188420e-01  2.84057459e-03  1.55334149e-11  1.71160262e-16
 -4.07571661e-17  5.96496134e-04  5.96495406e-04]
10: [-2.67261242e-01 -2.67261242e-01 -2.44159417e-16 -4.36413766e-01
  1.19518451e-01  4.36435775e-01  4.36435780e-01  3.94541631e-01
 -4.06188420e-01  2.84057459e-03  1.55334149e-11  1.71160301e-16
  5.95327308e-17 -1.22073703e-03  1.11789371e-03]
11: [-2.67261242e-01 -2.67261242e-01  2.98557174e-16  3.27310325e-01
 -8.96388386e-02 -3.27326831e-01 -3.27326835e-01 -2.95906223e-01
  3.04641315e-01 -2.13043071e-03  2.88682821e-01 -8.16493905e-01
  1.36816212e-06  9.82062103e-02  9.82060905e-02]
12: [-2.67261242e-01 -2.67261242e-01  2.98557174e-16  3.27310325e-01
 -8.96388386e-02 -3.27326831e-01 -3.27326835e-01 -2.95906223e-01
  3.04641315e-01 -2.13043164e-03 -8.66025404e-01 -8.02862709e-06
 -1.02169915e-10  2.84936223e-01  2.84935876e-01]
13: [ 2.50000000e-01 -2.50000000e-01  1.33630621e-01  2.10242848e-03
 -1.08385871e-01 -4.48526152e-05  2.23130011e-14  8.15902709e-02
 -1.76040698e-01  1.11714251e-03  6.10887663e-12  5.99790076e-17
 -3.79055802e-17 -3.63715762e-06 -3.63715319e-06]
14: [ 2.50000000e-01 -2.50000000e-01  1.33630621e-01  1.99733148e-03
 -1.08811532e-01  3.82713803e-05 -2.49878166e-14 -6.68893409e-15
  7.03158660e-15 -5.32089988e-17 -2.79915323e-17  2.06333647e-17
  2.72183288e-17 -2.03909627e-17 -2.04230555e-17]
15: [ 2.50000000e-01 -2.50000000e-01 -9.35414347e-01 -1.74720009e-03
  8.79231678e-01  1.93930413e-05 -9.93020747e-15 -1.09269521e-15
  1.12817590e-15 -1.41390812e-18 -3.99627681e-18  4.75606358e-17
 -3.19089807e-17  1.92380721e-17  1.92367545e-17]

n = 8
m = 8
[0 0 0 0 0 0 0 0 1 1 1 1 1 1 1 1]
[0 0 0 0 0 0 0 0 1 1 1 1 1 1 1 1]
[0 0 0 0 0 0 0 0 1 1 1 1 1 1 1 1]
[0 0 0 0 0 0 0 0 1 1 1 1 1 1 1 1]
[0 0 0 0 0 0 0 0 1 1 1 1 1 1 1 1]
[0 0 0 0 0 0 0 0 1 1 1 1 1 1 1 1]
[0 0 0 0 0 0 0 0 1 1 1 1 1 1 1 1]
[0 0 0 0 0 0 0 0 1 1 1 1 1 1 1 1]
[1 1 1 1 1 1 1 1 0 0 0 0 0 0 0 0]
[1 1 1 1 1 1 1 1 0 0 0 0 0 0 0 0]
[1 1 1 1 1 1 1 1 0 0 0 0 0 0 0 0]
[1 1 1 1 1 1 1 1 0 0 0 0 0 0 0 0]
[1 1 1 1 1 1 1 1 0 0 0 0 0 0 0 0]
[1 1 1 1 1 1 1 1 0 0 0 0 0 0 0 0]
[1 1 1 1 1 1 1 1 0 0 0 0 0 0 0 0]
[1 1 1 1 1 1 1 1 0 0 0 0 0 0 0 0]

Eigenvalues: 
1: -7.999999999999998
2: -2.8414885444037793e-16
3: -5.637984463814897e-31
4: -4.942109479771237e-34
5: -3.424821542933165e-64
6: -4.908458068591542e-67
7: -6.05640986075828e-99
8: -8.121413879410078e-115
9: -7.007290833140853e-146
10: -1.2955729194793105e-177
11: 3.332815863316054e-163
12: 9.691948403977526e-131
13: 1.0401724550431881e-81
14: 1.6443412839019124e-50
15: 5.846563360229402e-47
16: 7.999999999999998

Eigenvectors: 
1: [-2.50000000e-01  2.50000000e-01  1.33630621e-01  2.66461831e-02
 -3.01196939e-01 -1.31374637e-02  2.70354767e-02 -3.07574859e-04
  1.01759075e-06  1.80291516e-02 -1.54168336e-02 -1.48755340e-02
 -8.95766223e-03  1.11356997e-02  2.57771691e-02 -2.55599522e-02]
2: [-2.50000000e-01  2.50000000e-01  1.33630621e-01  8.97551739e-01
  7.40379821e-01 -4.35993331e-01  8.97227031e-01 -1.02074944e-02
  3.37708094e-05  5.98333899e-01 -5.11638838e-01 -4.93674714e-01
 -2.97278157e-01  3.69560740e-01  8.55467547e-01 -8.48258764e-01]
3: [-2.50000000e-01  2.50000000e-01  1.33630621e-01 -1.95398790e-01
  3.15201216e-02  8.50590281e-01 -1.92762308e-01  3.32841065e-03
 -1.10118230e-05 -2.36336217e-01  2.02092550e-01  1.94996845e-01
  1.17421971e-01 -1.45972973e-01 -3.38203219e-01  3.35352163e-01]
4: [-2.50000000e-01  2.50000000e-01  1.33630621e-01 -1.95398790e-01
  3.15201216e-02  1.00408685e-01 -2.06630193e-01  2.35077240e-03
 -7.77737252e-06 -1.37795502e-01  1.17829745e-01  1.13692631e-01
  6.84627646e-02 -8.51093474e-02 -1.97013039e-01  1.95352866e-01]
5: [-0.25        0.25        0.13363062 -0.19539879  0.03152012 -0.15861265
 -0.19281246 -0.40398632 -0.70575835  0.49459585 -0.42275363 -0.40804149
 -0.24598254  0.30553438 -0.11845257  0.1144057 ]
6: [ 2.50000000e-01  2.50000000e-01  8.45011392e-18 -7.10652250e-19
  8.03290594e-18  3.50375441e-19 -7.21034690e-19  9.25474733e-21
 -2.14625169e-16 -8.72498655e-02 -3.37283293e-01 -3.25524565e-01
 -1.96194945e-01  2.43734653e-01  4.21174983e-02 -4.36904657e-02]
7: [ 2.50000000e-01  2.50000000e-01  8.45011392e-18 -7.10652250e-19
  8.03290594e-18  3.50375441e-19 -7.21034690e-19  8.05275578e-21
  3.06607074e-17  1.24642665e-02 -1.06582857e-02  4.60210926e-01
  5.38601108e-01 -6.69186704e-01 -1.21551247e-01  1.25785403e-01]
8: [ 2.50000000e-01  2.50000000e-01  8.45011392e-18 -7.10652250e-19
  8.03290594e-18  3.50375441e-19 -7.21034690e-19  8.05275578e-21
  3.06607074e-17  1.24642665e-02 -1.06582857e-02 -1.02840499e-02
 -5.76381471e-01  3.32316451e-01 -9.23187805e-03  3.02119024e-03]
9: [ 2.50000000e-01  2.50000000e-01  8.45011392e-18 -7.10652250e-19
  8.03290594e-18  3.50375441e-19 -7.21034690e-19  8.05275578e-21
  3.06607074e-17  1.24642665e-02 -1.06582857e-02 -1.02840499e-02
  3.02725894e-01  7.69854537e-03  7.28254341e-02 -6.87422014e-02]
10: [ 2.50000000e-01  2.50000000e-01  8.45011392e-18 -7.10652250e-19
  8.03290594e-18  3.50375441e-19 -7.21034690e-19  8.05275578e-21
  3.06607074e-17  1.24642665e-02 -1.06582857e-02 -1.02840499e-02
 -6.19276168e-03  7.69854537e-03 -7.64626832e-02 -1.77606843e-02]
11: [ 2.50000000e-01  2.50000000e-01  8.45011392e-18 -7.10652250e-19
  8.03290594e-18  3.50375441e-19 -7.21034690e-19  8.05275578e-21
  3.06607074e-17  1.24642665e-02 -1.06582857e-02 -1.02840499e-02
 -6.19276168e-03  7.69854537e-03  1.79119596e-02 -1.77606843e-02]
12: [ 2.50000000e-01  2.50000000e-01  8.45011392e-18 -7.10652250e-19
  8.03290594e-18  3.50375441e-19 -7.21034690e-19  8.05275578e-21
  3.06607074e-17  1.24642665e-02 -1.06582857e-02 -1.02840499e-02
 -6.19276168e-03  7.69854537e-03 -6.77715248e-02  1.60124816e-01]
13: [ 2.50000000e-01  2.50000000e-01  8.45011392e-18 -7.10652250e-19
  8.03290594e-18  3.50375441e-19 -7.21034690e-19  8.05275578e-21
  3.06607074e-17  1.24642665e-02  4.01233007e-01 -8.32661116e-02
 -5.01723018e-02  6.23414179e-02  1.42162441e-01 -1.40977374e-01]
14: [-0.25        0.25        0.13363062 -0.19539879  0.03152012 -0.15861265
 -0.19281246  0.81825337 -0.00270714 -0.30317425  0.25917696  0.25012788
  0.15072549 -0.18727387 -0.08480504  0.08537639]
15: [-0.25        0.25        0.13363062 -0.19539879  0.03152012 -0.15861265
 -0.19281246 -0.40882174  0.70844747 -0.46937541  0.40125655  0.38724836
  0.23335661 -0.2899386  -0.19384504  0.19397539]
16: [-2.50000000e-01  2.50000000e-01 -9.35414347e-01  5.27960284e-02
 -5.96783490e-01 -2.60302162e-02  5.35673643e-02 -6.09420529e-04
  2.01622687e-06  3.57224747e-02 -3.05464983e-02 -2.94739819e-02
 -1.77484703e-02  2.20639750e-02  5.10741876e-02 -5.06437998e-02]

