Tables using graphs: 
  n    m   |V|   |E|   deg   alpha   sigma
  1    1   2     1     1     1       1
  2    1   3     3     2     1       1
  3    1   4     6     3     1       1
  4    1   5     10    4     1       1
  5    1   6     15    5     1       1
  6    1   7     21    6     1       1
  7    1   8     28    7     1       1
  8    1   9     36    8     1       1
  9    1   10    45    9     1       1
  10   1   11    55    10    1       1

  n    m   |V|   |E|   deg   alpha   sigma
  1    2   3     2     2     2       2
  2    2   4     5     3     2       2
  3    2   5     9     4     2       2
  4    2   6     14    5     2       2
  5    2   7     20    6     2       2
  6    2   8     27    7     2       2
  7    2   9     35    8     2       2
  8    2   10    44    9     2       2
  9    2   11    54    10    2       2
  10   2   12    65    11    2       2

  n    m   |V|   |E|   deg   alpha   sigma
  1    3   4     3     3     3       3
  2    3   5     7     4     3       3
  3    3   6     12    5     3       3
  4    3   7     18    6     3       3
  5    3   8     25    7     3       3
  6    3   9     33    8     3       3
  7    3   10    42    9     3       3
  8    3   11    52    10    3       3
  9    3   12    63    11    3       3
  10   3   13    75    12    3       3

  n    m   |V|   |E|   deg   alpha   sigma
  1    4   5     4     4     4       4
  2    4   6     9     5     4       4
  3    4   7     15    6     4       4
  4    4   8     22    7     4       4
  5    4   9     30    8     4       4
  6    4   10    39    9     4       4
  7    4   11    49    10    4       4
  8    4   12    60    11    4       4
  9    4   13    72    12    4       4
  10   4   14    85    13    4       4

  n    m   |V|   |E|   deg   alpha   sigma
  1    5   6     5     5     5       5
  2    5   7     11    6     5       5
  3    5   8     18    7     5       5
  4    5   9     26    8     5       5
  5    5   10    35    9     5       5
  6    5   11    45    10    5       5
  7    5   12    56    11    5       5
  8    5   13    68    12    5       5
  9    5   14    81    13    5       5
  10   5   15    95    14    5       5

  n    m   |V|   |E|   deg   alpha   sigma
  1    6   7     6     6     6       6
  2    6   8     13    7     6       6
  3    6   9     21    8     6       6
  4    6   10    30    9     6       6
  5    6   11    40    10    6       6
  6    6   12    51    11    6       6
  7    6   13    63    12    6       6
  8    6   14    76    13    6       6
  9    6   15    90    14    6       6
  10   6   16    105   15    6       6

  n    m   |V|   |E|   deg   alpha   sigma
  1    7   8     7     7     7       7
  2    7   9     15    8     7       7
  3    7   10    24    9     7       7
  4    7   11    34    10    7       7
  5    7   12    45    11    7       7
  6    7   13    57    12    7       7
  7    7   14    70    13    7       7
  8    7   15    84    14    7       7
  9    7   16    99    15    7       7
  10   7   17    115   16    7       7

  n    m   |V|   |E|   deg   alpha   sigma
  1    8   9     8     8     8       8
  2    8   10    17    9     8       8
  3    8   11    27    10    8       8
  4    8   12    38    11    8       8
  5    8   13    50    12    8       8
  6    8   14    63    13    8       8
  7    8   15    77    14    8       8
  8    8   16    92    15    8       8
  9    8   17    108   16    8       8
  10   8   18    125   17    8       8

  n    m   |V|   |E|   deg   alpha   sigma
  1    9   10    9     9     9       9
  2    9   11    19    10    9       9
  3    9   12    30    11    9       9
  4    9   13    42    12    9       9
  5    9   14    55    13    9       9
  6    9   15    69    14    9       9
  7    9   16    84    15    9       9
  8    9   17    100   16    9       9
  9    9   18    117   17    9       9
  10   9   19    135   18    9       9

  n    m    |V|   |E|   deg   alpha   sigma
  1    10   11    10    10    10      10
  2    10   12    21    11    10      10
  3    10   13    33    12    10      10
  4    10   14    46    13    10      10
  5    10   15    60    14    10      10
  6    10   16    75    15    10      10
  7    10   17    91    16    10      10
  8    10   18    108   17    10      10
  9    10   19    126   18    10      10
  10   10   20    145   19    10      10


Tables using formulas: 
  n    m   deg   alpha   sigma
  1    1   1     1       1
  2    1   2     1       1
  3    1   3     1       1
  4    1   4     1       1
  5    1   5     1       1
  6    1   6     1       1
  7    1   7     1       1
  8    1   8     1       1
  9    1   9     1       1
  10   1   10    1       1

  n    m   deg   alpha   sigma
  1    2   2     2       2
  2    2   3     2       2
  3    2   4     2       2
  4    2   5     2       2
  5    2   6     2       2
  6    2   7     2       2
  7    2   8     2       2
  8    2   9     2       2
  9    2   10    2       2
  10   2   11    2       2

  n    m   deg   alpha   sigma
  1    3   3     3       3
  2    3   4     3       3
  3    3   5     3       3
  4    3   6     3       3
  5    3   7     3       3
  6    3   8     3       3
  7    3   9     3       3
  8    3   10    3       3
  9    3   11    3       3
  10   3   12    3       3

  n    m   deg   alpha   sigma
  1    4   4     4       4
  2    4   5     4       4
  3    4   6     4       4
  4    4   7     4       4
  5    4   8     4       4
  6    4   9     4       4
  7    4   10    4       4
  8    4   11    4       4
  9    4   12    4       4
  10   4   13    4       4

  n    m   deg   alpha   sigma
  1    5   5     5       5
  2    5   6     5       5
  3    5   7     5       5
  4    5   8     5       5
  5    5   9     5       5
  6    5   10    5       5
  7    5   11    5       5
  8    5   12    5       5
  9    5   13    5       5
  10   5   14    5       5

  n    m   deg   alpha   sigma
  1    6   6     6       6
  2    6   7     6       6
  3    6   8     6       6
  4    6   9     6       6
  5    6   10    6       6
  6    6   11    6       6
  7    6   12    6       6
  8    6   13    6       6
  9    6   14    6       6
  10   6   15    6       6

  n    m   deg   alpha   sigma
  1    7   7     7       7
  2    7   8     7       7
  3    7   9     7       7
  4    7   10    7       7
  5    7   11    7       7
  6    7   12    7       7
  7    7   13    7       7
  8    7   14    7       7
  9    7   15    7       7
  10   7   16    7       7

  n    m   deg   alpha   sigma
  1    8   8     8       8
  2    8   9     8       8
  3    8   10    8       8
  4    8   11    8       8
  5    8   12    8       8
  6    8   13    8       8
  7    8   14    8       8
  8    8   15    8       8
  9    8   16    8       8
  10   8   17    8       8

  n    m   deg   alpha   sigma
  1    9   9     9       9
  2    9   10    9       9
  3    9   11    9       9
  4    9   12    9       9
  5    9   13    9       9
  6    9   14    9       9
  7    9   15    9       9
  8    9   16    9       9
  9    9   17    9       9
  10   9   18    9       9

  n    m    deg   alpha   sigma
  1    10   10    10      10
  2    10   11    10      10
  3    10   12    10      10
  4    10   13    10      10
  5    10   14    10      10
  6    10   15    10      10
  7    10   16    10      10
  8    10   17    10      10
  9    10   18    10      10
  10   10   19    10      10


Adjacency matrices: 
n = 6
m = 6
[0 1 1 1 1 1 1 1 1 1 1 1]
[1 0 1 1 1 1 1 1 1 1 1 1]
[1 1 0 1 1 1 1 1 1 1 1 1]
[1 1 1 0 1 1 1 1 1 1 1 1]
[1 1 1 1 0 1 1 1 1 1 1 1]
[1 1 1 1 1 0 1 1 1 1 1 1]
[1 1 1 1 1 1 0 0 0 0 0 0]
[1 1 1 1 1 1 0 0 0 0 0 0]
[1 1 1 1 1 1 0 0 0 0 0 0]
[1 1 1 1 1 1 0 0 0 0 0 0]
[1 1 1 1 1 1 0 0 0 0 0 0]
[1 1 1 1 1 1 0 0 0 0 0 0]

Eigenvalues: 
1: -4.000000000000001
2: -1.0000000000000007
3: -1.0
4: -0.9999999999999997
5: -0.9999999999999996
6: -0.9999999999999987
7: -7.233413090212035e-33
8: 0.0
9: 0.0
10: 0.0
11: 0.0
12: 8.999999999999996

Eigenvectors: 
1: [ 3.39683110e-01 -1.82574186e-01 -2.26455407e-01  4.83795572e-01
 -5.88931053e-01  6.14865986e-01  4.12797678e-02 -7.60591562e-17
 -1.13374058e-16 -7.60591562e-17  7.60591562e-17  7.60591562e-17]
2: [ 3.39683110e-01 -1.82574186e-01 -2.26455407e-01  6.53417716e-01
  6.74095005e-02 -5.05445816e-01  1.59378183e-01  2.63723014e-17
  2.98630235e-17  2.63723014e-17 -2.63723014e-17 -2.63723014e-17]
3: [ 2.26455407e-01  1.86898875e-17  3.39683110e-01 -6.53337701e-17
  3.90447939e-18  1.64825188e-18  1.08480810e-16  5.92710627e-17
  9.12870929e-01  5.92710627e-17 -5.92710627e-17 -5.92710627e-17]
4: [ 3.39683110e-01 -1.82574186e-01 -2.26455407e-01 -3.20443809e-01
 -1.62061777e-01 -4.46912460e-01  2.73844718e-01 -5.00157667e-17
  1.19240934e-16 -5.00157667e-17  5.00157667e-17  5.00157667e-17]
5: [ 3.39683110e-01 -1.82574186e-01 -2.26455407e-01 -3.20443809e-01
  7.84083291e-01  3.85366058e-01  4.29954107e-01 -2.94437300e-17
 -2.54739201e-17 -2.94437300e-17  2.94437300e-17  2.94437300e-17]
6: [ 3.39683110e-01 -1.82574186e-01 -2.26455407e-01 -3.20443809e-01
 -8.57142269e-02 -1.16350770e-01 -8.42114322e-01  6.85685400e-17
 -1.23705413e-16  6.85685400e-17 -6.85685400e-17 -6.85685400e-17]
7: [ 2.26455407e-01  1.86898875e-17  3.39683110e-01 -6.53337701e-17
  3.90447939e-18  1.64825188e-18 -5.63977488e-17 -2.23606798e-01
 -1.82574186e-01 -2.23606798e-01  2.23606798e-01  2.23606798e-01]
8: [ 2.26455407e-01  1.86898875e-17  3.39683110e-01 -6.53337701e-17
  3.90447939e-18  1.64825188e-18 -5.63977488e-17  8.94427191e-01
 -1.82574186e-01  8.94427191e-01 -8.94427191e-01 -8.94427191e-01]
9: [ 2.26455407e-01  1.86898875e-17  3.39683110e-01 -6.53337701e-17
  3.90447939e-18  1.64825188e-18 -5.63977488e-17 -2.23606798e-01
 -1.82574186e-01 -2.23606798e-01  2.23606798e-01  2.23606798e-01]
10: [ 2.26455407e-01  1.86898875e-17  3.39683110e-01 -6.53337701e-17
  3.90447939e-18  1.64825188e-18 -5.63977488e-17 -2.23606798e-01
 -1.82574186e-01 -2.23606798e-01  2.23606798e-01  2.23606798e-01]
11: [ 2.26455407e-01  1.86898875e-17  3.39683110e-01 -6.53337701e-17
  3.90447939e-18  1.64825188e-18 -5.63977488e-17 -2.23606798e-01
 -1.82574186e-01 -2.23606798e-01  2.23606798e-01  2.23606798e-01]
12: [ 3.39683110e-01  9.12870929e-01 -2.26455407e-01 -1.75881859e-01
 -1.47857348e-02  6.84770023e-02 -6.23424529e-02  5.69412531e-18
  4.64923385e-18  5.69412531e-18 -5.69412531e-18 -5.69412531e-18]

n = 7
m = 6
[0 1 1 1 1 1 1 1 1 1 1 1 1]
[1 0 1 1 1 1 1 1 1 1 1 1 1]
[1 1 0 1 1 1 1 1 1 1 1 1 1]
[1 1 1 0 1 1 1 1 1 1 1 1 1]
[1 1 1 1 0 1 1 1 1 1 1 1 1]
[1 1 1 1 1 0 1 1 1 1 1 1 1]
[1 1 1 1 1 1 0 1 1 1 1 1 1]
[1 1 1 1 1 1 1 0 0 0 0 0 0]
[1 1 1 1 1 1 1 0 0 0 0 0 0]
[1 1 1 1 1 1 1 0 0 0 0 0 0]
[1 1 1 1 1 1 1 0 0 0 0 0 0]
[1 1 1 1 1 1 1 0 0 0 0 0 0]
[1 1 1 1 1 1 1 0 0 0 0 0 0]

Eigenvalues: 
1: -4.141428428542849
2: -1.0000000000000004
3: -1.0
4: -0.9999999999999998
5: -0.9999999999999994
6: -0.9999999999999993
7: -0.9999999999999989
8: -1.1102230246251565e-16
9: -5.2405173573668576e-17
10: 3.960625159543179e-35
11: 8.586870400339327e-34
12: 3.0574397575653574e-18
13: 10.141428428542852

Eigenvectors: 
1: [ 3.18487948e-01 -1.54303350e-01  2.03525354e-01 -1.91737149e-18
 -6.04189617e-03 -2.46386590e-01  3.23886264e-01 -2.33960542e-01
 -2.39035318e-17 -4.23127470e-01  1.27504500e-17  3.23835869e-17
  3.28780432e-17]
2: [ 3.18487948e-01 -1.54303350e-01  2.03525354e-01 -4.06962645e-19
  2.48864059e-01  5.45604416e-01  3.54365581e-01 -7.18905349e-01
  5.92065160e-17  4.63135812e-01  2.22175483e-17  9.97517940e-18
 -1.12660020e-17]
3: [ 2.19832507e-01 -8.27740507e-17 -3.44006301e-01 -1.82574186e-01
  2.55534304e-17 -3.67646424e-17  1.94119381e-18  1.01287745e-17
 -2.26345966e-01  1.55540352e-16 -2.99408232e-01 -5.50290203e-03
  4.80982516e-01]
4: [ 3.18487948e-01 -1.54303350e-01  2.03525354e-01  4.85388184e-18
 -4.81931688e-01 -2.16037183e-01 -8.05472662e-01  1.48624995e-01
 -5.38874716e-17 -5.81348538e-01  1.72820704e-18  1.05647800e-17
 -2.10502838e-18]
5: [ 3.18487948e-01 -1.54303350e-01  2.03525354e-01  8.32332879e-18
 -5.89911778e-01 -2.59892341e-01 -1.15206055e-01  3.91322131e-01
  6.87445772e-17  3.88324201e-01  1.98272449e-17  1.11600396e-17
 -1.03814687e-17]
6: [ 2.19832507e-01 -8.27740507e-17 -3.44006301e-01 -1.82574186e-01
  2.55534304e-17 -3.67646424e-17  1.94119381e-18  1.01287745e-17
  8.91559819e-01 -1.89390234e-16  6.57918204e-02  9.52239716e-03
  1.27873165e-02]
7: [ 3.18487948e-01 -1.54303350e-01  2.03525354e-01 -7.73586823e-17
  4.77355787e-01 -4.22136830e-01 -1.27672278e-01  4.95053305e-01
  5.23943281e-18  3.18056868e-01 -1.12087356e-17 -1.29727892e-17
 -2.11360906e-17]
8: [ 2.19832507e-01 -8.27740507e-17 -3.44006301e-01 -1.82574186e-01
  2.55534304e-17 -3.67646424e-17  1.94119381e-18  1.01287745e-17
 -2.26345966e-01  4.07154979e-17  8.52257331e-01 -2.17096113e-03
  3.77157712e-01]
9: [ 3.18487948e-01 -1.54303350e-01  2.03525354e-01  5.51041886e-17
  3.60322938e-01  5.90872453e-01  2.91532383e-01  7.74024920e-03
 -1.32189380e-16 -1.20777070e-01 -2.74369020e-17  9.23168779e-18
  1.38593311e-17]
10: [ 2.19832507e-01 -8.27740507e-17 -3.44006301e-01 -1.82574186e-01
  2.55534304e-17 -3.67646424e-17  1.94119381e-18  1.01287745e-17
 -2.26345966e-01  2.19906607e-17 -2.99408232e-01 -6.82855949e-01
 -7.88970180e-01]
11: [ 2.19832507e-01 -2.72640111e-17 -3.44006301e-01  9.12870929e-01
  1.12618141e-16  1.00144383e-16 -9.38670837e-17  2.30508412e-16
  1.38240446e-02  7.71134609e-17 -1.98244544e-02 -4.78881909e-02
 -5.53299048e-02]
12: [ 2.19832507e-01 -8.27740507e-17 -3.44006301e-01 -1.82574186e-01
  2.55534304e-17 -3.67646424e-17  1.94119381e-18  1.01287745e-17
 -2.26345966e-01  2.19906607e-17 -2.99408232e-01  7.28895605e-01
 -2.66274603e-02]
13: [ 3.18487948e-01  9.25820100e-01  2.03525354e-01 -2.57974709e-32
 -8.65742201e-03  7.97607487e-03  7.85667684e-02 -8.98747903e-02
 -6.74080843e-33 -4.42638038e-02 -4.76424983e-34 -1.44691077e-33
 -9.54922630e-34]

n = 8
m = 6
[0 1 1 1 1 1 1 1 1 1 1 1 1 1]
[1 0 1 1 1 1 1 1 1 1 1 1 1 1]
[1 1 0 1 1 1 1 1 1 1 1 1 1 1]
[1 1 1 0 1 1 1 1 1 1 1 1 1 1]
[1 1 1 1 0 1 1 1 1 1 1 1 1 1]
[1 1 1 1 1 0 1 1 1 1 1 1 1 1]
[1 1 1 1 1 1 0 1 1 1 1 1 1 1]
[1 1 1 1 1 1 1 0 1 1 1 1 1 1]
[1 1 1 1 1 1 1 1 0 0 0 0 0 0]
[1 1 1 1 1 1 1 1 0 0 0 0 0 0]
[1 1 1 1 1 1 1 1 0 0 0 0 0 0]
[1 1 1 1 1 1 1 1 0 0 0 0 0 0]
[1 1 1 1 1 1 1 1 0 0 0 0 0 0]
[1 1 1 1 1 1 1 1 0 0 0 0 0 0]

Eigenvalues: 
1: (-4.2620873481300094+0j)
2: (-1.0000000000000004+0j)
3: (-1.0000000000000004+0j)
4: (-1.0000000000000004+0j)
5: (-1+0j)
6: (-0.9999999999999999+0j)
7: (-0.9999999999999998+0j)
8: (-0.9999999999999996+0j)
9: (-2.5727222527642434e-17+0j)
10: (-6.970208437130517e-33+0j)
11: (-1.2994699825779269e-38+0j)
12: (8.727214082706726e-19+0j)
13: (2.2129286760350882e-17+0j)
14: (11.26208734813003+0j)

Eigenvectors: 
1: [ 3.01134276e-01+0.j  1.85251579e-01+0.j -8.51753741e-01+0.j
 -8.51753741e-01+0.j -1.32620712e-01+0.j -2.59267155e-17+0.j
 -1.20422152e-01+0.j -4.27255517e-02+0.j  1.54864273e-01+0.j
  3.85579808e-02+0.j -4.49749506e-17+0.j -3.56263149e-17+0.j
  8.30988941e-18+0.j  1.23569745e-17+0.j]
2: [ 3.01134276e-01+0.j          1.85251579e-01+0.j
  2.62337361e-02-0.03730436j  2.62337361e-02+0.03730436j
  7.46983315e-01+0.j         -2.48103375e-17+0.j
  2.87661033e-01+0.j          2.52938072e-01+0.j
 -3.21974215e-01+0.j         -1.07527327e-01+0.j
  7.07625384e-17+0.j          3.05231000e-17+0.j
  5.07888948e-17+0.j         -4.76880976e-17+0.j        ]
3: [ 3.01134276e-01+0.j          1.85251579e-01+0.j
  1.89927197e-01-0.04425944j  1.89927197e-01+0.04425944j
 -5.89942400e-01+0.j          1.67372174e-17+0.j
  4.16176625e-01+0.j         -5.07727765e-01+0.j
 -4.26699551e-01+0.j         -5.88558870e-02+0.j
  5.62234918e-17+0.j          5.63580153e-17+0.j
 -1.10779471e-17+0.j         -5.52782355e-17+0.j        ]
4: [ 3.01134276e-01+0.j          1.85251579e-01+0.j
  1.89927197e-01-0.04425944j  1.89927197e-01+0.04425944j
 -2.05684228e-01+0.j          1.67372174e-17+0.j
  2.81317463e-01+0.j          7.33356696e-01+0.j
 -4.52416669e-01+0.j         -4.63018841e-02+0.j
  1.31474904e-17+0.j         -2.73986219e-17+0.j
  7.93516629e-17+0.j          4.87640261e-17+0.j        ]
5: [ 3.01134276e-01+0.j          1.85251579e-01+0.j
  1.89927197e-01-0.04425944j  1.89927197e-01+0.04425944j
  9.17518721e-02+0.j          2.36761113e-17+0.j
  1.26328770e-01+0.j          3.37255065e-02+0.j
  5.26119839e-01+0.j         -4.66147654e-01+0.j
  2.47056896e-17+0.j         -4.77009382e-19+0.j
 -4.22335448e-17+0.j          1.69385116e-17+0.j        ]
6: [ 2.13910098e-01+0.j -3.47719911e-01+0.j  1.97642750e-17+0.j
  1.97642750e-17+0.j -6.47882256e-17+0.j -2.88675135e-01+0.j
  4.63454653e-18+0.j  4.79363279e-18+0.j -6.96394217e-17+0.j
 -5.57602901e-17+0.j -1.61578333e-02+0.j -6.53754425e-01+0.j
  1.67793243e-01+0.j  4.01282582e-01+0.j]
7: [ 2.13910098e-01+0.j -3.47719911e-01+0.j  1.97642750e-17+0.j
  1.97642750e-17+0.j -6.47882256e-17+0.j -2.88675135e-01+0.j
  4.63454653e-18+0.j  4.79363279e-18+0.j -2.23800156e-17+0.j
 -2.94053545e-16+0.j -6.93092828e-01+0.j  2.34082926e-01+0.j
  1.66294190e-01+0.j -2.12401744e-01+0.j]
8: [ 3.01134276e-01+0.j          1.85251579e-01+0.j
  1.89927197e-01-0.04425944j  1.89927197e-01+0.04425944j
  9.17518721e-02+0.j         -3.18350399e-17+0.j
 -2.17373770e-01+0.j         -1.14984714e-01+0.j
  4.53756954e-01+0.j          8.46625203e-01+0.j
 -1.88789931e-16+0.j         -7.25807556e-17+0.j
  6.47741876e-17+0.j          2.63757966e-17+0.j        ]
9: [ 2.13910098e-01+0.j -3.47719911e-01+0.j  1.97642750e-17+0.j
  1.97642750e-17+0.j -6.47882256e-17+0.j -2.88675135e-01+0.j
  4.63454653e-18+0.j  4.79363279e-18+0.j -6.96394217e-17+0.j
  2.14107204e-16+0.j  4.91001257e-01+0.j  4.49076012e-01+0.j
  1.66293999e-01+0.j -2.12479835e-01+0.j]
10: [ 2.13910098e-01+0.j -3.47719911e-01+0.j  1.97642750e-17+0.j
  1.97642750e-17+0.j -6.47882256e-17+0.j  5.77350269e-01+0.j
  2.84912475e-17+0.j -6.51381013e-17+0.j  6.62664751e-17+0.j
  8.00738977e-17+0.j -1.36375926e-01+0.j -2.39240262e-01+0.j
  2.45114292e-01+0.j  3.61512706e-01+0.j]
11: [ 2.13910098e-01+0.j -3.47719911e-01+0.j  1.97642750e-17+0.j
  1.97642750e-17+0.j -6.47882256e-17+0.j  5.77350269e-01+0.j
  2.84912475e-17+0.j -6.51381013e-17+0.j  6.62664751e-17+0.j
  8.00738977e-17+0.j -1.36375926e-01+0.j -2.39240262e-01+0.j
 -9.10602407e-01+0.j  3.60630643e-01+0.j]
12: [ 2.13910098e-01+0.j -3.47719911e-01+0.j  1.97642750e-17+0.j
  1.97642750e-17+0.j -6.47882256e-17+0.j -2.88675135e-01+0.j
  4.63454653e-18+0.j  4.79363279e-18+0.j -6.96394217e-17+0.j
  1.06160206e-16+0.j  4.91001257e-01+0.j  4.49076012e-01+0.j
  1.65106684e-01+0.j -6.98544351e-01+0.j]
13: [ 3.01134276e-01+0.j          1.85251579e-01+0.j
  1.89927197e-01-0.04425944j  1.89927197e-01+0.04425944j
  9.17518721e-02+0.j          7.22483687e-17+0.j
 -7.66251606e-01+0.j         -3.52468394e-01+0.j
  5.18526813e-02+0.j         -2.17160209e-01+0.j
  3.69390688e-17+0.j         -1.74782908e-17+0.j
 -9.22369082e-17+0.j          2.78718772e-17+0.j        ]
14: [ 3.01134276e-01+0.j          1.85251579e-01+0.j
 -1.24115979e-01+0.25860157j -1.24115979e-01-0.25860157j
 -9.39915914e-02+0.j          2.95549006e-17+0.j
 -7.43636420e-03+0.j         -2.11384925e-03+0.j
  1.44966886e-02+0.j          1.08097769e-02+0.j
 -6.98116405e-18+0.j         -1.22468500e-17+0.j
  1.25475450e-17+0.j          1.85060485e-17+0.j        ]

n = 6
m = 7
[0 1 1 1 1 1 1 1 1 1 1 1 1]
[1 0 1 1 1 1 1 1 1 1 1 1 1]
[1 1 0 1 1 1 1 1 1 1 1 1 1]
[1 1 1 0 1 1 1 1 1 1 1 1 1]
[1 1 1 1 0 1 1 1 1 1 1 1 1]
[1 1 1 1 1 0 1 1 1 1 1 1 1]
[1 1 1 1 1 1 0 0 0 0 0 0 0]
[1 1 1 1 1 1 0 0 0 0 0 0 0]
[1 1 1 1 1 1 0 0 0 0 0 0 0]
[1 1 1 1 1 1 0 0 0 0 0 0 0]
[1 1 1 1 1 1 0 0 0 0 0 0 0]
[1 1 1 1 1 1 0 0 0 0 0 0 0]
[1 1 1 1 1 1 0 0 0 0 0 0 0]

Eigenvalues: 
1: -4.446221994724901
2: -0.9999999999999999
3: -0.9999999999999999
4: -0.9999999999999998
5: -0.9999999999999997
6: -0.9999999999999992
7: -1.728077370781848e-18
8: -1.2159666499814072e-36
9: 0.0
10: 7.948269113079358e-35
11: 2.001328114552393e-33
12: 1.2805233952037051e-17
13: 9.446221994724905

Eigenvectors: 
1: [ 3.36638762e-01 -1.82574186e-01  2.30956728e-01  8.01231077e-01
 -4.23458441e-17 -3.92174873e-01  4.21225561e-01  1.25374748e-16
  1.55837966e-01 -4.12229752e-17  1.25374748e-16  1.25374748e-16
 -1.25374748e-16]
2: [ 3.36638762e-01 -1.82574186e-01  2.30956728e-01  1.92502071e-01
  1.76576285e-17  4.14969331e-01  1.56247789e-01 -7.12447205e-17
  4.02024374e-01  2.67690058e-17 -7.12447205e-17 -7.12447205e-17
  7.12447205e-17]
3: [ 2.13824381e-01 -2.98946702e-17 -3.11666932e-01 -6.84037082e-18
  1.54303350e-01 -2.28861836e-17  9.05870198e-18 -1.82574186e-01
 -9.40109781e-17 -4.87690386e-02 -1.82574186e-01 -1.82574186e-01
  1.82574186e-01]
4: [ 3.36638762e-01 -1.82574186e-01  2.30956728e-01 -3.57467155e-01
  4.59087476e-19 -2.32029655e-01  4.82617075e-01  1.45476339e-16
 -2.83871416e-01 -8.57844042e-17  1.45476339e-16  1.45476339e-16
 -1.45476339e-16]
5: [ 2.13824381e-01 -2.98946702e-17 -3.11666932e-01 -6.84037082e-18
  1.54303350e-01  8.43249730e-17 -7.57032908e-17  9.12870929e-01
 -2.29549821e-17 -5.99404880e-01  9.12870929e-01  9.12870929e-01
 -9.12870929e-01]
6: [ 3.36638762e-01 -1.82574186e-01  2.30956728e-01 -2.42000601e-02
  1.13225424e-17  6.59603781e-01 -7.09389187e-01  5.72274459e-17
 -7.22623793e-01 -4.97587124e-17  5.72274459e-17  5.72274459e-17
 -5.72274459e-17]
7: [ 2.13824381e-01 -2.98946702e-17 -3.11666932e-01 -6.84037082e-18
  1.54303350e-01 -2.28861836e-17  9.05870198e-18 -1.82574186e-01
  9.38672023e-18 -4.87690386e-02 -1.82574186e-01 -1.82574186e-01
  1.82574186e-01]
8: [ 2.13824381e-01 -2.14031391e-18 -3.11666932e-01 -1.78073805e-16
 -9.25820100e-01  2.34189606e-16 -7.33348474e-17 -2.82540344e-15
 -6.36099910e-17  8.51613441e-16 -2.82540344e-15 -2.82540344e-15
  2.82540344e-15]
9: [ 2.13824381e-01 -2.98946702e-17 -3.11666932e-01 -6.84037082e-18
  1.54303350e-01 -2.28861836e-17  9.05870198e-18 -1.82574186e-01
  8.38169794e-17  7.94481034e-01 -1.82574186e-01 -1.82574186e-01
  1.82574186e-01]
10: [ 2.13824381e-01 -2.98946702e-17 -3.11666932e-01 -6.84037082e-18
  1.54303350e-01 -2.28861836e-17  9.05870198e-18 -1.82574186e-01
  9.38672023e-18 -4.87690386e-02 -1.82574186e-01 -1.82574186e-01
  1.82574186e-01]
11: [ 2.13824381e-01 -2.98946702e-17 -3.11666932e-01 -6.84037082e-18
  1.54303350e-01 -2.28861836e-17  9.05870198e-18 -1.82574186e-01
  9.38672023e-18 -4.87690386e-02 -1.82574186e-01 -1.82574186e-01
  1.82574186e-01]
12: [ 3.36638762e-01 -1.82574186e-01  2.30956728e-01 -3.57467155e-01
  4.20924509e-17 -4.29718499e-01 -1.91283554e-01 -7.80580516e-17
  4.59568510e-01  7.74338170e-17 -7.80580516e-17 -7.80580516e-17
  7.80580516e-17]
13: [ 3.36638762e-01  9.12870929e-01  2.30956728e-01 -2.54598779e-01
 -6.22927973e-33 -2.06500842e-02 -1.59417683e-01  5.28213624e-34
 -1.09356411e-02  5.97096521e-33  5.28213624e-34  5.28213624e-34
 -5.28213624e-34]

n = 7
m = 7
[0 1 1 1 1 1 1 1 1 1 1 1 1 1]
[1 0 1 1 1 1 1 1 1 1 1 1 1 1]
[1 1 0 1 1 1 1 1 1 1 1 1 1 1]
[1 1 1 0 1 1 1 1 1 1 1 1 1 1]
[1 1 1 1 0 1 1 1 1 1 1 1 1 1]
[1 1 1 1 1 0 1 1 1 1 1 1 1 1]
[1 1 1 1 1 1 0 1 1 1 1 1 1 1]
[1 1 1 1 1 1 1 0 0 0 0 0 0 0]
[1 1 1 1 1 1 1 0 0 0 0 0 0 0]
[1 1 1 1 1 1 1 0 0 0 0 0 0 0]
[1 1 1 1 1 1 1 0 0 0 0 0 0 0]
[1 1 1 1 1 1 1 0 0 0 0 0 0 0]
[1 1 1 1 1 1 1 0 0 0 0 0 0 0]
[1 1 1 1 1 1 1 0 0 0 0 0 0 0]

Eigenvalues: 
1: (-4.615773105863909+0j)
2: (-1.0000000000000007+0j)
3: (-1.0000000000000004+0j)
4: (-1.0000000000000004+0j)
5: (-1+0j)
6: (-0.9999999999999996+0j)
7: (-0.9999999999999996+0j)
8: (-2.220446049250313e-16+0j)
9: (-1.4707037888583516e-16+0j)
10: (-2.3704529897306642e-17+0j)
11: 0j
12: (4.0207279940043676e-34+0j)
13: (2.619264724366641e-32+0j)
14: (10.615773105863912+0j)

Eigenvectors: 
1: [-3.15540273e-01+0.j -2.08066044e-01+0.j -3.98385134e-17+0.j
 -5.70676913e-01+0.j -5.70676913e-01+0.j  6.50910076e-01+0.j
  2.00015007e-02+0.j -2.55977757e-01+0.j  2.27212436e-17+0.j
 -4.19187155e-02+0.j -1.54063379e-17+0.j  3.67528013e-17+0.j
  9.00178284e-17+0.j  1.73011533e-17+0.j]
2: [-2.08066044e-01+0.j  3.15540273e-01+0.j -2.39045722e-01+0.j
  8.20874380e-19+0.j  8.20874380e-19+0.j  5.96954756e-17+0.j
  9.35164883e-17+0.j -1.15643238e-16+0.j  9.06921330e-01+0.j
  1.19829187e-16+0.j -7.62385317e-02+0.j -7.10529925e-02+0.j
  1.77931133e-02+0.j -4.45815378e-03+0.j]
3: [-3.15540273e-01+0.j         -2.08066044e-01+0.j
  5.73060012e-17+0.j         -7.22837734e-02+0.00109788j
 -7.22837734e-02-0.00109788j -1.60969999e-01+0.j
 -4.08447612e-01+0.j          2.11751413e-01+0.j
 -3.90586246e-17+0.j          7.46227817e-01+0.j
 -7.90323214e-17+0.j         -5.06098045e-17+0.j
  4.79049536e-18+0.j          2.78097161e-17+0.j        ]
4: [-2.08066044e-01+0.j  3.15540273e-01+0.j -2.39045722e-01+0.j
  8.20874380e-19+0.j  8.20874380e-19+0.j  5.96954756e-17+0.j
  9.35164883e-17+0.j  4.58510777e-17+0.j -2.09183230e-01+0.j
  2.66901660e-16+0.j  3.20737375e-01+0.j -7.75729502e-01+0.j
 -2.89857471e-02+0.j -4.45815378e-03+0.j]
5: [-3.15540273e-01+0.j         -2.08066044e-01+0.j
  4.34282134e-17+0.j         -1.08261784e-02-0.07186691j
 -1.08261784e-02+0.07186691j  9.41734687e-02+0.j
 -1.84431522e-01+0.j          6.79319328e-01+0.j
 -6.56985724e-18+0.j         -2.27348547e-01+0.j
  2.43423198e-17+0.j          8.84733413e-17+0.j
  1.36032959e-17+0.j          1.61030039e-17+0.j        ]
6: [-3.15540273e-01+0.j         -2.08066044e-01+0.j
  5.73060012e-17+0.j         -2.31003632e-01+0.15008701j
 -2.31003632e-01-0.15008701j -6.28183533e-01+0.j
  6.55831841e-01+0.j          1.75285774e-01+0.j
 -3.39412620e-18+0.j          2.62294483e-01+0.j
  3.28091849e-17+0.j         -7.12667975e-17+0.j
 -7.03900987e-17+0.j         -6.70620426e-17+0.j        ]
7: [-3.15540273e-01+0.j         -2.08066044e-01+0.j
 -8.14718768e-17+0.j         -7.29756636e-02+0.00174736j
 -7.29756636e-02-0.00174736j -1.63006672e-01+0.j
 -4.75458391e-01+0.j         -5.74361118e-01+0.j
 -6.60409212e-18+0.j         -5.40035155e-01+0.j
  2.46137757e-17+0.j          2.51231549e-17+0.j
 -1.58157089e-17+0.j         -7.83632698e-17+0.j        ]
8: [-2.08066044e-01+0.j  3.15540273e-01+0.j -2.39045722e-01+0.j
  8.20874380e-19+0.j  8.20874380e-19+0.j  5.96954756e-17+0.j
  9.35164883e-17+0.j  4.58510777e-17+0.j -2.09183230e-01+0.j
 -1.58903986e-16+0.j -8.26938776e-01+0.j  3.24064068e-02+0.j
  2.46611056e-02+0.j -4.45815378e-03+0.j]
9: [-3.15540273e-01+0.j         -2.08066044e-01+0.j
  7.11837891e-17+0.j          4.88876916e-01-0.28594946j
  4.88876916e-01+0.28594946j  3.25923123e-01+0.j
  3.77290278e-01+0.j         -2.58888233e-01+0.j
  3.03284780e-18+0.j         -1.68235225e-01+0.j
 -1.30495411e-18+0.j         -1.08843616e-17+0.j
 -5.62519188e-17+0.j          1.23808452e-17+0.j        ]
10: [-2.08066044e-01+0.j  3.15540273e-01+0.j -2.39045722e-01+0.j
  8.20874380e-19+0.j  8.20874380e-19+0.j  5.96954756e-17+0.j
  9.35164883e-17+0.j  4.58510777e-17+0.j -2.09183230e-01+0.j
 -4.06556910e-18+0.j  3.20737375e-01+0.j  4.41471581e-01+0.j
 -6.50326487e-01+0.j -4.45815378e-03+0.j]
11: [-2.08066044e-01+0.j  3.15540273e-01+0.j  5.97614305e-01+0.j
 -1.16249627e-16+0.j -1.16249627e-16+0.j -9.90976403e-17+0.j
 -1.65951722e-16+0.j -4.81242480e-17+0.j -3.50942054e-02+0.j
 -7.23712884e-17+0.j -2.95174094e-02+0.j -3.42835373e-02+0.j
 -5.85505006e-02+0.j  7.18129184e-01+0.j]
12: [-2.08066044e-01+0.j  3.15540273e-01+0.j  5.97614305e-01+0.j
 -1.16249627e-16+0.j -1.16249627e-16+0.j -9.90976403e-17+0.j
 -1.65951722e-16+0.j -4.81242480e-17+0.j -3.50942054e-02+0.j
 -7.23712884e-17+0.j -2.95174094e-02+0.j -3.42835373e-02+0.j
 -5.85505006e-02+0.j -6.95838415e-01+0.j]
13: [-2.08066044e-01+0.j  3.15540273e-01+0.j -2.39045722e-01+0.j
  8.20874380e-19+0.j  8.20874380e-19+0.j  5.96954756e-17+0.j
  9.35164883e-17+0.j  4.58510777e-17+0.j -2.09183230e-01+0.j
 -4.06556910e-18+0.j  3.20737375e-01+0.j  4.41471581e-01+0.j
  7.53959017e-01+0.j -4.45815378e-03+0.j]
14: [-3.15540273e-01+0.j         -2.08066044e-01+0.j
 -2.59607256e-17+0.j          4.68889243e-01+0.20488413j
  4.68889243e-01-0.20488413j -1.18846464e-01+0.j
  1.52139053e-02+0.j          2.28705934e-02+0.j
  1.52451344e-18+0.j         -3.09846577e-02+0.j
  1.28225405e-18+0.j          1.48929752e-18+0.j
  2.54346903e-18+0.j         -4.84162218e-19+0.j        ]

n = 8
m = 7
[0 1 1 1 1 1 1 1 1 1 1 1 1 1 1]
[1 0 1 1 1 1 1 1 1 1 1 1 1 1 1]
[1 1 0 1 1 1 1 1 1 1 1 1 1 1 1]
[1 1 1 0 1 1 1 1 1 1 1 1 1 1 1]
[1 1 1 1 0 1 1 1 1 1 1 1 1 1 1]
[1 1 1 1 1 0 1 1 1 1 1 1 1 1 1]
[1 1 1 1 1 1 0 1 1 1 1 1 1 1 1]
[1 1 1 1 1 1 1 0 1 1 1 1 1 1 1]
[1 1 1 1 1 1 1 1 0 0 0 0 0 0 0]
[1 1 1 1 1 1 1 1 0 0 0 0 0 0 0]
[1 1 1 1 1 1 1 1 0 0 0 0 0 0 0]
[1 1 1 1 1 1 1 1 0 0 0 0 0 0 0]
[1 1 1 1 1 1 1 1 0 0 0 0 0 0 0]
[1 1 1 1 1 1 1 1 0 0 0 0 0 0 0]
[1 1 1 1 1 1 1 1 0 0 0 0 0 0 0]

Eigenvalues: 
1: -4.761355820929152
2: -1.0000000000000007
3: -1.0000000000000004
4: -1.0
5: -1.0
6: -0.9999999999999999
7: -0.9999999999999998
8: -0.9999999999999993
9: -6.779406901947103e-35
10: 0.0
11: 3.4666738998970245e-33
12: 2.8191468528636574e-18
13: 6.93776426919296e-18
14: 2.0816681711721685e-17
15: 11.761355820929152

Eigenvectors: 
1: [ 2.98292984e-01 -1.33630621e-01  1.89792770e-01  2.69418545e-16
  3.81602726e-01 -8.43052308e-02 -5.37431106e-01 -2.37814939e-01
 -3.65107260e-01  7.95219942e-01 -3.54733241e-17 -2.28538675e-17
 -2.37949510e-18  2.28931165e-16  1.21467316e-16]
2: [ 2.98292984e-01 -1.33630621e-01  1.89792770e-01 -4.14026835e-17
 -3.47428777e-01 -6.62368681e-01  7.66341170e-01  7.45567177e-02
  1.01878819e-01 -2.80873386e-01 -2.76073488e-18  2.12031929e-17
  9.03089616e-18 -3.80564450e-17 -3.06038821e-17]
3: [ 2.98292984e-01 -1.33630621e-01  1.89792770e-01 -3.12205308e-16
  3.53506295e-01  4.93705414e-01  1.65209368e-01  1.18419953e-01
  1.66511024e-01 -1.03167709e-01  5.38096068e-17  2.54770899e-17
 -2.30809385e-17 -2.40246177e-16 -1.08053676e-16]
4: [ 2.98292984e-01 -1.33630621e-01  1.89792770e-01 -1.36471079e-17
 -6.79530399e-02 -9.85811341e-02 -1.75357450e-01 -7.03647724e-02
  7.61527895e-01  5.85123962e-02 -2.58522771e-17  8.81951684e-18
 -4.09029734e-18 -1.57773126e-17 -2.18434574e-17]
5: [ 2.02897005e-01  3.29129940e-17 -3.18888614e-01  3.27326835e-01
  1.17447678e-16 -2.22629164e-17  4.56613307e-17 -2.78889880e-17
  2.47906333e-17  5.68879211e-17 -2.88675135e-01  6.28778798e-01
 -3.20422211e-01  1.51336604e-01  1.16993732e-01]
6: [ 2.98292984e-01 -1.33630621e-01  1.89792770e-01 -1.36471079e-17
 -1.26531053e-01 -3.94437541e-02 -1.44923896e-01 -5.85452710e-01
 -4.24567954e-01 -1.79823510e-01  1.89124699e-17  6.14686356e-18
 -1.99777136e-17  3.54057616e-18  4.94072848e-17]
7: [ 2.02897005e-01  3.29129940e-17 -3.18888614e-01  3.27326835e-01
  1.17447678e-16 -2.22629164e-17  4.56613307e-17 -2.78889880e-17
 -1.60709838e-18  6.17849858e-18  8.66025404e-01  3.51863287e-01
 -8.29027034e-02  8.41270019e-02  1.12021561e-01]
8: [ 2.98292984e-01 -1.33630621e-01  1.89792770e-01 -1.52424986e-16
 -6.49671659e-02 -9.25577181e-02 -1.85418408e-01  7.54993857e-01
 -2.59648525e-01 -3.84985741e-01  4.91261411e-17  1.84938616e-17
 -5.91241794e-18 -1.18929788e-16 -6.71172442e-17]
9: [ 2.02897005e-01  3.29129940e-17 -3.18888614e-01 -4.36435780e-01
 -6.44094877e-17  1.16378902e-16  2.86498499e-17  6.79667523e-17
  1.24660302e-17 -8.13545016e-17 -4.47909691e-16  7.32812780e-16
 -5.85690525e-16 -3.55743224e-01 -8.12645691e-01]
10: [ 2.02897005e-01  3.29129940e-17 -3.18888614e-01 -4.36435780e-01
 -6.44094877e-17  1.16378902e-16  2.86498499e-17  6.79667523e-17
  1.24660302e-17 -8.13545016e-17 -4.47909691e-16  7.32812780e-16
 -5.85690525e-16 -3.55743224e-01  5.18549433e-01]
11: [ 2.02897005e-01  3.29129940e-17 -3.18888614e-01 -4.36435780e-01
 -6.44094877e-17  1.16378902e-16  2.86498499e-17  6.79667523e-17
  1.24660302e-17 -8.13545016e-17 -4.47909691e-16  7.51301494e-16
 -5.51018730e-16 -2.43599261e-01 -1.47048129e-01]
12: [ 2.02897005e-01  3.29129940e-17 -3.18888614e-01  3.27326835e-01
  1.17447678e-16 -2.22629164e-17  4.56613307e-17 -2.78889880e-17
  2.47906333e-17  7.29676617e-18 -2.88675135e-01 -4.90321043e-01
 -4.34388348e-01  8.06266431e-01  1.19379469e-01]
13: [ 2.98292984e-01 -1.33630621e-01  1.89792770e-01 -9.69138348e-17
 -6.00601264e-01  5.36447834e-01  9.76494671e-03 -7.54595778e-02
 -1.03361878e-02  2.59211875e-01  9.97503882e-18 -1.96031346e-17
  2.31490381e-17 -8.03241452e-17 -7.85702222e-17]
14: [ 2.02897005e-01  3.29129940e-17 -3.18888614e-01  3.27326835e-01
  1.17447678e-16 -2.22629164e-17  4.56613307e-17 -2.78889880e-17
  2.47906333e-17  7.67243830e-17 -2.88675135e-01 -4.90321043e-01
  8.37713263e-01 -8.66443290e-02  9.27496267e-02]
15: [ 2.98292984e-01  9.35414347e-01  1.89792770e-01  5.17996174e-17
  4.72372280e-01 -5.28967299e-02  1.01815374e-01  2.11214722e-02
  2.97421886e-02 -1.64093866e-01  4.21016008e-32 -9.01825512e-32
  7.33545875e-32  4.22223926e-17  1.74528239e-17]

n = 6
m = 8
[0 1 1 1 1 1 1 1 1 1 1 1 1 1]
[1 0 1 1 1 1 1 1 1 1 1 1 1 1]
[1 1 0 1 1 1 1 1 1 1 1 1 1 1]
[1 1 1 0 1 1 1 1 1 1 1 1 1 1]
[1 1 1 1 0 1 1 1 1 1 1 1 1 1]
[1 1 1 1 1 0 1 1 1 1 1 1 1 1]
[1 1 1 1 1 1 0 0 0 0 0 0 0 0]
[1 1 1 1 1 1 0 0 0 0 0 0 0 0]
[1 1 1 1 1 1 0 0 0 0 0 0 0 0]
[1 1 1 1 1 1 0 0 0 0 0 0 0 0]
[1 1 1 1 1 1 0 0 0 0 0 0 0 0]
[1 1 1 1 1 1 0 0 0 0 0 0 0 0]
[1 1 1 1 1 1 0 0 0 0 0 0 0 0]
[1 1 1 1 1 1 0 0 0 0 0 0 0 0]

Eigenvalues: 
1: -4.865459931328117
2: -1.0
3: -0.9999999999999998
4: -0.9999999999999997
5: -0.9999999999999992
6: -0.9999999999999988
7: -2.7414343108577037e-17
8: -1.5878164248822705e-48
9: -3.182822811974539e-53
10: 1.2909668307717505e-35
11: 3.625313617128687e-32
12: 4.008544739955962e-18
13: 2.220446049250313e-16
14: 9.865459931328116

Eigenvectors: 
1: [ 3.34093564e-01 -1.82574186e-01  2.34623436e-01  2.32038844e-02
 -1.28193533e-17  1.09484879e-16 -1.43601798e-02 -4.54694032e-01
  5.61331220e-01 -3.66760080e-17  3.67676603e-17 -3.89177952e-17
 -3.61713339e-17  5.43816519e-17]
2: [ 2.03189856e-01 -1.58872887e-17 -2.89333514e-01 -1.70949997e-18
 -2.04124145e-01 -9.12870929e-01 -3.10869594e-17 -3.03568140e-16
 -3.63314819e-17  1.88877652e-02 -1.68966680e-02  3.19209628e-02
  1.68671112e-02  2.67009650e-03]
3: [ 3.34093564e-01 -1.82574186e-01  2.34623436e-01 -2.63405612e-01
 -6.70390390e-17 -1.70661704e-17 -1.95846982e-01 -1.88225428e-01
 -2.32645531e-01  3.45393604e-17 -1.58033997e-17  3.63436493e-17
  1.67100504e-17 -7.12145524e-17]
4: [ 2.03189856e-01 -1.58872887e-17 -2.89333514e-01 -1.70949997e-18
 -2.04124145e-01  1.82574186e-01  7.63586932e-17  1.26727055e-16
 -1.88158676e-16 -2.27336483e-01  6.26970009e-02 -1.18446349e-01
 -6.25873268e-02 -9.90769554e-03]
5: [ 2.03189856e-01 -1.58872887e-17 -2.89333514e-01 -1.70949997e-18
 -2.04124145e-01  1.82574186e-01  5.50994934e-17  1.29683064e-16
 -2.09638625e-17  8.90458167e-01 -4.65937642e-01  8.80243258e-01
  4.65122590e-01  7.36298105e-02]
6: [ 3.34093564e-01 -1.82574186e-01  2.34623436e-01  8.86530411e-01
  2.06353744e-17 -6.41430445e-17 -6.15723204e-01  2.73710192e-01
  1.62831094e-02  4.09419842e-17  6.44422048e-18  4.17696155e-17
 -7.17005773e-18 -4.60668154e-17]
7: [ 3.34093564e-01 -1.82574186e-01  2.34623436e-01 -2.63405612e-01
  5.78610513e-17 -4.10826331e-17  7.51771018e-01  1.76023983e-01
 -7.42600698e-01 -1.03561803e-18 -2.48793503e-17  5.60187048e-18
  2.44944122e-17  2.59400068e-17]
8: [ 2.03189856e-01  2.61768502e-17 -2.89333514e-01 -1.06297115e-16
  6.12372436e-01 -2.60351560e-18 -8.46423946e-17 -1.40438220e-16
  2.19527400e-16  2.11887950e-16 -1.04912087e-16  2.48463642e-16
 -8.84097127e-05 -6.98190696e-01]
9: [ 2.03189856e-01  2.61768502e-17 -2.89333514e-01 -1.06297115e-16
  6.12372436e-01 -2.60351560e-18 -8.46423946e-17 -1.40438220e-16
  2.19527400e-16  2.11887950e-16 -1.24993445e-16  2.48196593e-16
  8.84097127e-05  6.98190696e-01]
10: [ 2.03189856e-01 -1.58872887e-17 -2.89333514e-01 -1.70949997e-18
 -2.04124145e-01  1.82574186e-01  7.39965599e-17  1.37837571e-16
 -1.31092764e-16 -2.27336483e-01 -2.06327644e-01 -2.69178814e-01
  1.91792675e-01  3.03611533e-02]
11: [ 2.03189856e-01 -1.58872887e-17 -2.89333514e-01 -1.70949997e-18
 -2.04124145e-01  1.82574186e-01  7.39965599e-17  1.37837571e-16
 -1.31092764e-16 -2.27336483e-01 -2.06327644e-01 -2.69178814e-01
  2.21609817e-01  3.50812650e-02]
12: [ 2.03189856e-01 -1.58872887e-17 -2.89333514e-01 -1.70949997e-18
 -2.04124145e-01  1.82574186e-01  7.39965599e-17  1.37837571e-16
 -1.31092764e-16 -2.27336483e-01  8.32792597e-01 -2.55360243e-01
 -8.32804867e-01 -1.31834630e-01]
13: [ 3.34093564e-01 -1.82574186e-01  2.34623436e-01 -1.64579027e-01
  3.48864544e-18  1.65462635e-16 -4.78120593e-02  6.59292623e-01
  1.96969552e-01 -1.18197601e-17  7.84430820e-19 -1.47051213e-17
 -1.08461457e-18  6.27104329e-18]
14: [ 3.34093564e-01  9.12870929e-01  2.34623436e-01 -2.18344043e-01
 -1.84445571e-32 -4.17461789e-32  1.21971408e-01 -4.66107338e-01
  2.00662348e-01 -1.08206305e-32  4.84656722e-33 -9.15607098e-33
 -4.83808926e-33 -7.65878938e-34]

n = 7
m = 8
[0 1 1 1 1 1 1 1 1 1 1 1 1 1 1]
[1 0 1 1 1 1 1 1 1 1 1 1 1 1 1]
[1 1 0 1 1 1 1 1 1 1 1 1 1 1 1]
[1 1 1 0 1 1 1 1 1 1 1 1 1 1 1]
[1 1 1 1 0 1 1 1 1 1 1 1 1 1 1]
[1 1 1 1 1 0 1 1 1 1 1 1 1 1 1]
[1 1 1 1 1 1 0 1 1 1 1 1 1 1 1]
[1 1 1 1 1 1 1 0 0 0 0 0 0 0 0]
[1 1 1 1 1 1 1 0 0 0 0 0 0 0 0]
[1 1 1 1 1 1 1 0 0 0 0 0 0 0 0]
[1 1 1 1 1 1 1 0 0 0 0 0 0 0 0]
[1 1 1 1 1 1 1 0 0 0 0 0 0 0 0]
[1 1 1 1 1 1 1 0 0 0 0 0 0 0 0]
[1 1 1 1 1 1 1 0 0 0 0 0 0 0 0]
[1 1 1 1 1 1 1 0 0 0 0 0 0 0 0]

Eigenvalues: 
1: -5.062257748298549
2: -1.0000000000000002
3: -1.0000000000000002
4: -1.0
5: -0.9999999999999998
6: -0.9999999999999997
7: -0.9999999999999986
8: -1.2272753850761947e-48
9: -1.111898134239397e-96
10: -6.760978193043025e-113
11: 0.0
12: 8.910362614298304e-82
13: 2.2789362589823517e-64
14: 1.6390217800421136e-33
15: 11.062257748298546

Eigenvectors: 
1: [ 3.13061405e-01 -1.54303350e-01 -2.11777477e-01 -1.06921162e-01
  8.46385912e-01  5.66841180e-02 -9.49095263e-02 -3.86580308e-01
  1.29820215e-17 -4.11046421e-17  8.85686721e-17  3.10642791e-17
  2.32793423e-17  7.61371357e-18 -2.48738749e-17]
2: [ 3.13061405e-01 -1.54303350e-01 -2.11777477e-01  8.99917136e-01
  2.93087278e-02 -1.01020934e-01  7.91305812e-02 -1.35069761e-01
 -1.52215396e-17 -2.81307253e-17  2.53079335e-17  2.91213230e-17
 -2.17843607e-17 -5.96741071e-19  4.62570714e-18]
3: [ 3.13061405e-01 -1.54303350e-01 -2.11777477e-01 -1.03346503e-01
 -1.09786849e-01  6.04642799e-02 -4.10477675e-02  8.23852775e-01
 -6.47516184e-17 -2.52505027e-17  1.60576672e-17  1.71706290e-17
  1.01829901e-17  1.59941658e-17 -6.34699164e-17]
4: [ 3.13061405e-01 -1.54303350e-01 -2.11777477e-01 -9.60194274e-02
 -9.89318326e-02 -1.06097257e-01  7.91391818e-01  1.70031617e-01
  8.25291077e-17 -1.63149071e-17 -8.31037845e-18  3.58796086e-18
 -1.73662655e-17 -3.21326096e-18  2.25562023e-17]
5: [ 1.98099690e-01 -3.19565498e-19  2.92842129e-01  4.01522385e-17
 -2.27198189e-17 -7.57486225e-18  1.19571362e-17 -1.29995551e-16
  9.35414347e-01 -1.08117810e-01  1.64210191e-01  9.68687427e-02
 -1.21475644e-01 -4.78647097e-16  2.57942275e-02]
6: [ 3.13061405e-01 -1.54303350e-01 -2.11777477e-01 -1.03346503e-01
 -1.09786849e-01  7.91183186e-01 -5.62341605e-01 -2.72118545e-01
 -1.32836078e-17  4.50457705e-17 -1.61413745e-17 -5.76882443e-17
  3.20940277e-17 -5.50434255e-18  6.59966935e-18]
7: [ 3.13061405e-01 -1.54303350e-01 -2.11777477e-01 -3.63351984e-01
 -4.94983351e-01 -5.74043690e-01  2.72153329e-02 -2.23743002e-01
 -6.04918450e-17  1.01209381e-18 -2.82115908e-17  5.11535599e-18
 -5.12704700e-18  1.38981015e-18  3.86106214e-17]
8: [ 1.98099690e-01 -3.19565498e-19  2.92842129e-01  4.01522385e-17
 -2.27198189e-17 -7.57486225e-18  1.19571362e-17  2.73214447e-17
 -1.33630621e-01  1.68714587e-01  6.60649610e-01 -5.12497391e-01
  6.42683584e-01  9.47910296e-17 -1.36467904e-01]
9: [ 1.98099690e-01 -3.19565498e-19  2.92842129e-01  4.01522385e-17
 -2.27198189e-17 -7.57486225e-18  1.19571362e-17  2.73214447e-17
 -1.33630621e-01  1.68714587e-01 -2.56245058e-01 -1.51160756e-01
  1.89559085e-01  1.33269426e-16 -6.56237839e-01]
10: [ 1.98099690e-01 -3.19565498e-19  2.92842129e-01  4.01522385e-17
 -2.27198189e-17 -7.57486225e-18  1.19571362e-17  2.73214447e-17
 -1.33630621e-01  1.68714587e-01 -2.56245058e-01 -1.51160756e-01
  1.89559085e-01  7.07106781e-01 -4.02511153e-02]
11: [ 1.98099690e-01 -3.19565498e-19  2.92842129e-01  4.01522385e-17
 -2.27198189e-17 -7.57486225e-18  1.19571362e-17  2.73214447e-17
 -1.33630621e-01  1.68714587e-01 -2.56245058e-01 -1.51160756e-01
  1.89559085e-01 -7.07106781e-01 -4.02511153e-02]
12: [ 1.98099690e-01 -3.19565498e-19  2.92842129e-01  4.01522385e-17
 -2.27198189e-17 -7.57486225e-18  1.19571362e-17  2.73214447e-17
 -1.33630621e-01  1.68714587e-01 -2.56245058e-01 -1.51160756e-01
 -5.59804505e-01  1.07263395e-16  7.34856023e-01]
13: [ 1.98099690e-01 -3.19565498e-19  2.92842129e-01  4.01522385e-17
 -2.27198189e-17 -7.57486225e-18  1.19571362e-17  2.73214447e-17
 -1.33630621e-01  1.68714587e-01 -2.56245058e-01  7.51058471e-01
 -1.92481107e-01  2.91697327e-17  4.08715796e-02]
14: [ 1.98099690e-01 -3.19565498e-19  2.92842129e-01  4.01522385e-17
 -2.27198189e-17 -7.57486225e-18  1.19571362e-17  2.73214447e-17
 -1.33630621e-01 -9.04169712e-01  4.56365488e-01  2.69213201e-01
 -3.37599582e-01  9.27955809e-17  7.16861431e-02]
15: [ 3.13061405e-01  9.25820100e-01 -2.11777477e-01 -1.26931557e-01
 -6.22057586e-02 -1.27169703e-01 -1.99438833e-01  2.36272250e-02
  1.58603289e-17 -2.00243689e-17  3.04131708e-17  1.79409427e-17
 -2.24983572e-17 -5.30750874e-33  4.77731768e-18]

n = 8
m = 8
[0 1 1 1 1 1 1 1 1 1 1 1 1 1 1 1]
[1 0 1 1 1 1 1 1 1 1 1 1 1 1 1 1]
[1 1 0 1 1 1 1 1 1 1 1 1 1 1 1 1]
[1 1 1 0 1 1 1 1 1 1 1 1 1 1 1 1]
[1 1 1 1 0 1 1 1 1 1 1 1 1 1 1 1]
[1 1 1 1 1 0 1 1 1 1 1 1 1 1 1 1]
[1 1 1 1 1 1 0 1 1 1 1 1 1 1 1 1]
[1 1 1 1 1 1 1 0 1 1 1 1 1 1 1 1]
[1 1 1 1 1 1 1 1 0 0 0 0 0 0 0 0]
[1 1 1 1 1 1 1 1 0 0 0 0 0 0 0 0]
[1 1 1 1 1 1 1 1 0 0 0 0 0 0 0 0]
[1 1 1 1 1 1 1 1 0 0 0 0 0 0 0 0]
[1 1 1 1 1 1 1 1 0 0 0 0 0 0 0 0]
[1 1 1 1 1 1 1 1 0 0 0 0 0 0 0 0]
[1 1 1 1 1 1 1 1 0 0 0 0 0 0 0 0]
[1 1 1 1 1 1 1 1 0 0 0 0 0 0 0 0]

Eigenvalues: 
1: -5.232124598286486
2: -1.0
3: -1.0
4: -1.0
5: -1.0
6: -0.9999999999999998
7: -0.9999999999999996
8: -0.9999999999999991
9: -1.607856476159123e-33
10: -1.185341615657437e-49
11: -1.8991135491519597e-65
12: 0.0
13: 2.381701378832523e-113
14: 2.3408381773460992e-97
15: 1.179631779572349e-81
16: 12.232124598286473

Eigenvectors: 
1: [ 2.95890482e-01  1.93516983e-01  1.33630621e-01  8.44682017e-01
 -7.11730754e-01 -6.99149219e-01 -2.11087005e-01 -2.08397899e-01
  2.08873701e-01  7.07606267e-17  2.28680850e-18  2.12206730e-17
 -2.09269747e-17  4.15236708e-18  3.40149249e-18 -3.46754450e-17]
2: [ 2.95890482e-01  1.93516983e-01  1.33630621e-01  1.93897300e-01
  6.74739331e-01 -2.51429302e-01  4.33779745e-02 -1.88168099e-01
  5.48566774e-02 -4.46097308e-17  2.57864745e-17  4.80639339e-18
 -1.00170132e-17 -3.81245366e-17  4.35711572e-18  1.18308054e-17]
3: [ 2.95890482e-01  1.93516983e-01  1.33630621e-01 -2.03572591e-01
  6.06658778e-02  1.47506197e-01 -3.35622934e-01 -9.46149796e-02
 -4.60543615e-01  1.47349809e-16  4.29431482e-17  1.67988222e-17
  2.34799224e-18 -2.25792199e-17  5.73689197e-17 -3.08184576e-17]
4: [ 2.95890482e-01  1.93516983e-01  1.33630621e-01 -2.03572591e-01
  6.06658778e-02  1.47506197e-01  1.79661270e-01  7.30148383e-01
 -2.64350432e-01  6.55179125e-17  4.76232684e-17  4.15695222e-17
 -9.55365814e-18 -2.20286957e-17 -6.51802648e-18  2.04647366e-17]
5: [ 1.93516983e-01 -2.95890482e-01  7.45097227e-17  5.18639306e-17
 -5.13492038e-17 -4.71666322e-17 -2.60511699e-17 -1.06927025e-17
 -1.11579985e-16  9.35414347e-01  2.65539486e-01  2.30538457e-01
  4.26059571e-02  4.51107417e-02  2.22718735e-16 -1.36434890e-02]
6: [ 2.95890482e-01  1.93516983e-01  1.33630621e-01 -2.82432703e-01
 -1.36705431e-01  6.00910176e-01  2.68578746e-01 -1.49797485e-01
 -2.78430454e-01 -4.16815273e-17  4.35153103e-17  1.73088773e-17
 -9.17106838e-18  1.22676698e-17 -9.11148149e-17  5.09848240e-17]
7: [ 2.95890482e-01  1.93516983e-01  1.33630621e-01 -2.03572591e-01
  6.06658778e-02  1.60626449e-01 -6.01042713e-01  3.74414140e-01
  7.70289869e-01 -7.75073130e-17 -5.31194730e-17 -2.53091434e-17
 -5.86880742e-18 -1.26878176e-17  7.70327322e-17 -3.70702586e-17]
8: [ 2.95890482e-01  1.93516983e-01  1.33630621e-01 -2.03572591e-01
  6.06658778e-02 -1.30279330e-01  6.10906922e-01 -4.65259481e-01
 -1.08849116e-02 -1.81841079e-17 -8.97890218e-17  1.21509430e-17
 -4.00246813e-17  4.07630250e-17  1.65844465e-17 -3.78377776e-17]
9: [ 1.93516983e-01 -2.95890482e-01  7.45097227e-17  5.18639306e-17
 -5.13492038e-17 -4.71666322e-17 -2.60511699e-17 -1.06927025e-17
  2.63442068e-17 -1.33630621e-01 -9.25667642e-01  2.16241407e-01
  3.99637102e-02  4.23131584e-02 -5.70850214e-17 -1.27973758e-02]
10: [ 1.93516983e-01 -2.95890482e-01  7.45097227e-17  5.18639306e-17
 -5.13492038e-17 -4.71666322e-17 -2.60511699e-17 -1.06927025e-17
  2.63442068e-17 -1.33630621e-01  1.10021359e-01 -9.24376525e-01
  5.85089399e-01  6.19486536e-01 -1.29276404e-16 -1.87360204e-01]
11: [ 1.93516983e-01 -2.95890482e-01  7.45097227e-17  5.18639306e-17
 -5.13492038e-17 -4.71666322e-17 -2.60511699e-17 -1.06927025e-17
  2.63442068e-17 -1.33630621e-01  1.10021359e-01  9.55193322e-02
  8.33563843e-02 -7.81673631e-01  4.27879726e-17 -2.66927912e-02]
12: [ 1.93516983e-01 -2.95890482e-01  7.45097227e-17  5.18639306e-17
 -5.13492038e-17 -4.71666322e-17 -2.60511699e-17 -1.06927025e-17
  2.63442068e-17 -1.33630621e-01  1.10021359e-01  9.55193322e-02
  1.76529878e-02  1.86907988e-02 -7.07106781e-01  4.78618741e-01]
13: [ 1.93516983e-01 -2.95890482e-01  7.45097227e-17  5.18639306e-17
 -5.13492038e-17 -4.71666322e-17 -2.60511699e-17 -1.06927025e-17
  2.63442068e-17 -1.33630621e-01  1.10021359e-01  9.55193322e-02
  1.76529878e-02  1.86907988e-02  7.07106781e-01  4.78618741e-01]
14: [ 1.93516983e-01 -2.95890482e-01  7.45097227e-17  5.18639306e-17
 -5.13492038e-17 -4.71666322e-17 -2.60511699e-17 -1.06927025e-17
  2.63442068e-17 -1.33630621e-01  1.10021359e-01  9.55193322e-02
 -8.03974414e-01  1.86907988e-02  1.06372049e-16 -7.11090696e-01]
15: [ 1.93516983e-01 -2.95890482e-01  7.45097227e-17  5.18639306e-17
 -5.13492038e-17 -4.71666322e-17 -2.60511699e-17 -1.06927025e-17
  2.63442068e-17 -1.33630621e-01  1.10021359e-01  9.55193322e-02
  1.76529878e-02  1.86907988e-02 -5.58953155e-17 -5.65292654e-03]
16: [ 2.95890482e-01  1.93516983e-01 -9.35414347e-01  5.81437505e-02
 -6.89666575e-02  2.43088327e-02  4.52277398e-02  1.67541964e-03
 -1.98108355e-02  6.26553036e-34 -4.06655039e-34 -3.53053425e-34
 -6.52480253e-35 -6.90839267e-35  1.49974384e-33 -1.00622586e-33]

