Tables using graphs: 
  n    |V|   |E|   deg   alpha   sigma
  2    4     2     1     2       1
  3    6     6     2     3       1
  4    8     12    3     4       2
  5    10    20    4     5       2
  6    12    30    5     6       3
  7    14    42    6     7       3
  8    16    56    7     8       4
  9    18    72    8     9       4
  10   20    90    9     10      5

Table using formulas: 
  n    deg   alpha   sigma
  2    1     2       1
  3    2     3       1
  4    3     4       2
  5    4     5       2
  6    5     6       3
  7    6     7       3
  8    7     8       4
  9    8     9       4
  10   9     10      5

Adjacency matrices: 
n = 6
[0 0 0 1 0 1 0 1 0 1 0 1]
[0 0 1 0 1 0 1 0 1 0 1 0]
[0 1 0 0 0 1 0 1 0 1 0 1]
[1 0 0 0 1 0 1 0 1 0 1 0]
[0 1 0 1 0 0 0 1 0 1 0 1]
[1 0 1 0 0 0 1 0 1 0 1 0]
[0 1 0 1 0 1 0 0 0 1 0 1]
[1 0 1 0 1 0 0 0 1 0 1 0]
[0 1 0 1 0 1 0 1 0 0 0 1]
[1 0 1 0 1 0 1 0 0 0 1 0]
[0 1 0 1 0 1 0 1 0 1 0 0]
[1 0 1 0 1 0 1 0 1 0 0 0]

Eigenvalues: 
1: -5.0
2: -1.0000000000000002
3: -1.0
4: -0.9999999999999998
5: -0.9999999999999998
6: -0.9999999999999996
7: 0.9999999999999996
8: 0.9999999999999998
9: 1.0
10: 1.0
11: 1.0
12: 4.9999999999999964

Eigenvectors: 
1: [ 0.28867513 -0.28867513 -0.64549722 -0.64549722 -0.21939321 -0.31396199
  0.01702136  0.04494602  0.04317623 -0.2032613  -0.0686021  -0.05620437]
2: [ 0.28867513  0.28867513  0.12909944 -0.12909944 -0.00504325 -0.01734145
  0.04062813 -0.55794877  0.08455438 -0.09358209  0.5998403   0.00912186]
3: [ 0.28867513 -0.28867513  0.12909944  0.12909944 -0.00504325  0.01734145
  0.04062813 -0.55794877  0.08455438  0.09358209 -0.5998403  -0.00912186]
4: [ 0.28867513  0.28867513  0.12909944 -0.12909944 -0.00504325 -0.01734145
  0.53001993  0.3408717   0.17220335 -0.47015988 -0.26926408  0.08261652]
5: [ 0.28867513  0.28867513  0.12909944 -0.12909944  0.57785338 -0.55888238
 -0.441952   -0.10835184  0.10247798 -0.1742006  -0.19820427  0.11908418]
6: [ 0.28867513  0.28867513  0.12909944 -0.12909944 -0.34333043  0.29694474
 -0.14769236  0.23874033  0.22883063  0.43405753 -0.14233201  0.33558122]
7: [ 0.28867513 -0.28867513  0.12909944  0.12909944 -0.34333043 -0.29694474
 -0.14769236  0.23874033  0.22883063 -0.43405753  0.14233201 -0.33558122]
8: [ 0.28867513  0.28867513  0.12909944 -0.12909944 -0.00504325 -0.01734145
  0.00197494  0.04174256 -0.63124257  0.10062374 -0.05864203 -0.60260814]
9: [ 0.28867513 -0.28867513  0.12909944  0.12909944 -0.00504325  0.01734145
  0.53001993  0.3408717   0.17220335  0.47015988  0.26926408 -0.08261652]
10: [ 0.28867513 -0.28867513  0.12909944  0.12909944  0.57785338  0.55888238
 -0.441952   -0.10835184  0.10247798  0.1742006   0.19820427 -0.11908418]
11: [ 0.28867513 -0.28867513  0.12909944  0.12909944 -0.00504325  0.01734145
  0.00197494  0.04174256 -0.63124257 -0.10062374  0.05864203  0.60260814]
12: [ 0.28867513  0.28867513 -0.64549722  0.64549722 -0.21939321  0.31396199
  0.01702136  0.04494602  0.04317623  0.2032613   0.0686021   0.05620437]

n = 7
[0 0 0 1 0 1 0 1 0 1 0 1 0 1]
[0 0 1 0 1 0 1 0 1 0 1 0 1 0]
[0 1 0 0 0 1 0 1 0 1 0 1 0 1]
[1 0 0 0 1 0 1 0 1 0 1 0 1 0]
[0 1 0 1 0 0 0 1 0 1 0 1 0 1]
[1 0 1 0 0 0 1 0 1 0 1 0 1 0]
[0 1 0 1 0 1 0 0 0 1 0 1 0 1]
[1 0 1 0 1 0 0 0 1 0 1 0 1 0]
[0 1 0 1 0 1 0 1 0 0 0 1 0 1]
[1 0 1 0 1 0 1 0 0 0 1 0 1 0]
[0 1 0 1 0 1 0 1 0 1 0 0 0 1]
[1 0 1 0 1 0 1 0 1 0 0 0 1 0]
[0 1 0 1 0 1 0 1 0 1 0 1 0 0]
[1 0 1 0 1 0 1 0 1 0 1 0 0 0]

Eigenvalues: 
1: -6.000000000000001
2: -1.0000000000000004
3: -1.0
4: -1.0
5: -0.9999999999999997
6: -0.9999999999999997
7: -0.9999999999999991
8: 1.0
9: 1.0
10: 1.0
11: 1.0000000000000002
12: 1.0000000000000009
13: 1.000000000000001
14: 6.000000000000003

Eigenvectors: 
1: [ 0.26726124 -0.26726124 -0.14225536 -0.3790802  -0.65465367 -0.04659248
 -0.0156917   0.0419347  -0.01223895  0.01097573 -0.01298508 -0.00205301
 -0.02272875  0.04016989]
2: [ 0.26726124 -0.26726124  0.18417118  0.19720538  0.10910895  0.17173857
 -0.1831012   0.16051497 -0.1701432   0.26333252 -0.5686219   0.52277753
 -0.05209242  0.04472624]
3: [ 0.26726124  0.26726124  0.12585755  0.1484991  -0.10910895 -0.11214893
 -0.25627548 -0.27941632  0.34318008  0.46069456  0.00195918  0.07661499
 -0.54187249  0.00594729]
4: [ 0.26726124  0.26726124  0.18417118  0.19720538 -0.10910895 -0.17173857
  0.55222968  0.53676347  0.15632577 -0.20913081 -0.26258513 -0.24717218
 -0.08740453 -0.1567163 ]
5: [ 0.26726124  0.26726124 -0.60365967 -0.46082787 -0.10910895  0.63333145
 -0.09201908 -0.01290547 -0.01159243  0.03822273  0.03683598  0.0320726
  0.24784336 -0.38043625]
6: [ 0.26726124 -0.26726124 -0.60365967 -0.46082787  0.10910895 -0.63333145
  0.09201908 -0.01290547 -0.01159243 -0.03822273 -0.03683598  0.0320726
  0.24784336  0.38043625]
7: [ 0.26726124 -0.26726124  0.12585755  0.1484991   0.10910895  0.11214893
  0.25627548 -0.27941632 -0.52818681  0.30183058  0.32411928 -0.3980658
  0.10566544 -0.04606944]
8: [ 0.26726124 -0.26726124  0.12585755  0.1484991   0.10910895  0.11214893
  0.14645253 -0.16747502  0.22265555 -0.28635236  0.03369773  0.01582587
  0.35058939 -0.57003196]
9: [ 0.26726124  0.26726124  0.12585755  0.1484991  -0.10910895 -0.11214893
 -0.25627548 -0.27941632 -0.52818681 -0.30183058 -0.32411928 -0.3980658
  0.10566544  0.04606944]
10: [ 0.26726124 -0.26726124  0.18417118  0.19720538  0.10910895  0.17173857
 -0.55222968  0.53676347  0.15632577  0.20913081  0.26258513 -0.24717218
 -0.08740453  0.1567163 ]
11: [ 0.26726124 -0.26726124  0.12585755  0.1484991   0.10910895  0.11214893
  0.25627548 -0.27941632  0.34318008 -0.46069456 -0.00195918  0.07661499
 -0.54187249 -0.00594729]
12: [ 0.26726124  0.26726124  0.18417118  0.19720538 -0.10910895 -0.17173857
  0.1831012   0.16051497 -0.1701432  -0.26333252  0.5686219   0.52277753
 -0.05209242 -0.04472624]
13: [ 0.26726124  0.26726124  0.12585755  0.1484991  -0.10910895 -0.11214893
 -0.14645253 -0.16747502  0.22265555  0.28635236 -0.03369773  0.01582587
  0.35058939  0.57003196]
14: [ 0.26726124  0.26726124 -0.14225536 -0.3790802   0.65465367  0.04659248
  0.0156917   0.0419347  -0.01223895 -0.01097573  0.01298508 -0.00205301
 -0.02272875 -0.04016989]

n = 8
[0 0 0 1 0 1 0 1 0 1 0 1 0 1 0 1]
[0 0 1 0 1 0 1 0 1 0 1 0 1 0 1 0]
[0 1 0 0 0 1 0 1 0 1 0 1 0 1 0 1]
[1 0 0 0 1 0 1 0 1 0 1 0 1 0 1 0]
[0 1 0 1 0 0 0 1 0 1 0 1 0 1 0 1]
[1 0 1 0 0 0 1 0 1 0 1 0 1 0 1 0]
[0 1 0 1 0 1 0 0 0 1 0 1 0 1 0 1]
[1 0 1 0 1 0 0 0 1 0 1 0 1 0 1 0]
[0 1 0 1 0 1 0 1 0 0 0 1 0 1 0 1]
[1 0 1 0 1 0 1 0 0 0 1 0 1 0 1 0]
[0 1 0 1 0 1 0 1 0 1 0 0 0 1 0 1]
[1 0 1 0 1 0 1 0 1 0 0 0 1 0 1 0]
[0 1 0 1 0 1 0 1 0 1 0 1 0 0 0 1]
[1 0 1 0 1 0 1 0 1 0 1 0 0 0 1 0]
[0 1 0 1 0 1 0 1 0 1 0 1 0 1 0 0]
[1 0 1 0 1 0 1 0 1 0 1 0 1 0 0 0]

Eigenvalues: 
1: -6.999999999999998
2: -1.0000000000000004
3: -1.0
4: -1.0
5: -1.0
6: -1.0
7: -0.9999999999999999
8: -0.9999999999999999
9: 0.9999999999999996
10: 0.9999999999999998
11: 0.9999999999999999
12: 1.0
13: 1.0
14: 1.0000000000000004
15: 1.0000000000000009
16: 6.9999999999999964

Eigenvectors: 
1: [-0.25        0.25       -0.66143783  0.66143783 -0.0371579   0.07855552
 -0.21321988 -0.43199295  0.00585125  0.33691372 -0.2740666   0.24330633
  0.06835326  0.43971405 -0.11874878  0.08928641]
2: [-0.25       -0.25        0.09449112  0.09449112  0.29554807  0.28797728
 -0.50974654  0.2907776   0.54514396  0.06733282 -0.30542342  0.0494361
  0.43883662  0.1283084   0.0368162   0.29394161]
3: [-0.25        0.25        0.09449112 -0.09449112  0.3753124  -0.37918871
  0.19066834  0.02646533 -0.10305877 -0.03972041  0.5323673   0.32568648
 -0.17331254 -0.30162884 -0.09623771 -0.0364692 ]
4: [-0.25       -0.25        0.09449112  0.09449112 -0.04205338 -0.04776497
 -0.038473    0.02067255  0.02820235 -0.00327395  0.0827047  -0.01644925
 -0.50940317 -0.37780443  0.14889493 -0.1948267 ]
5: [-0.25       -0.25        0.09449112  0.09449112 -0.04205338 -0.04776497
  0.044897   -0.05684299 -0.15412187 -0.08856078  0.09618241  0.0403284
  0.04430794  0.14730684 -0.65125299 -0.54958093]
6: [-0.25        0.25        0.09449112 -0.09449112 -0.2510128   0.24368728
 -0.02575068  0.13705897 -0.38671347  0.31828124  0.02434651 -0.03942551
  0.05989208 -0.10553254 -0.14177703  0.17094156]
7: [-0.25       -0.25        0.09449112  0.09449112 -0.3753124  -0.37918871
  0.24389545 -0.07595469 -0.0570208   0.13773005 -0.17634052  0.56335142
  0.0862963  -0.01794687  0.09288818  0.1818391 ]
8: [-0.25       -0.25        0.09449112  0.09449112  0.2510128   0.24368728
  0.30772932 -0.44712113  0.12171735  0.50224643  0.02022964 -0.10709935
 -0.01497049  0.15268873  0.01589016  0.04486815]
9: [-0.25        0.25        0.09449112 -0.09449112 -0.2510128   0.24368728
  0.30772932  0.44712113  0.12171735 -0.50224643  0.02022964  0.10709935
 -0.01497049 -0.15268873 -0.01589016  0.04486815]
10: [-0.25       -0.25        0.09449112  0.09449112  0.2510128   0.24368728
 -0.02575068 -0.13705897 -0.38671347 -0.31828124  0.02434651  0.03942551
  0.05989208  0.10553254  0.14177703  0.17094156]
11: [-0.25        0.25        0.09449112 -0.09449112 -0.29554807  0.28797728
 -0.50974654 -0.2907776   0.54514396 -0.06733282 -0.30542342 -0.0494361
  0.43883662 -0.1283084  -0.0368162   0.29394161]
12: [-0.25        0.25        0.09449112 -0.09449112  0.3753124  -0.37918871
  0.24389545  0.07595469 -0.0570208  -0.13773005 -0.17634052 -0.56335142
  0.0862963   0.01794687 -0.09288818  0.1818391 ]
13: [-0.25        0.25        0.09449112 -0.09449112  0.04205338 -0.04776497
  0.044897    0.05684299 -0.15412187  0.08856078  0.09618241 -0.0403284
  0.04430794 -0.14730684  0.65125299 -0.54958093]
14: [-0.25        0.25        0.09449112 -0.09449112  0.04205338 -0.04776497
 -0.038473   -0.02067255  0.02820235  0.00327395  0.0827047   0.01644925
 -0.50940317  0.37780443 -0.14889493 -0.1948267 ]
15: [-0.25       -0.25        0.09449112  0.09449112 -0.3753124  -0.37918871
  0.19066834 -0.02646533 -0.10305877  0.03972041  0.5323673  -0.32568648
 -0.17331254  0.30162884  0.09623771 -0.0364692 ]
16: [-0.25       -0.25       -0.66143783 -0.66143783  0.0371579   0.07855552
 -0.21321988  0.43199295  0.00585125 -0.33691372 -0.2740666  -0.24330633
  0.06835326 -0.43971405  0.11874878  0.08928641]

