Tables using graphs: 
  n    m   |V|   |E|   deg   alpha   sigma
  1    3   4     4     3     2       1
  2    3   5     5     4     3       1
  3    3   6     6     5     4       1
  4    3   7     7     6     5       1
  5    3   8     8     7     6       1
  6    3   9     9     8     7       1
  7    3   10    10    9     8       1
  8    3   11    11    10    9       1
  9    3   12    12    11    10      1
  10   3   13    13    12    11      1

  n    m   |V|   |E|   deg   alpha   sigma
  1    4   5     5     3     3       2
  2    4   6     6     4     4       2
  3    4   7     7     5     5       2
  4    4   8     8     6     6       2
  5    4   9     9     7     7       2
  6    4   10    10    8     8       2
  7    4   11    11    9     9       2
  8    4   12    12    10    10      2
  9    4   13    13    11    11      2
  10   4   14    14    12    12      2

  n    m   |V|   |E|   deg   alpha   sigma
  1    5   6     6     3     3       1
  2    5   7     7     4     4       1
  3    5   8     8     5     5       1
  4    5   9     9     6     6       1
  5    5   10    10    7     7       1
  6    5   11    11    8     8       1
  7    5   12    12    9     9       1
  8    5   13    13    10    10      1
  9    5   14    14    11    11      1
  10   5   15    15    12    12      1

  n    m   |V|   |E|   deg   alpha   sigma
  1    6   7     7     3     4       1
  2    6   8     8     4     5       1
  3    6   9     9     5     6       1
  4    6   10    10    6     7       1
  5    6   11    11    7     8       1
  6    6   12    12    8     9       1
  7    6   13    13    9     10      1
  8    6   14    14    10    11      1
  9    6   15    15    11    12      1
  10   6   16    16    12    13      1

  n    m   |V|   |E|   deg   alpha   sigma
  1    7   8     8     3     4       1
  2    7   9     9     4     5       1
  3    7   10    10    5     6       1
  4    7   11    11    6     7       1
  5    7   12    12    7     8       1
  6    7   13    13    8     9       1
  7    7   14    14    9     10      1
  8    7   15    15    10    11      1
  9    7   16    16    11    12      1
  10   7   17    17    12    13      1

  n    m   |V|   |E|   deg   alpha   sigma
  1    8   9     9     3     5       1
  2    8   10    10    4     6       1
  3    8   11    11    5     7       1
  4    8   12    12    6     8       1
  5    8   13    13    7     9       1
  6    8   14    14    8     10      1
  7    8   15    15    9     11      1
  8    8   16    16    10    12      1
  9    8   17    17    11    13      1
  10   8   18    18    12    14      1

  n    m   |V|   |E|   deg   alpha   sigma
  1    9   10    10    3     5       1
  2    9   11    11    4     6       1
  3    9   12    12    5     7       1
  4    9   13    13    6     8       1
  5    9   14    14    7     9       1
  6    9   15    15    8     10      1
  7    9   16    16    9     11      1
  8    9   17    17    10    12      1
  9    9   18    18    11    13      1
  10   9   19    19    12    14      1

  n    m    |V|   |E|   deg   alpha   sigma
  1    10   11    11    3     6       1
  2    10   12    12    4     7       1
  3    10   13    13    5     8       1
  4    10   14    14    6     9       1
  5    10   15    15    7     10      1
  6    10   16    16    8     11      1
  7    10   17    17    9     12      1
  8    10   18    18    10    13      1
  9    10   19    19    11    14      1
  10   10   20    20    12    15      1


Tables using formulas: 
  n    m   deg   alpha   sigma
  1    3   3     2       1
  2    3   4     3       1
  3    3   5     4       1
  4    3   6     5       1
  5    3   7     6       1
  6    3   8     7       1
  7    3   9     8       1
  8    3   10    9       1
  9    3   11    10      1
  10   3   12    11      1

  n    m   deg   alpha   sigma
  1    4   3     3       2
  2    4   4     4       2
  3    4   5     5       2
  4    4   6     6       2
  5    4   7     7       2
  6    4   8     8       2
  7    4   9     9       2
  8    4   10    10      2
  9    4   11    11      2
  10   4   12    12      2

  n    m   deg   alpha   sigma
  1    5   3     3       1
  2    5   4     4       1
  3    5   5     5       1
  4    5   6     6       1
  5    5   7     7       1
  6    5   8     8       1
  7    5   9     9       1
  8    5   10    10      1
  9    5   11    11      1
  10   5   12    12      1

  n    m   deg   alpha   sigma
  1    6   3     4       1
  2    6   4     5       1
  3    6   5     6       1
  4    6   6     7       1
  5    6   7     8       1
  6    6   8     9       1
  7    6   9     10      1
  8    6   10    11      1
  9    6   11    12      1
  10   6   12    13      1

  n    m   deg   alpha   sigma
  1    7   3     4       1
  2    7   4     5       1
  3    7   5     6       1
  4    7   6     7       1
  5    7   7     8       1
  6    7   8     9       1
  7    7   9     10      1
  8    7   10    11      1
  9    7   11    12      1
  10   7   12    13      1

  n    m   deg   alpha   sigma
  1    8   3     5       1
  2    8   4     6       1
  3    8   5     7       1
  4    8   6     8       1
  5    8   7     9       1
  6    8   8     10      1
  7    8   9     11      1
  8    8   10    12      1
  9    8   11    13      1
  10   8   12    14      1

  n    m   deg   alpha   sigma
  1    9   3     5       1
  2    9   4     6       1
  3    9   5     7       1
  4    9   6     8       1
  5    9   7     9       1
  6    9   8     10      1
  7    9   9     11      1
  8    9   10    12      1
  9    9   11    13      1
  10   9   12    14      1

  n    m    deg   alpha   sigma
  1    10   3     6       1
  2    10   4     7       1
  3    10   5     8       1
  4    10   6     9       1
  5    10   7     10      1
  6    10   8     11      1
  7    10   9     12      1
  8    10   10    13      1
  9    10   11    14      1
  10   10   12    15      1


Adjacency matrices: 
n = 6
m = 6
[0 1 0 0 0 1 1 1 1 1 1 1]
[1 0 1 0 0 0 0 0 0 0 0 0]
[0 1 0 1 0 0 0 0 0 0 0 0]
[0 0 1 0 1 0 0 0 0 0 0 0]
[0 0 0 1 0 1 0 0 0 0 0 0]
[1 0 0 0 1 0 0 0 0 0 0 0]
[1 0 0 0 0 0 0 0 0 0 0 0]
[1 0 0 0 0 0 0 0 0 0 0 0]
[1 0 0 0 0 0 0 0 0 0 0 0]
[1 0 0 0 0 0 0 0 0 0 0 0]
[1 0 0 0 0 0 0 0 0 0 0 0]
[1 0 0 0 0 0 0 0 0 0 0 0]

Eigenvalues: 
1: -2.89348947177435
2: -1.6210239593327986
3: -1.0000000000000004
4: 0.0
5: 0.0
6: 0.0
7: 0.0
8: 0.0
9: 0.0
10: 1.0
11: 1.6210239593327977
12: 2.8934894717743544

Eigenvectors: 
1: [ 0.28031748 -0.28031748 -0.18723908 -0.18723908 -0.5         0.5
 -0.21320072 -0.21320072 -0.21320072 -0.21320072 -0.21320072 -0.21320072]
2: [ 8.79802584e-02 -8.79802584e-02 -5.96570061e-01 -5.96570061e-01
 -1.05436911e-16  1.05436911e-16  2.13200716e-01  2.13200716e-01
  2.13200716e-01  2.13200716e-01  2.13200716e-01  2.13200716e-01]
3: [ 1.27284976e-01  1.27284976e-01 -4.83527181e-01  4.83527181e-01
 -5.00000000e-01 -5.00000000e-01  1.45048926e-32  1.45048926e-32
  1.45048926e-32  1.45048926e-32  1.45048926e-32  1.45048926e-32]
4: [ 2.36327349e-01 -2.36327349e-01  1.11045946e-01  1.11045946e-01
  2.78224608e-18 -2.78224608e-18  9.04400239e-01 -9.55997612e-02
 -9.55997612e-02 -9.55997612e-02 -9.55997612e-02 -9.55997612e-02]
5: [ 2.36327349e-01 -2.36327349e-01  1.11045946e-01  1.11045946e-01
  2.78224608e-18 -2.78224608e-18 -9.55997612e-02  9.04400239e-01
 -9.55997612e-02 -9.55997612e-02 -9.55997612e-02 -9.55997612e-02]
6: [ 2.36327349e-01 -2.36327349e-01  1.11045946e-01  1.11045946e-01
  2.78224608e-18 -2.78224608e-18 -9.55997612e-02 -9.55997612e-02
  9.04400239e-01 -9.55997612e-02 -9.55997612e-02 -9.55997612e-02]
7: [ 2.36327349e-01 -2.36327349e-01  1.11045946e-01  1.11045946e-01
  2.78224608e-18 -2.78224608e-18 -9.55997612e-02 -9.55997612e-02
 -9.55997612e-02  9.04400239e-01 -9.55997612e-02 -9.55997612e-02]
8: [ 2.36327349e-01 -2.36327349e-01  1.11045946e-01  1.11045946e-01
  2.78224608e-18 -2.78224608e-18 -9.55997612e-02 -9.55997612e-02
 -9.55997612e-02 -9.55997612e-02  9.04400239e-01 -9.55997612e-02]
9: [ 2.36327349e-01 -2.36327349e-01  1.11045946e-01  1.11045946e-01
  2.78224608e-18 -2.78224608e-18 -9.55997612e-02 -9.55997612e-02
 -9.55997612e-02 -9.55997612e-02 -9.55997612e-02  9.04400239e-01]
10: [ 0.28031748 -0.28031748 -0.18723908 -0.18723908  0.5        -0.5
 -0.21320072 -0.21320072 -0.21320072 -0.21320072 -0.21320072 -0.21320072]
11: [ 1.27284976e-01  1.27284976e-01 -4.83527181e-01  4.83527181e-01
  5.00000000e-01  5.00000000e-01  5.52477878e-33  5.52477878e-33
  5.52477878e-33  5.52477878e-33  5.52477878e-33  5.52477878e-33]
12: [ 6.83810697e-01  6.83810697e-01  1.80008139e-01 -1.80008139e-01
  1.83081810e-17  1.83081810e-17  3.67995314e-32  3.67995314e-32
  3.67995314e-32  3.67995314e-32  3.67995314e-32  3.67995314e-32]

n = 7
m = 6
[0 1 0 0 0 1 1 1 1 1 1 1 1]
[1 0 1 0 0 0 0 0 0 0 0 0 0]
[0 1 0 1 0 0 0 0 0 0 0 0 0]
[0 0 1 0 1 0 0 0 0 0 0 0 0]
[0 0 0 1 0 1 0 0 0 0 0 0 0]
[1 0 0 0 1 0 0 0 0 0 0 0 0]
[1 0 0 0 0 0 0 0 0 0 0 0 0]
[1 0 0 0 0 0 0 0 0 0 0 0 0]
[1 0 0 0 0 0 0 0 0 0 0 0 0]
[1 0 0 0 0 0 0 0 0 0 0 0 0]
[1 0 0 0 0 0 0 0 0 0 0 0 0]
[1 0 0 0 0 0 0 0 0 0 0 0 0]
[1 0 0 0 0 0 0 0 0 0 0 0 0]

Eigenvalues: 
1: -3.0523146610982606
2: -1.6381010987251658
3: -0.9999999999999997
4: 0.0
5: 0.0
6: 0.0
7: 0.0
8: 0.0
9: 0.0
10: 0.0
11: 0.9999999999999999
12: 1.6381010987251672
13: 3.05231466109826

Eigenvectors: 
1: [ 6.90024281e-01 -1.54487836e-01  6.90024281e-01 -1.54487836e-01
 -2.94899073e-18 -2.94899073e-18 -1.00784396e-32 -1.00784396e-32
 -1.00784396e-32 -1.00784396e-32 -1.00784396e-32 -1.00784396e-32
 -1.00784396e-32]
2: [-0.26185494 -0.20354849  0.26185494  0.20354849  0.5        -0.5
 -0.2        -0.2        -0.2        -0.2        -0.2        -0.2
 -0.2       ]
3: [1.09239397e-01 4.87920848e-01 1.09239397e-01 4.87920848e-01
 5.00000000e-01 5.00000000e-01 9.02546913e-34 9.02546913e-34
 9.02546913e-34 9.02546913e-34 9.02546913e-34 9.02546913e-34
 9.02546913e-34]
4: [-2.26065907e-01  9.43090975e-02  2.26065907e-01 -9.43090975e-02
 -1.55757571e-17  1.55757571e-17  9.14285714e-01 -8.57142857e-02
 -8.57142857e-02 -8.57142857e-02 -8.57142857e-02 -8.57142857e-02
 -8.57142857e-02]
5: [-2.26065907e-01  9.43090975e-02  2.26065907e-01 -9.43090975e-02
 -1.55757571e-17  1.55757571e-17 -8.57142857e-02  9.14285714e-01
 -8.57142857e-02 -8.57142857e-02 -8.57142857e-02 -8.57142857e-02
 -8.57142857e-02]
6: [-2.26065907e-01  9.43090975e-02  2.26065907e-01 -9.43090975e-02
 -1.55757571e-17  1.55757571e-17 -8.57142857e-02 -8.57142857e-02
  9.14285714e-01 -8.57142857e-02 -8.57142857e-02 -8.57142857e-02
 -8.57142857e-02]
7: [-2.26065907e-01  9.43090975e-02  2.26065907e-01 -9.43090975e-02
 -1.55757571e-17  1.55757571e-17 -8.57142857e-02 -8.57142857e-02
 -8.57142857e-02  9.14285714e-01 -8.57142857e-02 -8.57142857e-02
 -8.57142857e-02]
8: [-2.26065907e-01  9.43090975e-02  2.26065907e-01 -9.43090975e-02
 -1.55757571e-17  1.55757571e-17 -8.57142857e-02 -8.57142857e-02
 -8.57142857e-02 -8.57142857e-02  9.14285714e-01 -8.57142857e-02
 -8.57142857e-02]
9: [-2.26065907e-01  9.43090975e-02  2.26065907e-01 -9.43090975e-02
 -1.55757571e-17  1.55757571e-17 -8.57142857e-02 -8.57142857e-02
 -8.57142857e-02 -8.57142857e-02 -8.57142857e-02  9.14285714e-01
 -8.57142857e-02]
10: [-2.26065907e-01  9.43090975e-02  2.26065907e-01 -9.43090975e-02
 -1.55757571e-17  1.55757571e-17 -8.57142857e-02 -8.57142857e-02
 -8.57142857e-02 -8.57142857e-02 -8.57142857e-02 -8.57142857e-02
  9.14285714e-01]
11: [-0.26185494 -0.20354849  0.26185494  0.20354849 -0.5         0.5
 -0.2        -0.2        -0.2        -0.2        -0.2        -0.2
 -0.2       ]
12: [-7.15780703e-02 -5.95715184e-01  7.15780703e-02  5.95715184e-01
  1.67670509e-16 -1.67670509e-16  2.00000000e-01  2.00000000e-01
  2.00000000e-01  2.00000000e-01  2.00000000e-01  2.00000000e-01
  2.00000000e-01]
13: [ 0.1092394   0.48792085  0.1092394   0.48792085 -0.5        -0.5
  0.          0.          0.          0.          0.          0.
  0.        ]

n = 8
m = 6
[0 1 0 0 0 1 1 1 1 1 1 1 1 1]
[1 0 1 0 0 0 0 0 0 0 0 0 0 0]
[0 1 0 1 0 0 0 0 0 0 0 0 0 0]
[0 0 1 0 1 0 0 0 0 0 0 0 0 0]
[0 0 0 1 0 1 0 0 0 0 0 0 0 0]
[1 0 0 0 1 0 0 0 0 0 0 0 0 0]
[1 0 0 0 0 0 0 0 0 0 0 0 0 0]
[1 0 0 0 0 0 0 0 0 0 0 0 0 0]
[1 0 0 0 0 0 0 0 0 0 0 0 0 0]
[1 0 0 0 0 0 0 0 0 0 0 0 0 0]
[1 0 0 0 0 0 0 0 0 0 0 0 0 0]
[1 0 0 0 0 0 0 0 0 0 0 0 0 0]
[1 0 0 0 0 0 0 0 0 0 0 0 0 0]
[1 0 0 0 0 0 0 0 0 0 0 0 0 0]

Eigenvalues: 
1: -3.205451172243211
2: -1.650782475786748
3: -0.9999999999999999
4: 0.0
5: 0.0
6: 0.0
7: 0.0
8: 0.0
9: 0.0
10: 0.0
11: 0.0
12: 0.9999999999999998
13: 1.6507824757867477
14: 3.2054511722432086

Eigenvectors: 
1: [ 6.94113220e-01 -6.94113220e-01 -1.34932715e-01 -1.34932715e-01
 -2.39432524e-18  2.39432524e-18 -2.08025229e-32 -2.08025229e-32
 -2.08025229e-32 -2.08025229e-32 -2.08025229e-32 -2.08025229e-32
 -2.08025229e-32 -2.08025229e-32]
2: [ 9.54118376e-02 -9.54118376e-02  4.90812165e-01  4.90812165e-01
 -5.00000000e-01  5.00000000e-01 -6.92131301e-33 -6.92131301e-33
 -6.92131301e-33 -6.92131301e-33 -6.92131301e-33 -6.92131301e-33
 -6.92131301e-33 -6.92131301e-33]
3: [ 9.54118376e-02 -9.54118376e-02  4.90812165e-01  4.90812165e-01
  5.00000000e-01 -5.00000000e-01 -8.46205697e-33 -8.46205697e-33
 -8.46205697e-33 -8.46205697e-33 -8.46205697e-33 -8.46205697e-33
 -8.46205697e-33 -8.46205697e-33]
4: [-2.16541505e-01 -2.16541505e-01  8.17386402e-02 -8.17386402e-02
 -1.38937958e-17 -1.38937958e-17  9.22245559e-01 -7.77544409e-02
 -7.77544409e-02 -7.77544409e-02 -7.77544409e-02 -7.77544409e-02
 -7.77544409e-02 -7.77544409e-02]
5: [-2.16541505e-01 -2.16541505e-01  8.17386402e-02 -8.17386402e-02
 -1.38937958e-17 -1.38937958e-17 -7.77544409e-02  9.22245559e-01
 -7.77544409e-02 -7.77544409e-02 -7.77544409e-02 -7.77544409e-02
 -7.77544409e-02 -7.77544409e-02]
6: [-2.16541505e-01 -2.16541505e-01  8.17386402e-02 -8.17386402e-02
 -1.38937958e-17 -1.38937958e-17 -7.77544409e-02 -7.77544409e-02
  9.22245559e-01 -7.77544409e-02 -7.77544409e-02 -7.77544409e-02
 -7.77544409e-02 -7.77544409e-02]
7: [-2.16541505e-01 -2.16541505e-01  8.17386402e-02 -8.17386402e-02
 -1.38937958e-17 -1.38937958e-17 -7.77544409e-02 -7.77544409e-02
 -7.77544409e-02  9.22245559e-01 -7.77544409e-02 -7.77544409e-02
 -7.77544409e-02 -7.77544409e-02]
8: [-2.16541505e-01 -2.16541505e-01  8.17386402e-02 -8.17386402e-02
 -1.38937958e-17 -1.38937958e-17 -7.77544409e-02 -7.77544409e-02
 -7.77544409e-02 -7.77544409e-02  9.22245559e-01 -7.77544409e-02
 -7.77544409e-02 -7.77544409e-02]
9: [-2.16541505e-01 -2.16541505e-01  8.17386402e-02 -8.17386402e-02
 -1.38937958e-17 -1.38937958e-17 -7.77544409e-02 -7.77544409e-02
 -7.77544409e-02 -7.77544409e-02 -7.77544409e-02  9.22245559e-01
 -7.77544409e-02 -7.77544409e-02]
10: [-2.16541505e-01 -2.16541505e-01  8.17386402e-02 -8.17386402e-02
 -1.38937958e-17 -1.38937958e-17 -7.77544409e-02 -7.77544409e-02
 -7.77544409e-02 -7.77544409e-02 -7.77544409e-02 -7.77544409e-02
  9.22245559e-01 -7.77544409e-02]
11: [-2.16541505e-01 -2.16541505e-01  8.17386402e-02 -8.17386402e-02
 -1.38937958e-17 -1.38937958e-17 -7.77544409e-02 -7.77544409e-02
 -7.77544409e-02 -7.77544409e-02 -7.77544409e-02 -7.77544409e-02
 -7.77544409e-02  9.22245559e-01]
12: [-0.246307   -0.246307   -0.21558228  0.21558228 -0.5        -0.5
 -0.18898224 -0.18898224 -0.18898224 -0.18898224 -0.18898224 -0.18898224
 -0.18898224 -0.18898224]
13: [-5.95309880e-02 -5.95309880e-02 -5.94641841e-01  5.94641841e-01
  9.67330921e-17  9.67330921e-17  1.88982237e-01  1.88982237e-01
  1.88982237e-01  1.88982237e-01  1.88982237e-01  1.88982237e-01
  1.88982237e-01  1.88982237e-01]
14: [-0.246307   -0.246307   -0.21558228  0.21558228  0.5         0.5
 -0.18898224 -0.18898224 -0.18898224 -0.18898224 -0.18898224 -0.18898224
 -0.18898224 -0.18898224]

n = 6
m = 7
[0 1 0 0 0 0 1 1 1 1 1 1 1]
[1 0 1 0 0 0 0 0 0 0 0 0 0]
[0 1 0 1 0 0 0 0 0 0 0 0 0]
[0 0 1 0 1 0 0 0 0 0 0 0 0]
[0 0 0 1 0 1 0 0 0 0 0 0 0]
[0 0 0 0 1 0 1 0 0 0 0 0 0]
[1 0 0 0 0 1 0 0 0 0 0 0 0]
[1 0 0 0 0 0 0 0 0 0 0 0 0]
[1 0 0 0 0 0 0 0 0 0 0 0 0]
[1 0 0 0 0 0 0 0 0 0 0 0 0]
[1 0 0 0 0 0 0 0 0 0 0 0 0]
[1 0 0 0 0 0 0 0 0 0 0 0 0]
[1 0 0 0 0 0 0 0 0 0 0 0 0]

Eigenvalues: 
1: -2.881799347462964
2: -1.8019377358048385
3: -1.109260660216917
4: -0.4450418679126288
5: -2.1690728369978134e-17
6: -3.319986619718281e-20
7: -1.0022867662845734e-51
8: 1.5621199026962147e-36
9: 3.905975252656172e-17
10: 0.3764668155700653
11: 1.2469796037174676
12: 1.7260002511934645
13: 2.8885929409163533

Eigenvectors: 
1: [ 6.91414520e-01 -6.86146671e-01 -1.56049758e-01  1.52173815e-01
 -6.03349815e-02  2.76278175e-17  9.22233040e-17 -3.38848317e-18
 -3.87425957e-33 -8.30277901e-33 -1.62021673e-33  3.70680294e-50
 -4.10014614e-48]
2: [ 1.05360330e-01 -1.18006653e-01  3.91756920e-01 -5.15073423e-01
  2.37064370e-01 -4.17906506e-01 -5.21120889e-01  2.31920614e-01
 -5.79424236e-17  4.84160434e-17 -2.72764199e-18 -3.19930577e-17
 -1.15719666e-18]
3: [-2.71421371e-02 -6.24839005e-02  5.39609896e-01  2.44196193e-01
 -3.80195274e-01 -5.21120889e-01  2.31920614e-01 -4.17906506e-01
  6.26409153e-17  2.55915369e-17  4.53707537e-17  2.12512098e-17
  7.68661416e-19]
4: [-2.39924588e-01 -2.37536643e-01 -9.04112023e-02 -1.37184902e-01
 -1.60266401e-01 -1.45612220e-17  1.72726025e-16 -1.29109427e-16
 -7.25809741e-01  8.21694492e-01 -2.57978781e-01 -5.65691920e-17
 -7.38359777e-16]
5: [-2.39924588e-01 -2.37536643e-01 -9.04112023e-02 -1.37184902e-01
 -1.60266401e-01 -4.49631900e-17  9.72142282e-17 -2.35751296e-18
  2.31025504e-01 -2.92709184e-02 -7.61525357e-01 -2.18381277e-17
 -1.82550767e-15]
6: [-2.39924588e-01 -2.37536643e-01 -9.04112023e-02 -1.37184902e-01
 -1.60266401e-01 -4.35825028e-17  9.25822127e-17 -3.74236369e-17
  2.96569948e-01 -8.01448847e-02  3.43230862e-01  7.18493848e-01
 -4.08248290e-01]
7: [-2.39924588e-01 -2.37536643e-01 -9.04112023e-02 -1.37184902e-01
 -1.60266401e-01 -4.35825028e-17  9.25822127e-17 -3.74236369e-17
  2.96569948e-01 -8.01448847e-02  3.43230862e-01 -6.95141167e-01
 -4.08248290e-01]
8: [-2.39924588e-01 -2.37536643e-01 -9.04112023e-02 -1.37184902e-01
 -1.60266401e-01  1.13291955e-16 -1.49161714e-16  1.45612866e-16
 -3.94925606e-01 -5.51988920e-01 -1.01884487e-02 -2.49833439e-17
 -3.01849426e-17]
9: [-2.39924588e-01 -2.37536643e-01 -9.04112023e-02 -1.37184902e-01
 -1.60266401e-01 -4.35825028e-17  9.25822127e-17 -3.74236369e-17
  2.96569948e-01 -8.01448847e-02  3.43230862e-01 -2.33526806e-02
  8.16496581e-01]
10: [-2.71421371e-02 -6.24839005e-02  5.39609896e-01  2.44196193e-01
 -3.80195274e-01  5.21120889e-01 -2.31920614e-01  4.17906506e-01
 -1.31172704e-16 -4.71062904e-17 -4.11050550e-17 -2.75513523e-17
 -1.46744035e-18]
11: [-2.76485194e-01 -2.78389285e-01  1.36562646e-01  3.27154492e-01
  4.69442143e-01  2.31920614e-01 -4.17906506e-01 -5.21120889e-01
  1.38873195e-16  8.79261925e-17  4.78583607e-17  1.19712073e-17
  5.50386495e-18]
12: [ 1.05360330e-01 -1.18006653e-01  3.91756920e-01 -5.15073423e-01
  2.37064370e-01  4.17906506e-01  5.21120889e-01 -2.31920614e-01
  6.39462228e-17 -4.00245120e-17  2.88253040e-18  3.19930577e-17
  1.15719666e-18]
13: [-2.76485194e-01 -2.78389285e-01  1.36562646e-01  3.27154492e-01
  4.69442143e-01 -2.31920614e-01  4.17906506e-01  5.21120889e-01
  1.00335422e-17 -1.10052163e-16 -2.95888635e-17 -3.87046664e-17
  1.74160630e-17]

n = 7
m = 7
[0 1 0 0 0 0 1 1 1 1 1 1 1 1]
[1 0 1 0 0 0 0 0 0 0 0 0 0 0]
[0 1 0 1 0 0 0 0 0 0 0 0 0 0]
[0 0 1 0 1 0 0 0 0 0 0 0 0 0]
[0 0 0 1 0 1 0 0 0 0 0 0 0 0]
[0 0 0 0 1 0 1 0 0 0 0 0 0 0]
[1 0 0 0 0 1 0 0 0 0 0 0 0 0]
[1 0 0 0 0 0 0 0 0 0 0 0 0 0]
[1 0 0 0 0 0 0 0 0 0 0 0 0 0]
[1 0 0 0 0 0 0 0 0 0 0 0 0 0]
[1 0 0 0 0 0 0 0 0 0 0 0 0 0]
[1 0 0 0 0 0 0 0 0 0 0 0 0 0]
[1 0 0 0 0 0 0 0 0 0 0 0 0 0]
[1 0 0 0 0 0 0 0 0 0 0 0 0 0]

Eigenvalues: 
1: -3.044041512478581
2: -1.8019377358048376
3: -1.1274688225712681
4: -0.44504186791262884
5: -2.311115933264683e-33
6: -2.307693016825142e-34
7: -1.8424786478826575e-50
8: -8.277761928952745e-54
9: 4.059147251318076e-18
10: 9.446555976943685e-18
11: 0.38494621950654595
12: 1.2469796037174663
13: 1.7379791825982462
14: 3.048584932945056

Eigenvectors: 
1: [ 6.95023740e-01 -6.91758381e-01  1.33771930e-01 -1.32873168e-01
 -5.34989264e-02 -3.33712607e-17  3.61900618e-17 -7.40938870e-19
 -8.86619340e-18 -4.04570776e-18  8.32788320e-18  7.12637429e-19
  1.86542879e-19  1.00473698e-21]
2: [ 9.25037433e-02 -1.01643550e-01 -5.16949187e-01  3.97252795e-01
  2.36781337e-01  4.17906506e-01 -5.21120889e-01 -2.31920614e-01
  1.29545493e-16  2.51773736e-17 -9.76677897e-17  1.27167030e-17
 -1.32350407e-17  2.28996858e-18]
3: [ 9.25037433e-02 -1.01643550e-01 -5.16949187e-01  3.97252795e-01
  2.36781337e-01 -4.17906506e-01  5.21120889e-01  2.31920614e-01
 -3.54382835e-17  1.77644222e-17  9.27429180e-18 -2.02807518e-17
  1.12550444e-17 -2.30063302e-18]
4: [-2.28322688e-01 -2.26911303e-01 -1.18648008e-01 -7.64526810e-02
 -1.38977664e-01  1.68982542e-17  8.12605114e-18  4.52620800e-17
 -2.39045722e-01 -6.04829492e-02  5.31443838e-01  1.06538623e-02
  2.78879844e-03  1.50207229e-05]
5: [-2.28322688e-01 -2.26911303e-01 -1.18648008e-01 -7.64526810e-02
 -1.38977664e-01  1.54332054e-17  3.51629626e-17  2.92384086e-17
 -2.39045722e-01 -3.77617420e-01  1.47804141e-01  8.70245806e-01
 -7.65448839e-02 -4.12277732e-04]
6: [-2.28322688e-01 -2.26911303e-01 -1.18648008e-01 -7.64526810e-02
 -1.38977664e-01  1.54332054e-17  3.51629626e-17  2.92384086e-17
 -2.39045722e-01 -3.77617420e-01  1.47804141e-01 -3.35348899e-01
  7.63558716e-01  4.11259694e-03]
7: [-2.28322688e-01 -2.26911303e-01 -1.18648008e-01 -7.64526810e-02
 -1.38977664e-01 -3.81935263e-17  1.85221106e-17 -5.67748578e-17
  5.97614305e-01  2.72695702e-01 -5.61330201e-01 -4.80344046e-02
 -7.15551398e-02 -7.07164319e-01]
8: [-2.28322688e-01 -2.26911303e-01 -1.18648008e-01 -7.64526810e-02
 -1.38977664e-01 -3.81935263e-17  1.85221106e-17 -5.67748578e-17
  5.97614305e-01  2.72695702e-01 -5.61330201e-01 -4.80344046e-02
  4.64077766e-02  7.07028873e-01]
9: [-2.28322688e-01 -2.26911303e-01 -1.18648008e-01 -7.64526810e-02
 -1.38977664e-01  1.53565924e-17  3.67201353e-17  5.72003757e-17
 -2.39045722e-01  6.47943805e-01  1.47804141e-01 -1.14133060e-01
 -2.98759352e-02 -1.60914514e-04]
10: [-2.28322688e-01 -2.26911303e-01 -1.18648008e-01 -7.64526810e-02
 -1.38977664e-01  1.54332054e-17  3.51629626e-17  2.92384086e-17
 -2.39045722e-01 -3.77617420e-01  1.47804141e-01 -3.35348899e-01
 -6.34779332e-01 -3.41897942e-03]
11: [-2.28740835e-02 -4.96164686e-02  2.42987902e-01  5.38298104e-01
 -3.84976639e-01 -5.21120889e-01 -2.31920614e-01 -4.17906506e-01
 -3.55401792e-17 -2.41552017e-17  4.44453855e-17  1.07017657e-17
  4.11724002e-17  7.42232181e-18]
12: [-2.58711151e-01 -2.60252526e-01  3.39856188e-01  1.52118984e-01
  4.76124720e-01 -2.31920614e-01 -4.17906506e-01  5.21120889e-01
  2.03095810e-17  1.20444567e-17 -2.44593309e-17 -1.89970926e-17
 -1.14476713e-17 -1.00685800e-18]
13: [-2.28740835e-02 -4.96164686e-02  2.42987902e-01  5.38298104e-01
 -3.84976639e-01  5.21120889e-01  2.31920614e-01  4.17906506e-01
 -2.45964155e-16 -8.62079353e-17  2.17357982e-16 -5.52087394e-18
  9.97062759e-18  8.22085612e-18]
14: [-2.58711151e-01 -2.60252526e-01  3.39856188e-01  1.52118984e-01
  4.76124720e-01  2.31920614e-01  4.17906506e-01 -5.21120889e-01
  9.42276187e-17 -1.02853443e-17 -8.31821201e-17  1.76117043e-18
 -1.87376750e-17 -1.00922828e-19]

n = 8
m = 7
[0 1 0 0 0 0 1 1 1 1 1 1 1 1 1]
[1 0 1 0 0 0 0 0 0 0 0 0 0 0 0]
[0 1 0 1 0 0 0 0 0 0 0 0 0 0 0]
[0 0 1 0 1 0 0 0 0 0 0 0 0 0 0]
[0 0 0 1 0 1 0 0 0 0 0 0 0 0 0]
[0 0 0 0 1 0 1 0 0 0 0 0 0 0 0]
[1 0 0 0 0 1 0 0 0 0 0 0 0 0 0]
[1 0 0 0 0 0 0 0 0 0 0 0 0 0 0]
[1 0 0 0 0 0 0 0 0 0 0 0 0 0 0]
[1 0 0 0 0 0 0 0 0 0 0 0 0 0 0]
[1 0 0 0 0 0 0 0 0 0 0 0 0 0 0]
[1 0 0 0 0 0 0 0 0 0 0 0 0 0 0]
[1 0 0 0 0 0 0 0 0 0 0 0 0 0 0]
[1 0 0 0 0 0 0 0 0 0 0 0 0 0 0]
[1 0 0 0 0 0 0 0 0 0 0 0 0 0 0]

Eigenvalues: 
1: -3.1993768262254987
2: -1.8019377358048383
3: -1.1415237122592934
4: -0.4450418679126288
5: -7.473370968334684e-17
6: -1.232595164407831e-32
7: -5.986992950606518e-49
8: -4.7631680159711685e-67
9: 0.0
10: 1.1203613397276186e-33
11: 1.0085259193673517e-16
12: 0.39156548580393613
13: 1.246979603717465
14: 1.7467838554697308
15: 3.2025511972111227

Eigenvectors: 
1: [-2.44974446e-01  2.43753498e-01 -1.63492704e-01  3.49570862e-01
  4.81292117e-01 -4.17906506e-01  2.31920614e-01  5.21120889e-01
 -1.07956105e-17 -6.64933813e-17  4.65714513e-17  1.25521633e-17
 -5.08748146e-17 -7.54538823e-19  3.52431970e-17]
2: [-2.44974446e-01  2.43753498e-01 -1.63492704e-01  3.49570862e-01
  4.81292117e-01  4.17906506e-01 -2.31920614e-01 -5.21120889e-01
 -9.01845199e-18  3.14798900e-17 -4.59852305e-17 -1.53790909e-17
  3.00323166e-18 -2.16409042e-17 -5.76239392e-19]
3: [-4.04663410e-02  1.96015983e-02 -5.36974787e-01  2.41984520e-01
 -3.88689879e-01 -2.31920614e-01  5.21120889e-01 -4.17906506e-01
 -1.95178282e-16 -4.86841382e-17  8.96302066e-17  1.12831863e-17
 -3.52997259e-17  2.11920242e-17  9.52864226e-18]
4: [-2.17143763e-01  2.18025207e-01  6.60743948e-02 -1.04397446e-01
 -1.22674133e-01 -7.93219310e-17  2.98950955e-16  1.61752699e-16
 -2.73861279e-01  4.88159183e-01  2.16874136e-02  3.04391617e-03
 -1.33911598e-03 -2.46762999e-18 -2.76160446e-04]
5: [-2.17143763e-01  2.18025207e-01  6.60743948e-02 -1.04397446e-01
 -1.22674133e-01 -3.83527372e-17  2.10890565e-18  1.59766240e-17
 -2.73861279e-01 -3.48956188e-01  3.75457210e-01  7.75589113e-03
  7.91755542e-01 -5.01511286e-17 -7.03656157e-04]
6: [-2.17143763e-01  2.18025207e-01  6.60743948e-02 -1.04397446e-01
 -1.22674133e-01 -3.83527372e-17  2.10890565e-18  1.59766240e-17
 -2.73861279e-01 -3.48956188e-01  3.75457210e-01  7.74192208e-01
 -4.30652371e-01 -1.38916735e-17 -7.02388810e-02]
7: [-2.17143763e-01  2.18025207e-01  6.60743948e-02 -1.04397446e-01
 -1.22674133e-01 -3.83527372e-17  2.10890565e-18  1.59766240e-17
 -2.73861279e-01 -3.48956188e-01  3.75457210e-01 -6.23857287e-01
 -4.30652371e-01  5.08945344e-17  5.65996884e-02]
8: [-2.17143763e-01  2.18025207e-01  6.60743948e-02 -1.04397446e-01
 -1.22674133e-01 -4.89382227e-17  7.00188078e-17 -4.00958570e-17
  4.56435465e-01  3.02555190e-01 -1.43512318e-01 -2.01425340e-02
  8.86134427e-03  7.07106781e-01  4.08392093e-01]
9: [-2.17143763e-01  2.18025207e-01  6.60743948e-02 -1.04397446e-01
 -1.22674133e-01 -4.89382227e-17  7.00188078e-17 -4.00958570e-17
  4.56435465e-01  3.02555190e-01 -1.43512318e-01 -2.01425340e-02
  8.86134427e-03 -7.07106781e-01  4.08392093e-01]
10: [-2.17143763e-01  2.18025207e-01  6.60743948e-02 -1.04397446e-01
 -1.22674133e-01 -4.89382227e-17  7.00188078e-17 -4.00958570e-17
  4.56435465e-01  3.02555190e-01 -1.43512318e-01 -2.01425340e-02
  8.86134427e-03 -1.83913175e-16 -8.11301868e-01]
11: [-2.17143763e-01  2.18025207e-01  6.60743948e-02 -1.04397446e-01
 -1.22674133e-01 -3.83527372e-17  2.10890565e-18  1.59766240e-17
 -2.73861279e-01 -3.48956188e-01 -7.17522090e-01 -1.00707126e-01
  4.43042824e-02  5.92927971e-18  9.13669211e-03]
12: [-4.04663410e-02  1.96015983e-02 -5.36974787e-01  2.41984520e-01
 -3.88689879e-01  2.31920614e-01 -5.21120889e-01  4.17906506e-01
  2.28867591e-16  6.49450057e-17 -1.08143516e-16 -3.79154271e-17
  3.60055180e-17 -1.68153958e-17  1.46388852e-17]
13: [-8.91291879e-02 -8.23144976e-02 -4.01004102e-01 -5.18215588e-01
  2.36492338e-01  5.21120889e-01  4.17906506e-01  2.31920614e-01
 -7.34277990e-17 -3.89083355e-17  1.11993068e-16  5.01618339e-18
 -8.15724841e-18 -7.68273804e-18 -4.55095136e-19]
14: [-8.91291879e-02 -8.23144976e-02 -4.01004102e-01 -5.18215588e-01
  2.36492338e-01 -5.21120889e-01 -4.17906506e-01 -2.31920614e-01
  5.00857750e-17  2.34357200e-17 -1.04653875e-16 -3.98609798e-18
  7.70408092e-18  7.68273804e-18  3.61640247e-19]
15: [-6.95414018e-01 -6.97544794e-01  1.15417686e-01  1.19172160e-01
 -4.80349565e-02 -5.49788238e-17 -5.07552101e-17 -2.11608650e-17
  4.62223187e-33 -1.17446303e-33 -8.85142873e-34 -4.18238544e-35
  7.36995387e-35  1.04036511e-51 -1.74205516e-36]

n = 6
m = 8
[0 1 0 0 0 0 0 1 1 1 1 1 1 1]
[1 0 1 0 0 0 0 0 0 0 0 0 0 0]
[0 1 0 1 0 0 0 0 0 0 0 0 0 0]
[0 0 1 0 1 0 0 0 0 0 0 0 0 0]
[0 0 0 1 0 1 0 0 0 0 0 0 0 0]
[0 0 0 0 1 0 1 0 0 0 0 0 0 0]
[0 0 0 0 0 1 0 1 0 0 0 0 0 0]
[1 0 0 0 0 0 1 0 0 0 0 0 0 0]
[1 0 0 0 0 0 0 0 0 0 0 0 0 0]
[1 0 0 0 0 0 0 0 0 0 0 0 0 0]
[1 0 0 0 0 0 0 0 0 0 0 0 0 0]
[1 0 0 0 0 0 0 0 0 0 0 0 0 0]
[1 0 0 0 0 0 0 0 0 0 0 0 0 0]
[1 0 0 0 0 0 0 0 0 0 0 0 0 0]

Eigenvalues: 
1: -2.8865922448039463
2: -1.794542927786448
3: -1.4142135623730954
4: -0.6687308072530957
5: 0.0
6: 0.0
7: 0.0
8: 0.0
9: 0.0
10: 0.0
11: 0.6687308072530945
12: 1.4142135623730951
13: 1.794542927786449
14: 2.8865922448039423

Eigenvectors: 
1: [ 6.87449900e-01 -6.87449900e-01 -1.34204107e-01 -9.69633546e-02
 -1.34204107e-01 -9.69633546e-02 -2.13708562e-17 -2.13708562e-17
  3.97890819e-33  3.97890819e-33  3.97890819e-33  3.97890819e-33
  3.97890819e-33  3.97890819e-33]
2: [ 1.14259256e-01 -1.14259256e-01  3.20722027e-01  3.66172369e-01
  3.20722027e-01  3.66172369e-01 -5.00000000e-01 -5.00000000e-01
  1.15273951e-33  1.15273951e-33  1.15273951e-33  1.15273951e-33
  1.15273951e-33  1.15273951e-33]
3: [-0.27773551 -0.27773551 -0.10393617 -0.40256709  0.10393617  0.40256709
  0.35355339 -0.35355339  0.20412415  0.20412415  0.20412415  0.20412415
  0.20412415  0.20412415]
4: [-0.05208438 -0.05208438 -0.47161327  0.15769635  0.47161327 -0.15769635
 -0.35355339  0.35355339  0.20412415  0.20412415  0.20412415  0.20412415
  0.20412415  0.20412415]
5: [-2.38152757e-01 -2.38152757e-01  7.47845620e-02  1.44996093e-01
 -7.47845620e-02 -1.44996093e-01  3.37348678e-17 -3.37348678e-17
  8.33333333e-01 -1.66666667e-01 -1.66666667e-01 -1.66666667e-01
 -1.66666667e-01 -1.66666667e-01]
6: [-2.38152757e-01 -2.38152757e-01  7.47845620e-02  1.44996093e-01
 -7.47845620e-02 -1.44996093e-01  3.37348678e-17 -3.37348678e-17
 -1.66666667e-01  8.33333333e-01 -1.66666667e-01 -1.66666667e-01
 -1.66666667e-01 -1.66666667e-01]
7: [-2.38152757e-01 -2.38152757e-01  7.47845620e-02  1.44996093e-01
 -7.47845620e-02 -1.44996093e-01  3.37348678e-17 -3.37348678e-17
 -1.66666667e-01 -1.66666667e-01  8.33333333e-01 -1.66666667e-01
 -1.66666667e-01 -1.66666667e-01]
8: [-2.38152757e-01 -2.38152757e-01  7.47845620e-02  1.44996093e-01
 -7.47845620e-02 -1.44996093e-01  3.37348678e-17 -3.37348678e-17
 -1.66666667e-01 -1.66666667e-01 -1.66666667e-01  8.33333333e-01
 -1.66666667e-01 -1.66666667e-01]
9: [-2.38152757e-01 -2.38152757e-01  7.47845620e-02  1.44996093e-01
 -7.47845620e-02 -1.44996093e-01  3.37348678e-17 -3.37348678e-17
 -1.66666667e-01 -1.66666667e-01 -1.66666667e-01 -1.66666667e-01
  8.33333333e-01 -1.66666667e-01]
10: [-2.38152757e-01 -2.38152757e-01  7.47845620e-02  1.44996093e-01
 -7.47845620e-02 -1.44996093e-01  3.37348678e-17 -3.37348678e-17
 -1.66666667e-01 -1.66666667e-01 -1.66666667e-01 -1.66666667e-01
 -1.66666667e-01  8.33333333e-01]
11: [-0.05208438 -0.05208438 -0.47161327  0.15769635  0.47161327 -0.15769635
  0.35355339 -0.35355339 -0.20412415 -0.20412415 -0.20412415 -0.20412415
 -0.20412415 -0.20412415]
12: [ 1.14259256e-01 -1.14259256e-01  3.20722027e-01  3.66172369e-01
  3.20722027e-01  3.66172369e-01  5.00000000e-01  5.00000000e-01
  1.54074396e-33  1.54074396e-33  1.54074396e-33  1.54074396e-33
  1.54074396e-33  1.54074396e-33]
13: [ 3.60871043e-02 -3.60871043e-02  5.25608239e-01 -4.71628773e-01
  5.25608239e-01 -4.71628773e-01 -1.90085821e-16 -1.90085821e-16
  1.99094388e-33  1.99094388e-33  1.99094388e-33  1.99094388e-33
  1.99094388e-33  1.99094388e-33]
14: [-0.27773551 -0.27773551 -0.10393617 -0.40256709  0.10393617  0.40256709
 -0.35355339  0.35355339 -0.20412415 -0.20412415 -0.20412415 -0.20412415
 -0.20412415 -0.20412415]

n = 7
m = 8
[0 1 0 0 0 0 0 1 1 1 1 1 1 1 1]
[1 0 1 0 0 0 0 0 0 0 0 0 0 0 0]
[0 1 0 1 0 0 0 0 0 0 0 0 0 0 0]
[0 0 1 0 1 0 0 0 0 0 0 0 0 0 0]
[0 0 0 1 0 1 0 0 0 0 0 0 0 0 0]
[0 0 0 0 1 0 1 0 0 0 0 0 0 0 0]
[0 0 0 0 0 1 0 1 0 0 0 0 0 0 0]
[1 0 0 0 0 0 1 0 0 0 0 0 0 0 0]
[1 0 0 0 0 0 0 0 0 0 0 0 0 0 0]
[1 0 0 0 0 0 0 0 0 0 0 0 0 0 0]
[1 0 0 0 0 0 0 0 0 0 0 0 0 0 0]
[1 0 0 0 0 0 0 0 0 0 0 0 0 0 0]
[1 0 0 0 0 0 0 0 0 0 0 0 0 0 0]
[1 0 0 0 0 0 0 0 0 0 0 0 0 0 0]
[1 0 0 0 0 0 0 0 0 0 0 0 0 0 0]

Eigenvalues: 
1: -3.0471751160752136
2: -1.8030333333502166
3: -1.4142135623730945
4: -0.6810246770859246
5: 0.0
6: 0.0
7: 0.0
8: 0.0
9: 0.0
10: 0.0
11: 0.0
12: 0.681024677085926
13: 1.4142135623730945
14: 1.8030333333502178
15: 3.0471751160752163

Eigenvectors: 
1: [-6.92634857e-01  6.92634857e-01 -1.13742672e-01 -8.55544252e-02
 -8.55544252e-02 -1.13742672e-01 -2.06372252e-17  2.06372252e-17
 -3.21040224e-33 -3.21040224e-33 -3.21040224e-33 -3.21040224e-33
 -3.21040224e-33 -3.21040224e-33 -3.21040224e-33]
2: [-9.87961158e-02  9.87961158e-02  3.26957337e-01  3.65155073e-01
  3.65155073e-01  3.26957337e-01 -5.00000000e-01  5.00000000e-01
  4.72637772e-32  4.72637772e-32  4.72637772e-32  4.72637772e-32
  4.72637772e-32  4.72637772e-32  4.72637772e-32]
3: [-9.87961158e-02  9.87961158e-02  3.26957337e-01  3.65155073e-01
  3.65155073e-01  3.26957337e-01  5.00000000e-01 -5.00000000e-01
  4.92609190e-32  4.92609190e-32  4.92609190e-32  4.92609190e-32
  4.92609190e-32  4.92609190e-32  4.92609190e-32]
4: [ 0.04132294  0.04132294 -0.47126166  0.16187915 -0.16187915  0.47126166
  0.35355339  0.35355339  0.18898224  0.18898224  0.18898224  0.18898224
  0.18898224  0.18898224  0.18898224]
5: [ 2.27303923e-01  2.27303923e-01  6.30840650e-02  1.25626028e-01
 -1.25626028e-01 -6.30840650e-02 -2.59813843e-17 -2.59813843e-17
  8.57142857e-01 -1.42857143e-01 -1.42857143e-01 -1.42857143e-01
 -1.42857143e-01 -1.42857143e-01 -1.42857143e-01]
6: [ 2.27303923e-01  2.27303923e-01  6.30840650e-02  1.25626028e-01
 -1.25626028e-01 -6.30840650e-02 -2.59813843e-17 -2.59813843e-17
 -1.42857143e-01  8.57142857e-01 -1.42857143e-01 -1.42857143e-01
 -1.42857143e-01 -1.42857143e-01 -1.42857143e-01]
7: [ 2.27303923e-01  2.27303923e-01  6.30840650e-02  1.25626028e-01
 -1.25626028e-01 -6.30840650e-02 -2.59813843e-17 -2.59813843e-17
 -1.42857143e-01 -1.42857143e-01  8.57142857e-01 -1.42857143e-01
 -1.42857143e-01 -1.42857143e-01 -1.42857143e-01]
8: [ 2.27303923e-01  2.27303923e-01  6.30840650e-02  1.25626028e-01
 -1.25626028e-01 -6.30840650e-02 -2.59813843e-17 -2.59813843e-17
 -1.42857143e-01 -1.42857143e-01 -1.42857143e-01  8.57142857e-01
 -1.42857143e-01 -1.42857143e-01 -1.42857143e-01]
9: [ 2.27303923e-01  2.27303923e-01  6.30840650e-02  1.25626028e-01
 -1.25626028e-01 -6.30840650e-02 -2.59813843e-17 -2.59813843e-17
 -1.42857143e-01 -1.42857143e-01 -1.42857143e-01 -1.42857143e-01
  8.57142857e-01 -1.42857143e-01 -1.42857143e-01]
10: [ 2.27303923e-01  2.27303923e-01  6.30840650e-02  1.25626028e-01
 -1.25626028e-01 -6.30840650e-02 -2.59813843e-17 -2.59813843e-17
 -1.42857143e-01 -1.42857143e-01 -1.42857143e-01 -1.42857143e-01
 -1.42857143e-01  8.57142857e-01 -1.42857143e-01]
11: [ 2.27303923e-01  2.27303923e-01  6.30840650e-02  1.25626028e-01
 -1.25626028e-01 -6.30840650e-02 -2.59813843e-17 -2.59813843e-17
 -1.42857143e-01 -1.42857143e-01 -1.42857143e-01 -1.42857143e-01
 -1.42857143e-01 -1.42857143e-01  8.57142857e-01]
12: [-2.71221333e-02  2.71221333e-02  5.22743153e-01 -4.75398765e-01
 -4.75398765e-01  5.22743153e-01 -1.75077055e-17  1.75077055e-17
 -6.60279574e-33 -6.60279574e-33 -6.60279574e-33 -6.60279574e-33
 -6.60279574e-33 -6.60279574e-33 -6.60279574e-33]
13: [ 0.25972612  0.25972612 -0.11825331 -0.41055876  0.41055876  0.11825331
 -0.35355339 -0.35355339  0.18898224  0.18898224  0.18898224  0.18898224
  0.18898224  0.18898224  0.18898224]
14: [ 0.04132294  0.04132294 -0.47126166  0.16187915 -0.16187915  0.47126166
 -0.35355339 -0.35355339 -0.18898224 -0.18898224 -0.18898224 -0.18898224
 -0.18898224 -0.18898224 -0.18898224]
15: [ 0.25972612  0.25972612 -0.11825331 -0.41055876  0.41055876  0.11825331
  0.35355339  0.35355339 -0.18898224 -0.18898224 -0.18898224 -0.18898224
 -0.18898224 -0.18898224 -0.18898224]

n = 8
m = 8
[0 1 0 0 0 0 0 1 1 1 1 1 1 1 1 1]
[1 0 1 0 0 0 0 0 0 0 0 0 0 0 0 0]
[0 1 0 1 0 0 0 0 0 0 0 0 0 0 0 0]
[0 0 1 0 1 0 0 0 0 0 0 0 0 0 0 0]
[0 0 0 1 0 1 0 0 0 0 0 0 0 0 0 0]
[0 0 0 0 1 0 1 0 0 0 0 0 0 0 0 0]
[0 0 0 0 0 1 0 1 0 0 0 0 0 0 0 0]
[1 0 0 0 0 0 1 0 0 0 0 0 0 0 0 0]
[1 0 0 0 0 0 0 0 0 0 0 0 0 0 0 0]
[1 0 0 0 0 0 0 0 0 0 0 0 0 0 0 0]
[1 0 0 0 0 0 0 0 0 0 0 0 0 0 0 0]
[1 0 0 0 0 0 0 0 0 0 0 0 0 0 0 0]
[1 0 0 0 0 0 0 0 0 0 0 0 0 0 0 0]
[1 0 0 0 0 0 0 0 0 0 0 0 0 0 0 0]
[1 0 0 0 0 0 0 0 0 0 0 0 0 0 0 0]
[1 0 0 0 0 0 0 0 0 0 0 0 0 0 0 0]

Eigenvalues: 
1: -3.2015263296635785
2: -1.8092383823406568
3: -1.4142135623730945
4: -0.6905690670282145
5: 0.0
6: 0.0
7: 0.0
8: 0.0
9: 0.0
10: 0.0
11: 0.0
12: 0.0
13: 0.6905690670282141
14: 1.414213562373095
15: 1.8092383823406557
16: 3.2015263296635825

Eigenvectors: 
1: [ 0.2445532  -0.2445532   0.12867102 -0.41669833 -0.12867102  0.41669833
 -0.35355339  0.35355339 -0.1767767  -0.1767767  -0.1767767  -0.1767767
 -0.1767767  -0.1767767  -0.1767767  -0.1767767 ]
2: [ 2.10727875e-02  2.10727875e-02  5.20362695e-01  4.78308064e-01
  5.20362695e-01  4.78308064e-01  1.68592520e-16  1.68592520e-16
 -4.94893100e-32 -4.94893100e-32 -4.94893100e-32 -4.94893100e-32
 -4.94893100e-32 -4.94893100e-32 -4.94893100e-32 -4.94893100e-32]
3: [ 8.69228341e-02  8.69228341e-02  3.31300234e-01 -3.64258941e-01
  3.31300234e-01 -3.64258941e-01 -5.00000000e-01 -5.00000000e-01
  2.54506699e-32  2.54506699e-32  2.54506699e-32  2.54506699e-32
  2.54506699e-32  2.54506699e-32  2.54506699e-32  2.54506699e-32]
4: [ 0.03373254 -0.03373254  0.47073008  0.16515238 -0.47073008 -0.16515238
  0.35355339 -0.35355339 -0.1767767  -0.1767767  -0.1767767  -0.1767767
 -0.1767767  -0.1767767  -0.1767767  -0.1767767 ]
5: [ 2.17402764e-01 -2.17402764e-01 -5.44448363e-02  1.10778147e-01
  5.44448363e-02 -1.10778147e-01 -5.38280860e-18  5.38280860e-18
  8.75000000e-01 -1.25000000e-01 -1.25000000e-01 -1.25000000e-01
 -1.25000000e-01 -1.25000000e-01 -1.25000000e-01 -1.25000000e-01]
6: [ 2.17402764e-01 -2.17402764e-01 -5.44448363e-02  1.10778147e-01
  5.44448363e-02 -1.10778147e-01 -5.38280860e-18  5.38280860e-18
 -1.25000000e-01  8.75000000e-01 -1.25000000e-01 -1.25000000e-01
 -1.25000000e-01 -1.25000000e-01 -1.25000000e-01 -1.25000000e-01]
7: [ 2.17402764e-01 -2.17402764e-01 -5.44448363e-02  1.10778147e-01
  5.44448363e-02 -1.10778147e-01 -5.38280860e-18  5.38280860e-18
 -1.25000000e-01 -1.25000000e-01  8.75000000e-01 -1.25000000e-01
 -1.25000000e-01 -1.25000000e-01 -1.25000000e-01 -1.25000000e-01]
8: [ 2.17402764e-01 -2.17402764e-01 -5.44448363e-02  1.10778147e-01
  5.44448363e-02 -1.10778147e-01 -5.38280860e-18  5.38280860e-18
 -1.25000000e-01 -1.25000000e-01 -1.25000000e-01  8.75000000e-01
 -1.25000000e-01 -1.25000000e-01 -1.25000000e-01 -1.25000000e-01]
9: [ 2.17402764e-01 -2.17402764e-01 -5.44448363e-02  1.10778147e-01
  5.44448363e-02 -1.10778147e-01 -5.38280860e-18  5.38280860e-18
 -1.25000000e-01 -1.25000000e-01 -1.25000000e-01 -1.25000000e-01
  8.75000000e-01 -1.25000000e-01 -1.25000000e-01 -1.25000000e-01]
10: [ 2.17402764e-01 -2.17402764e-01 -5.44448363e-02  1.10778147e-01
  5.44448363e-02 -1.10778147e-01 -5.38280860e-18  5.38280860e-18
 -1.25000000e-01 -1.25000000e-01 -1.25000000e-01 -1.25000000e-01
 -1.25000000e-01  8.75000000e-01 -1.25000000e-01 -1.25000000e-01]
11: [ 2.17402764e-01 -2.17402764e-01 -5.44448363e-02  1.10778147e-01
  5.44448363e-02 -1.10778147e-01 -5.38280860e-18  5.38280860e-18
 -1.25000000e-01 -1.25000000e-01 -1.25000000e-01 -1.25000000e-01
 -1.25000000e-01 -1.25000000e-01  8.75000000e-01 -1.25000000e-01]
12: [ 2.17402764e-01 -2.17402764e-01 -5.44448363e-02  1.10778147e-01
  5.44448363e-02 -1.10778147e-01 -5.38280860e-18  5.38280860e-18
 -1.25000000e-01 -1.25000000e-01 -1.25000000e-01 -1.25000000e-01
 -1.25000000e-01 -1.25000000e-01 -1.25000000e-01  8.75000000e-01]
13: [ 0.03373254 -0.03373254  0.47073008  0.16515238 -0.47073008 -0.16515238
 -0.35355339  0.35355339  0.1767767   0.1767767   0.1767767   0.1767767
  0.1767767   0.1767767   0.1767767   0.1767767 ]
14: [ 0.2445532  -0.2445532   0.12867102 -0.41669833 -0.12867102  0.41669833
  0.35355339 -0.35355339  0.1767767   0.1767767   0.1767767   0.1767767
  0.1767767   0.1767767   0.1767767   0.1767767 ]
15: [ 8.69228341e-02  8.69228341e-02  3.31300234e-01 -3.64258941e-01
  3.31300234e-01 -3.64258941e-01  5.00000000e-01  5.00000000e-01
  1.75531232e-32  1.75531232e-32  1.75531232e-32  1.75531232e-32
  1.75531232e-32  1.75531232e-32  1.75531232e-32  1.75531232e-32]
16: [ 6.96020675e-01  6.96020675e-01 -9.85036875e-02  7.64999615e-02
 -9.85036875e-02  7.64999615e-02  3.95132247e-18  3.95132247e-18
 -2.75630840e-32 -2.75630840e-32 -2.75630840e-32 -2.75630840e-32
 -2.75630840e-32 -2.75630840e-32 -2.75630840e-32 -2.75630840e-32]

