Tables using graphs: 
  n    |V|   |E|   deg   alpha   sigma
  3    3     3     2     1       1
  4    4     4     2     2       2
  5    5     5     2     2       1
  6    6     6     2     3       1
  7    7     7     2     3       1
  8    8     8     2     4       1
  9    9     9     2     4       1
  10   10    10    2     5       1

Table using formulas: 
  n    deg   alpha   sigma
  3    2     1       1
  4    2     2       2
  5    2     2       1
  6    2     3       1
  7    2     3       1
  8    2     4       1
  9    2     4       1
  10   2     5       1

Adjacency matrices: 
n = 6
[0 1 0 0 0 1]
[1 0 1 0 0 0]
[0 1 0 1 0 0]
[0 0 1 0 1 0]
[0 0 0 1 0 1]
[1 0 0 0 1 0]

Eigenvalues: 
1: -1.9999999999999996
2: -1.0000000000000004
3: -0.9999999999999993
4: 0.9999999999999999
5: 1.0000000000000007
6: 2.0

Eigenvectors: 
1: [-0.40824829  0.57735027 -0.40824829  0.00690307  0.57735027 -0.04434557]
2: [ 0.40824829 -0.28867513 -0.40824829 -0.50341579  0.28867513 -0.52069571]
3: [ 0.40824829  0.57735027 -0.40824829  0.00690307 -0.57735027  0.04434557]
4: [ 0.40824829 -0.28867513 -0.40824829  0.49651273  0.28867513  0.47635014]
5: [-0.40824829 -0.28867513 -0.40824829 -0.50341579 -0.28867513  0.52069571]
6: [-0.40824829 -0.28867513 -0.40824829  0.49651273 -0.28867513 -0.47635014]

n = 7
[0 1 0 0 0 0 1]
[1 0 1 0 0 0 0]
[0 1 0 1 0 0 0]
[0 0 1 0 1 0 0]
[0 0 0 1 0 1 0]
[0 0 0 0 1 0 1]
[1 0 0 0 0 1 0]

Eigenvalues: 
1: -1.8019377358048376
2: -1.8019377358048358
3: -0.44504186791262884
4: -0.4450418679126286
5: 1.246979603717467
6: 1.246979603717467
7: 1.9999999999999996

Eigenvectors: 
1: [-0.53452248  0.53452248  0.37796447  0.53452248  0.03601699 -0.0985548
 -0.10363384]
2: [ 0.11894244  0.33326932  0.37796447 -0.48158812  0.51192199  0.34929367
  0.32089079]
3: [-0.33326932 -0.48158812  0.37796447 -0.11894244 -0.3945005   0.31673918
  0.53429333]
4: [ 0.48158812 -0.11894244  0.37796447  0.33326932 -0.26384371  0.53411688
 -0.47459138]
5: [ 0.11894244  0.33326932  0.37796447 -0.48158812 -0.52795106 -0.47218949
 -0.13414906]
6: [ 0.48158812 -0.11894244  0.37796447  0.33326932  0.19894334 -0.49025587
  0.34536209]
7: [-0.33326932 -0.48158812  0.37796447 -0.11894244  0.43941294 -0.13914957
 -0.48817193]

n = 8
[0 1 0 0 0 0 0 1]
[1 0 1 0 0 0 0 0]
[0 1 0 1 0 0 0 0]
[0 0 1 0 1 0 0 0]
[0 0 0 1 0 1 0 0]
[0 0 0 0 1 0 1 0]
[0 0 0 0 0 1 0 1]
[1 0 0 0 0 0 1 0]

Eigenvalues: 
1: -1.9999999999999987
2: -1.414213562373095
3: -1.414213562373094
4: -1.0061396160665481e-16
5: 1.843208551158698e-16
6: 1.414213562373095
7: 1.4142135623730951
8: 1.9999999999999996

Eigenvectors: 
1: [-0.35355339  0.5        -0.5        -0.35355339  0.02232253 -0.09561267
  0.5        -0.06271356]
2: [-0.35355339 -0.5        -0.5        -0.35355339 -0.02232253 -0.09561267
 -0.5         0.06271356]
3: [ 3.53553391e-01 -3.53553391e-01  1.79933194e-16 -3.53553391e-01
  3.37416451e-01  4.90773081e-01  3.53553391e-01 -3.95106506e-01]
4: [ 3.53553391e-01  3.53553391e-01 -7.79046844e-17 -3.53553391e-01
 -3.37416451e-01  4.90773081e-01 -3.53553391e-01  3.95106506e-01]
5: [-3.53553391e-01  3.84162463e-17  5.00000000e-01 -3.53553391e-01
 -4.99501456e-01  9.56126705e-02  3.07983413e-14 -4.96051418e-01]
6: [ 3.53553391e-01 -3.53553391e-01  2.21566558e-16 -3.53553391e-01
 -3.68985282e-01 -4.90773081e-01  3.53553391e-01  3.06416136e-01]
7: [-3.53553391e-01 -1.27472101e-16  5.00000000e-01 -3.53553391e-01
  4.99501456e-01  9.56126705e-02 -3.03105982e-14  4.96051418e-01]
8: [ 3.53553391e-01  3.53553391e-01 -1.26476942e-16 -3.53553391e-01
  3.68985282e-01 -4.90773081e-01 -3.53553391e-01 -3.06416136e-01]

