+----+---+---+---+---+---+---+---+---+----+
|    | m | 3 | 4 | 5 | 6 | 7 | 8 | 9 | 10 |
+----+---+---+---+---+---+---+---+---+----+
| n  |   |   |   |   |   |   |   |   |    |
+----+---+---+---+---+---+---+---+---+----+
| 1  |   | 1 | 2 | 1 | 1 | 1 | 1 | 1 | 1  |
+----+---+---+---+---+---+---+---+---+----+
| 2  |   | 1 | 2 | 1 | 1 | 1 | 1 | 1 | 1  |
+----+---+---+---+---+---+---+---+---+----+
| 3  |   | 1 | 2 | 1 | 1 | 1 | 1 | 1 | 1  |
+----+---+---+---+---+---+---+---+---+----+
| 4  |   | 1 | 2 | 1 | 1 | 1 | 1 | 1 | 1  |
+----+---+---+---+---+---+---+---+---+----+
| 5  |   | 1 | 2 | 1 | 1 | 1 | 1 | 1 | 1  |
+----+---+---+---+---+---+---+---+---+----+
| 6  |   | 1 | 2 | 1 | 1 | 1 | 1 | 1 | 1  |
+----+---+---+---+---+---+---+---+---+----+
| 7  |   | 1 | 2 | 1 | 1 | 1 | 1 | 1 | 1  |
+----+---+---+---+---+---+---+---+---+----+
| 8  |   | 1 | 2 | 1 | 1 | 1 | 1 | 1 | 1  |
+----+---+---+---+---+---+---+---+---+----+
| 9  |   | 1 | 2 | 1 | 1 | 1 | 1 | 1 | 1  |
+----+---+---+---+---+---+---+---+---+----+
| 10 |   | 1 | 2 | 1 | 1 | 1 | 1 | 1 | 1  |
+----+---+---+---+---+---+---+---+---+----+