Tables using graphs: 
  n    m   |V|   |E|   deg   alpha   sigma
  2    1   3     2     2     2       2
  3    1   4     3     2     2       1
  4    1   5     4     2     3       1
  5    1   6     5     2     3       1
  6    1   7     6     2     4       1
  7    1   8     7     2     4       1
  8    1   9     8     2     5       1
  9    1   10    9     2     5       1
  10   1   11    10    2     6       1

  n    m   |V|   |E|   deg   alpha   sigma
  2    2   4     3     3     3       3
  3    2   5     4     3     3       1
  4    2   6     5     3     4       2
  5    2   7     6     3     4       1
  6    2   8     7     3     5       1
  7    2   9     8     3     5       1
  8    2   10    9     3     6       1
  9    2   11    10    3     6       1
  10   2   12    11    3     7       1

  n    m   |V|   |E|   deg   alpha   sigma
  2    3   5     4     4     4       4
  3    3   6     5     4     4       1
  4    3   7     6     4     5       2
  5    3   8     7     4     5       1
  6    3   9     8     4     6       1
  7    3   10    9     4     6       1
  8    3   11    10    4     7       1
  9    3   12    11    4     7       1
  10   3   13    12    4     8       1

  n    m   |V|   |E|   deg   alpha   sigma
  2    4   6     5     5     5       5
  3    4   7     6     5     5       1
  4    4   8     7     5     6       2
  5    4   9     8     5     6       1
  6    4   10    9     5     7       1
  7    4   11    10    5     7       1
  8    4   12    11    5     8       1
  9    4   13    12    5     8       1
  10   4   14    13    5     9       1

  n    m   |V|   |E|   deg   alpha   sigma
  2    5   7     6     6     6       6
  3    5   8     7     6     6       1
  4    5   9     8     6     7       2
  5    5   10    9     6     7       1
  6    5   11    10    6     8       1
  7    5   12    11    6     8       1
  8    5   13    12    6     9       1
  9    5   14    13    6     9       1
  10   5   15    14    6     10      1

  n    m   |V|   |E|   deg   alpha   sigma
  2    6   8     7     7     7       7
  3    6   9     8     7     7       1
  4    6   10    9     7     8       2
  5    6   11    10    7     8       1
  6    6   12    11    7     9       1
  7    6   13    12    7     9       1
  8    6   14    13    7     10      1
  9    6   15    14    7     10      1
  10   6   16    15    7     11      1

  n    m   |V|   |E|   deg   alpha   sigma
  2    7   9     8     8     8       8
  3    7   10    9     8     8       1
  4    7   11    10    8     9       2
  5    7   12    11    8     9       1
  6    7   13    12    8     10      1
  7    7   14    13    8     10      1
  8    7   15    14    8     11      1
  9    7   16    15    8     11      1
  10   7   17    16    8     12      1

  n    m   |V|   |E|   deg   alpha   sigma
  2    8   10    9     9     9       9
  3    8   11    10    9     9       1
  4    8   12    11    9     10      2
  5    8   13    12    9     10      1
  6    8   14    13    9     11      1
  7    8   15    14    9     11      1
  8    8   16    15    9     12      1
  9    8   17    16    9     12      1
  10   8   18    17    9     13      1

  n    m   |V|   |E|   deg   alpha   sigma
  2    9   11    10    10    10      10
  3    9   12    11    10    10      1
  4    9   13    12    10    11      2
  5    9   14    13    10    11      1
  6    9   15    14    10    12      1
  7    9   16    15    10    12      1
  8    9   17    16    10    13      1
  9    9   18    17    10    13      1
  10   9   19    18    10    14      1

  n    m    |V|   |E|   deg   alpha   sigma
  2    10   12    11    11    11      11
  3    10   13    12    11    11      1
  4    10   14    13    11    12      2
  5    10   15    14    11    12      1
  6    10   16    15    11    13      1
  7    10   17    16    11    13      1
  8    10   18    17    11    14      1
  9    10   19    18    11    14      1
  10   10   20    19    11    15      1


Tables using formulas: 
  n    m   deg   alpha   sigma
  1    1   2     1       1
  2    1   2     2       1
  3    1   2     2       1
  4    1   2     3       1
  5    1   2     3       1
  6    1   2     4       1
  7    1   2     4       1
  8    1   2     5       1
  9    1   2     5       1
  10   1   2     6       1

  n    m   deg   alpha   sigma
  1    2   3     2       1
  2    2   3     3       1
  3    2   3     3       1
  4    2   3     4       1
  5    2   3     4       1
  6    2   3     5       1
  7    2   3     5       1
  8    2   3     6       1
  9    2   3     6       1
  10   2   3     7       1

  n    m   deg   alpha   sigma
  1    3   4     3       1
  2    3   4     4       1
  3    3   4     4       1
  4    3   4     5       1
  5    3   4     5       1
  6    3   4     6       1
  7    3   4     6       1
  8    3   4     7       1
  9    3   4     7       1
  10   3   4     8       1

  n    m   deg   alpha   sigma
  1    4   5     4       1
  2    4   5     5       1
  3    4   5     5       1
  4    4   5     6       1
  5    4   5     6       1
  6    4   5     7       1
  7    4   5     7       1
  8    4   5     8       1
  9    4   5     8       1
  10   4   5     9       1

  n    m   deg   alpha   sigma
  1    5   6     5       1
  2    5   6     6       1
  3    5   6     6       1
  4    5   6     7       1
  5    5   6     7       1
  6    5   6     8       1
  7    5   6     8       1
  8    5   6     9       1
  9    5   6     9       1
  10   5   6     10      1

  n    m   deg   alpha   sigma
  1    6   7     6       1
  2    6   7     7       1
  3    6   7     7       1
  4    6   7     8       1
  5    6   7     8       1
  6    6   7     9       1
  7    6   7     9       1
  8    6   7     10      1
  9    6   7     10      1
  10   6   7     11      1

  n    m   deg   alpha   sigma
  1    7   8     7       1
  2    7   8     8       1
  3    7   8     8       1
  4    7   8     9       1
  5    7   8     9       1
  6    7   8     10      1
  7    7   8     10      1
  8    7   8     11      1
  9    7   8     11      1
  10   7   8     12      1

  n    m   deg   alpha   sigma
  1    8   9     8       1
  2    8   9     9       1
  3    8   9     9       1
  4    8   9     10      1
  5    8   9     10      1
  6    8   9     11      1
  7    8   9     11      1
  8    8   9     12      1
  9    8   9     12      1
  10   8   9     13      1

  n    m   deg   alpha   sigma
  1    9   10    9       1
  2    9   10    10      1
  3    9   10    10      1
  4    9   10    11      1
  5    9   10    11      1
  6    9   10    12      1
  7    9   10    12      1
  8    9   10    13      1
  9    9   10    13      1
  10   9   10    14      1

  n    m    deg   alpha   sigma
  1    10   11    10      1
  2    10   11    11      1
  3    10   11    11      1
  4    10   11    12      1
  5    10   11    12      1
  6    10   11    13      1
  7    10   11    13      1
  8    10   11    14      1
  9    10   11    14      1
  10   10   11    15      1


Adjacency matrices: 
n = 6
m = 6
[0 1 1 1 1 1 1 1 0 0 0 0]
[1 0 0 0 0 0 0 0 0 0 0 0]
[1 0 0 0 0 0 0 0 0 0 0 0]
[1 0 0 0 0 0 0 0 0 0 0 0]
[1 0 0 0 0 0 0 0 0 0 0 0]
[1 0 0 0 0 0 0 0 0 0 0 0]
[1 0 0 0 0 0 0 0 0 0 0 0]
[1 0 0 0 0 0 0 0 1 0 0 0]
[0 0 0 0 0 0 0 1 0 1 0 0]
[0 0 0 0 0 0 0 0 1 0 1 0]
[0 0 0 0 0 0 0 0 0 1 0 1]
[0 0 0 0 0 0 0 0 0 0 1 0]

Eigenvalues: 
1: -2.683226598841695
2: -1.6987721259118165
3: -0.956278350426003
4: 0.0
5: 0.0
6: 0.0
7: 0.0
8: 0.0
9: 0.0
10: 0.9562783504260027
11: 1.6987721259118171
12: 2.683226598841695

Eigenvectors: 
1: [ 6.92923268e-01 -6.92923268e-01 -1.12512653e-01 -8.48424844e-02
 -1.12512653e-01 -8.48424844e-02 -4.48640439e-32 -3.47828004e-32
 -4.48640439e-32  5.90163029e-34  4.48640439e-32  2.39528338e-32]
2: [-0.25824255 -0.25824255  0.06623175  0.08872154 -0.06623175 -0.08872154
 -0.1021033  -0.11724023  0.8978967   0.0166883   0.1021033   0.03182523]
3: [-0.25824255 -0.25824255  0.06623175  0.08872154 -0.06623175 -0.08872154
 -0.16989109  0.4688361  -0.16989109  0.72662445  0.16989109  0.08789727]
4: [-0.25824255 -0.25824255  0.06623175  0.08872154 -0.06623175 -0.08872154
  0.8978967  -0.11724023 -0.1021033   0.0166883   0.1021033   0.03182523]
5: [-0.30981487 -0.30981487 -0.20625715 -0.45119619  0.20625715  0.45119619
 -0.03403443  0.29425326 -0.03403443 -0.32777057  0.03403443  0.34394174]
6: [ 1.38380228e-01 -1.38380228e-01  4.62896547e-01  5.16311630e-01
  4.62896547e-01  5.16311630e-01  8.49704209e-33  2.85559027e-33
  8.49704209e-33 -9.09674072e-32 -8.49704209e-33  9.43666533e-33]
7: [-0.06149064 -0.06149064 -0.5800986  -0.04254145  0.5800986   0.04254145
  0.03403443 -0.29425326  0.03403443  0.32777057 -0.03403443 -0.34394174]
8: [ 2.66130922e-02 -2.66130922e-02  5.22558790e-01 -4.75630165e-01
  5.22558790e-01 -4.75630165e-01  9.53010821e-33  1.18089666e-31
  9.53010821e-33  7.66059325e-32 -9.53010821e-33  6.39096434e-33]
9: [-0.00991832 -0.00991832 -0.3076097   0.49737628  0.3076097  -0.49737628
 -0.03403443  0.29425326 -0.03403443 -0.32777057  0.03403443  0.34394174]
10: [-0.25824255 -0.25824255  0.06623175  0.08872154 -0.06623175 -0.08872154
 -0.14324893  0.23849461 -0.14324893 -0.37956699  0.14324893 -0.76131053]
11: [-0.25824255 -0.25824255  0.06623175  0.08872154 -0.06623175 -0.08872154
 -0.1021033  -0.11724023 -0.1021033   0.0166883  -0.8978967   0.03182523]
12: [-0.25824255 -0.25824255  0.06623175  0.08872154 -0.06623175 -0.08872154
 -0.34651564 -0.64986328 -0.34651564 -0.06935181  0.34651564  0.23399583]

n = 7
m = 6
[0 1 1 1 1 1 1 1 0 0 0 0 0]
[1 0 0 0 0 0 0 0 0 0 0 0 0]
[1 0 0 0 0 0 0 0 0 0 0 0 0]
[1 0 0 0 0 0 0 0 0 0 0 0 0]
[1 0 0 0 0 0 0 0 0 0 0 0 0]
[1 0 0 0 0 0 0 0 0 0 0 0 0]
[1 0 0 0 0 0 0 0 0 0 0 0 0]
[1 0 0 0 0 0 0 0 1 0 0 0 0]
[0 0 0 0 0 0 0 1 0 1 0 0 0]
[0 0 0 0 0 0 0 0 1 0 1 0 0]
[0 0 0 0 0 0 0 0 0 1 0 1 0]
[0 0 0 0 0 0 0 0 0 0 1 0 1]
[0 0 0 0 0 0 0 0 0 0 0 1 0]

Eigenvalues: 
1: -2.68327058132166
2: -1.7787660664880305
3: -1.2062491068374943
4: -0.42545664923486914
5: 0.0
6: 0.0
7: 0.0
8: 0.0
9: 0.0
10: 0.4254566492348692
11: 1.206249106837494
12: 1.7787660664880296
13: 2.6832705813216657

Eigenvectors: 
1: [-6.92845158e-01  6.92845158e-01  9.80954107e-02  9.48509366e-02
 -9.80954107e-02  9.48509366e-02  3.66902909e-02  3.66902909e-02
  8.54364252e-32  6.58134488e-32 -8.54364252e-32 -9.04206624e-32
  8.54364252e-32]
2: [ 0.2582092   0.2582092  -0.05514801 -0.07863296 -0.05514801  0.07863296
 -0.08623744  0.08623744  0.8895134  -0.06404755  0.1104866   0.11654434
 -0.1104866 ]
3: [ 0.2582092   0.2582092  -0.05514801 -0.07863296 -0.05514801  0.07863296
 -0.08623744  0.08623744 -0.15497765  0.87024915  0.15497765 -0.06281343
 -0.15497765]
4: [ 0.2582092   0.2582092  -0.05514801 -0.07863296 -0.05514801  0.07863296
 -0.08623744  0.08623744 -0.1104866  -0.06404755  0.1104866   0.11654434
  0.8895134 ]
5: [-1.38528162e-01  1.38528162e-01 -3.76293140e-01 -5.25944943e-01
  3.76293140e-01 -5.25944943e-01 -2.50190604e-01 -2.50190604e-01
  2.78646283e-32 -1.18022507e-32 -2.78646283e-32 -4.62450244e-32
  2.78646283e-32]
6: [ 6.18727306e-02  6.18727306e-02  5.12938190e-01  2.77036721e-01
  5.12938190e-01 -2.77036721e-01 -3.95369237e-01  3.95369237e-01
 -2.04958198e-17 -7.73088389e-17  1.82887119e-17 -7.83985506e-17
 -2.04958198e-17]
7: [-2.74931153e-02  2.74931153e-02 -5.36103907e-01  1.91769646e-01
  5.36103907e-01  1.91769646e-01  4.18403075e-01  4.18403075e-01
  1.07327911e-32  2.87127610e-32 -1.07327911e-32 -4.60680106e-32
  1.07327911e-32]
8: [ 1.18987370e-02  1.18987370e-02  4.40665247e-01 -5.08358685e-01
  4.40665247e-01  5.08358685e-01  2.17356867e-01 -2.17356867e-01
  3.69485183e-18  6.57375816e-17 -9.19833670e-18 -8.15367153e-17
  3.69485183e-18]
9: [-4.43441563e-03  4.43441563e-03 -2.47736482e-01  4.21437564e-01
  2.47736482e-01  4.21437564e-01 -5.10878999e-01 -5.10878999e-01
  5.38949980e-33 -8.52416806e-32 -5.38949980e-33 -7.04843209e-32
  5.38949980e-33]
10: [ 3.09835812e-01  3.09835812e-01  1.56399278e-01  3.57383897e-01
  1.56399278e-01 -3.57383897e-01  5.01814493e-01 -5.01814493e-01
  1.34705745e-17  7.54390638e-17 -1.34705745e-17  2.07433574e-17
  1.34705745e-17]
11: [ 0.2582092   0.2582092  -0.05514801 -0.07863296 -0.05514801  0.07863296
 -0.08623744  0.08623744 -0.13749165 -0.32412115  0.13749165 -0.81949189
 -0.13749165]
12: [ 0.2582092   0.2582092  -0.05514801 -0.07863296 -0.05514801  0.07863296
 -0.08623744  0.08623744 -0.1104866  -0.06404755 -0.8895134   0.11654434
 -0.1104866 ]
13: [ 0.2582092   0.2582092  -0.05514801 -0.07863296 -0.05514801  0.07863296
 -0.08623744  0.08623744 -0.37607089 -0.35398534  0.37607089  0.53267229
 -0.37607089]

n = 8
m = 6
[0 1 1 1 1 1 1 1 0 0 0 0 0 0]
[1 0 0 0 0 0 0 0 0 0 0 0 0 0]
[1 0 0 0 0 0 0 0 0 0 0 0 0 0]
[1 0 0 0 0 0 0 0 0 0 0 0 0 0]
[1 0 0 0 0 0 0 0 0 0 0 0 0 0]
[1 0 0 0 0 0 0 0 0 0 0 0 0 0]
[1 0 0 0 0 0 0 0 0 0 0 0 0 0]
[1 0 0 0 0 0 0 0 1 0 0 0 0 0]
[0 0 0 0 0 0 0 1 0 1 0 0 0 0]
[0 0 0 0 0 0 0 0 1 0 1 0 0 0]
[0 0 0 0 0 0 0 0 0 1 0 1 0 0]
[0 0 0 0 0 0 0 0 0 0 1 0 1 0]
[0 0 0 0 0 0 0 0 0 0 0 1 0 1]
[0 0 0 0 0 0 0 0 0 0 0 0 1 0]

Eigenvalues: 
1: -2.6832793748118138
2: -1.831211027873761
3: -1.3792695452051436
4: -0.7377624887269846
5: 0.0
6: 0.0
7: 0.0
8: 0.0
9: 0.0
10: 0.0
11: 0.7377624887269838
12: 1.379269545205143
13: 1.8312110278737623
14: 2.6832793748118178

Eigenvectors: 
1: [ 6.92826141e-01 -6.92826141e-01 -8.52755795e-02 -9.64699599e-02
  5.84256889e-02 -8.52755795e-02 -5.84256889e-02 -9.64699599e-02
  3.20442698e-32  8.85391562e-32 -3.20442698e-32 -7.51254760e-32
  3.20442698e-32 -8.74068393e-32]
2: [-0.25820127 -0.25820127  0.04656786  0.06994279 -0.07919309 -0.04656786
 -0.07919309 -0.06994279  0.89404483 -0.02040728  0.10595517  0.07075099
 -0.10595517  0.11317544]
3: [-0.25820127 -0.25820127  0.04656786  0.06994279 -0.07919309 -0.04656786
 -0.07919309 -0.06994279 -0.15990382  0.82280739  0.15990382 -0.01303103
 -0.15990382 -0.29344591]
4: [-0.25820127 -0.25820127  0.04656786  0.06994279 -0.07919309 -0.04656786
 -0.07919309 -0.06994279 -0.10595517 -0.02040728 -0.89404483  0.07075099
 -0.10595517  0.11317544]
5: [ 1.38557055e-01 -1.38557055e-01  3.10971571e-01  4.91766765e-01
 -3.77179100e-01  3.10971571e-01  3.77179100e-01  4.91766765e-01
  2.06794089e-32  5.40991435e-32 -2.06794089e-32  9.07291875e-32
  2.06794089e-32 -1.26097050e-31]
6: [-0.06194881 -0.06194881 -0.44620499 -0.39168026 -0.15378565  0.44620499
 -0.15378565  0.39168026  0.0205855   0.19824979 -0.0205855  -0.20803082
  0.0205855   0.39515682]
7: [ 2.76689112e-02 -2.76689112e-02  5.06123926e-01  4.84658906e-02
  4.90636383e-01  5.06123926e-01 -4.90636383e-01  4.84658906e-02
 -1.25490896e-33 -1.31358983e-31  1.25490896e-33  4.82650920e-33
 -1.25490896e-33  6.40603772e-33]
8: [-0.01229461 -0.01229461 -0.48061473  0.32483273 -0.20818747  0.48061473
 -0.20818747 -0.32483273 -0.0205855  -0.19824979  0.0205855   0.20803082
 -0.0205855  -0.39515682]
9: [ 5.32095652e-03 -5.32095652e-03  3.73983060e-01 -4.96497788e-01
 -3.37043476e-01  3.73983060e-01  3.37043476e-01 -4.96497788e-01
 -6.99879882e-33 -9.89254719e-32  6.99879882e-33  5.05248029e-32
 -6.99879882e-33  9.21221645e-32]
10: [-0.00198301 -0.00198301 -0.20422718  0.35997154  0.4568455   0.20422718
  0.4568455  -0.35997154  0.0205855   0.19824979 -0.0205855  -0.20803082
  0.0205855   0.39515682]
11: [-0.25820127 -0.25820127  0.04656786  0.06994279 -0.07919309 -0.04656786
 -0.07919309 -0.06994279 -0.10595517 -0.02040728  0.10595517  0.07075099
  0.89404483  0.11317544]
12: [-0.30983848 -0.30983848 -0.12324958 -0.28659866  0.43205424  0.12324958
  0.43205424  0.28659866 -0.0205855  -0.19824979  0.0205855   0.20803082
 -0.0205855  -0.39515682]
13: [-0.25820127 -0.25820127  0.04656786  0.06994279 -0.07919309 -0.04656786
 -0.07919309 -0.06994279 -0.13870076 -0.33576558  0.13870076 -0.80727296
 -0.13870076 -0.13363436]
14: [-0.25820127 -0.25820127  0.04656786  0.06994279 -0.07919309 -0.04656786
 -0.07919309 -0.06994279 -0.36294443 -0.22757019  0.36294443  0.40002021
 -0.36294443  0.48271076]

n = 6
m = 7
[0 1 1 1 1 1 1 1 1 0 0 0 0]
[1 0 0 0 0 0 0 0 0 0 0 0 0]
[1 0 0 0 0 0 0 0 0 0 0 0 0]
[1 0 0 0 0 0 0 0 0 0 0 0 0]
[1 0 0 0 0 0 0 0 0 0 0 0 0]
[1 0 0 0 0 0 0 0 0 0 0 0 0]
[1 0 0 0 0 0 0 0 0 0 0 0 0]
[1 0 0 0 0 0 0 0 0 0 0 0 0]
[1 0 0 0 0 0 0 0 0 1 0 0 0]
[0 0 0 0 0 0 0 0 1 0 1 0 0]
[0 0 0 0 0 0 0 0 0 1 0 1 0]
[0 0 0 0 0 0 0 0 0 0 1 0 1]
[0 0 0 0 0 0 0 0 0 0 0 1 0]

Eigenvalues: 
1: -2.8577167627406017
2: -1.704887036628604
3: -0.9627123642537909
4: 0.0
5: 0.0
6: 0.0
7: 0.0
8: 0.0
9: 0.0
10: 0.0
11: 0.9627123642537914
12: 1.7048870366286006
13: 2.857716762740604

Eigenvectors: 
1: [ 6.97252189e-01 -6.97252189e-01 -9.24480738e-02 -7.27512096e-02
 -9.24480738e-02 -7.27512096e-02  3.69933540e-33  3.69933540e-33
 -3.87838477e-33  3.69933540e-33 -4.14102589e-34 -3.69933540e-33
  7.46892895e-33]
2: [-0.24398926 -0.24398926  0.05422534  0.075569   -0.05422534 -0.075569
 -0.09091584 -0.09091584 -0.10644031  0.90908416  0.01409227  0.09091584
  0.02961674]
3: [-0.24398926 -0.24398926  0.05422534  0.075569   -0.05422534 -0.075569
 -0.15177842 -0.15177842  0.49174312 -0.15177842  0.72339389  0.15177842
  0.07987236]
4: [-0.24398926 -0.24398926  0.05422534  0.075569   -0.05422534 -0.075569
  0.90908416 -0.09091584 -0.10644031 -0.09091584  0.01409227  0.09091584
  0.02961674]
5: [-0.24398926 -0.24398926  0.05422534  0.075569   -0.05422534 -0.075569
 -0.09091584  0.90908416 -0.10644031 -0.09091584  0.01409227  0.09091584
  0.02961674]
6: [-0.28462447 -0.28462447 -0.22196384 -0.4589445   0.22196384  0.4589445
 -0.03030528 -0.03030528  0.29785323 -0.03030528 -0.32863591  0.03030528
  0.34320558]
7: [ 1.16123933e-01 -1.16123933e-01  4.70871339e-01  5.14582758e-01
  4.70871339e-01  5.14582758e-01  3.09952196e-33  3.09952196e-33
 -3.26876399e-32  3.09952196e-33 -1.86813975e-32 -3.09952196e-33
  5.60986936e-32]
8: [-0.04722484 -0.04722484 -0.58081861 -0.03645068  0.58081861  0.03645068
  0.03030528  0.03030528 -0.29785323  0.03030528  0.32863591 -0.03030528
 -0.34320558]
9: [ 1.88312793e-02 -1.88312793e-02  5.19358774e-01 -4.79491238e-01
  5.19358774e-01 -4.79491238e-01 -3.54588430e-33 -3.54588430e-33
  1.55722834e-32 -3.54588430e-33  7.30718355e-32  3.54588430e-33
  1.69822635e-32]
10: [-0.00658962 -0.00658962 -0.30462943  0.49806282  0.30462943 -0.49806282
 -0.03030528 -0.03030528  0.29785323 -0.03030528 -0.32863591  0.03030528
  0.34320558]
11: [-0.24398926 -0.24398926  0.05422534  0.075569   -0.05422534 -0.075569
 -0.12761735 -0.12761735  0.25427787 -0.12761735 -0.38390558  0.12761735
 -0.76580081]
12: [-0.24398926 -0.24398926  0.05422534  0.075569   -0.05422534 -0.075569
 -0.09091584 -0.09091584 -0.10644031 -0.09091584  0.01409227 -0.90908416
  0.02961674]
13: [-0.24398926 -0.24398926  0.05422534  0.075569   -0.05422534 -0.075569
 -0.32663559 -0.32663559 -0.61811299 -0.32663559 -0.06722148  0.32663559
  0.22425592]

n = 7
m = 7
[0 1 1 1 1 1 1 1 1 0 0 0 0 0]
[1 0 0 0 0 0 0 0 0 0 0 0 0 0]
[1 0 0 0 0 0 0 0 0 0 0 0 0 0]
[1 0 0 0 0 0 0 0 0 0 0 0 0 0]
[1 0 0 0 0 0 0 0 0 0 0 0 0 0]
[1 0 0 0 0 0 0 0 0 0 0 0 0 0]
[1 0 0 0 0 0 0 0 0 0 0 0 0 0]
[1 0 0 0 0 0 0 0 0 0 0 0 0 0]
[1 0 0 0 0 0 0 0 0 1 0 0 0 0]
[0 0 0 0 0 0 0 0 1 0 1 0 0 0]
[0 0 0 0 0 0 0 0 0 1 0 1 0 0]
[0 0 0 0 0 0 0 0 0 0 1 0 1 0]
[0 0 0 0 0 0 0 0 0 0 0 1 0 1]
[0 0 0 0 0 0 0 0 0 0 0 0 1 0]

Eigenvalues: 
1: -2.8577344885272074
2: -1.783167844264333
3: -1.2125702168505712
4: -0.4281816220610403
5: 0.0
6: 0.0
7: 0.0
8: 0.0
9: 0.0
10: 0.0
11: 0.42818162206104016
12: 1.2125702168505714
13: 1.7831678442643333
14: 2.8577344885272

Eigenvectors: 
1: [-6.97223815e-01  6.97223815e-01  7.98827473e-02  8.05785006e-02
 -7.98827473e-02  8.05785006e-02  3.16986372e-02 -3.16986372e-02
 -2.36373101e-32 -1.40860757e-32  1.76172207e-32  1.40860757e-32
  6.07849963e-33 -1.40860757e-32]
2: [ 0.24397781  0.24397781 -0.04479822 -0.06645265 -0.04479822  0.06645265
 -0.07403082 -0.07403082 -0.1116186   0.90961103  0.01980573  0.09038897
  0.02364998 -0.09038897]
3: [ 0.24397781  0.24397781 -0.04479822 -0.06645265 -0.04479822  0.06645265
 -0.07403082 -0.07403082  0.45606569 -0.14814839  0.76275852  0.14814839
  0.03876255 -0.14814839]
4: [ 0.24397781  0.24397781 -0.04479822 -0.06645265 -0.04479822  0.06645265
 -0.07403082 -0.07403082 -0.1116186  -0.09038897  0.01980573  0.09038897
  0.02364998  0.90961103]
5: [ 2.84635841e-01  2.84635841e-01  1.71143201e-01  3.67461439e-01
  1.71143201e-01 -3.67461439e-01  5.04642976e-01  5.04642976e-01
  2.14700487e-17  2.02606362e-17 -8.04743708e-17 -6.38284842e-18
 -4.78545212e-17 -8.11687938e-18]
6: [-1.16189844e-01  1.16189844e-01 -3.85059801e-01 -5.26151297e-01
  3.85059801e-01 -5.26151297e-01 -2.47777485e-01  2.47777485e-01
  1.20797128e-32 -4.18377477e-33 -4.64366794e-32  4.18377477e-33
 -2.57027688e-32 -4.18377477e-33]
7: [ 4.74038826e-02  4.74038826e-02  5.15483053e-01  2.70533954e-01
  5.15483053e-01 -2.70533954e-01 -3.98549211e-01 -3.98549211e-01
 -2.72218391e-17  4.42019679e-18 -1.51583984e-16  5.07436874e-18
  2.82604815e-17 -5.07436874e-18]
8: [-1.92778665e-02  1.92778665e-02 -5.34133004e-01  1.98109882e-01
  5.34133004e-01  1.98109882e-01  4.18428933e-01 -4.18428933e-01
  4.40331844e-33 -1.34933868e-33  2.85389389e-32  1.34933868e-33
  8.11633546e-32 -1.34933868e-33]
9: [ 7.68714135e-03  7.68714135e-03  4.36965745e-01 -5.10756097e-01
  4.36965745e-01  5.10756097e-01  2.19385632e-01  2.19385632e-01
  3.23787342e-17 -6.42976069e-19  5.71157705e-18  6.42976069e-19
  6.43449008e-17  4.87634188e-18]
10: [-2.68994246e-03  2.68994246e-03 -2.45050260e-01  4.21217749e-01
  2.45050260e-01  4.21217749e-01 -5.12365828e-01  5.12365828e-01
  7.20855861e-32 -5.75083576e-33  9.07542350e-32  5.75083576e-33
  2.23255124e-32 -5.75083576e-33]
11: [ 0.24397781  0.24397781 -0.04479822 -0.06645265 -0.04479822  0.06645265
 -0.07403082 -0.07403082  0.3894961  -0.14137523 -0.53309841  0.14137523
  0.60106644 -0.14137523]
12: [ 0.24397781  0.24397781 -0.04479822 -0.06645265 -0.04479822  0.06645265
 -0.07403082 -0.07403082  0.23070791 -0.12521921 -0.3578997   0.12521921
 -0.79295962 -0.12521921]
13: [ 0.24397781  0.24397781 -0.04479822 -0.06645265 -0.04479822  0.06645265
 -0.07403082 -0.07403082 -0.1116186  -0.09038897  0.01980573 -0.90961103
  0.02364998 -0.09038897]
14: [ 0.24397781  0.24397781 -0.04479822 -0.06645265 -0.04479822  0.06645265
 -0.07403082 -0.07403082 -0.74141392 -0.31409026  0.0688224   0.31409026
  0.08218069 -0.31409026]

n = 8
m = 7
[0 1 1 1 1 1 1 1 1 0 0 0 0 0 0]
[1 0 0 0 0 0 0 0 0 0 0 0 0 0 0]
[1 0 0 0 0 0 0 0 0 0 0 0 0 0 0]
[1 0 0 0 0 0 0 0 0 0 0 0 0 0 0]
[1 0 0 0 0 0 0 0 0 0 0 0 0 0 0]
[1 0 0 0 0 0 0 0 0 0 0 0 0 0 0]
[1 0 0 0 0 0 0 0 0 0 0 0 0 0 0]
[1 0 0 0 0 0 0 0 0 0 0 0 0 0 0]
[1 0 0 0 0 0 0 0 0 1 0 0 0 0 0]
[0 0 0 0 0 0 0 0 1 0 1 0 0 0 0]
[0 0 0 0 0 0 0 0 0 1 0 1 0 0 0]
[0 0 0 0 0 0 0 0 0 0 1 0 1 0 0]
[0 0 0 0 0 0 0 0 0 0 0 1 0 1 0]
[0 0 0 0 0 0 0 0 0 0 0 0 1 0 1]
[0 0 0 0 0 0 0 0 0 0 0 0 0 1 0]

Eigenvalues: 
1: -2.8577374424722355
2: -1.8344231750979767
3: -1.384942663704157
4: -0.7417291573126485
5: 0.0
6: 0.0
7: 0.0
8: 0.0
9: 0.0
10: 0.0
11: 0.0
12: 0.7417291573126485
13: 1.3849426637041575
14: 1.8344231750979778
15: 2.8577374424722386

Eigenvectors: 
1: [ 6.97218078e-01 -6.97218078e-01 -6.90136564e-02 -8.12534525e-02
  5.02189513e-02 -6.90136564e-02 -5.02189513e-02  8.12534525e-02
  1.26776022e-32 -7.14103749e-33 -3.16722346e-33  7.14103749e-33
  2.62456489e-33 -7.14103749e-33 -1.21293543e-32]
2: [-0.24397555 -0.24397555  0.03762145  0.05866918 -0.06770524 -0.03762145
 -0.06770524  0.05866918 -0.11941308  0.91040408  0.02840576  0.08959592
  0.01466868 -0.08959592 -0.04355424]
3: [-0.24397555 -0.24397555  0.03762145  0.05866918 -0.06770524 -0.03762145
 -0.06770524  0.05866918  0.46338702 -0.14889331  0.75468055  0.14889331
  0.04719865 -0.14889331 -0.09520158]
4: [-0.24397555 -0.24397555  0.03762145  0.05866918 -0.06770524 -0.03762145
 -0.06770524  0.05866918 -0.11941308 -0.08959592  0.02840576 -0.91040408
  0.01466868 -0.08959592 -0.04355424]
5: [-0.28463732 -0.28463732 -0.13674989 -0.2981529   0.43668783  0.13674989
  0.43668783 -0.2981529   0.22014673 -0.02239898 -0.24289856  0.02239898
  0.25366717 -0.02239898 -0.26088856]
6: [ 1.16200659e-01 -1.16200659e-01  3.19870817e-01  4.94178121e-01
 -3.74123044e-01  3.19870817e-01  3.74123044e-01 -4.94178121e-01
 -1.18516990e-32  3.87636211e-33  9.53326798e-32 -3.87636211e-33
 -8.00487947e-34  3.87636211e-33 -2.34580433e-32]
7: [-0.04743365 -0.04743365 -0.45002855 -0.38625547 -0.15918986  0.45002855
 -0.15918986 -0.38625547 -0.22014673  0.02239898  0.24289856 -0.02239898
 -0.25366717  0.02239898  0.26088856]
8: [ 1.93522589e-02 -1.93522589e-02  5.05671991e-01  4.07635522e-02
  4.92198801e-01  5.05671991e-01 -4.92198801e-01 -4.07635522e-02
  2.35152787e-32  8.69338993e-34 -5.93079552e-32 -8.69338993e-34
  3.97010819e-32  8.69338993e-34  3.84904081e-33]
9: [-0.00787002 -0.00787002 -0.47758787  0.32980028 -0.20588835  0.47758787
 -0.20588835  0.32980028  0.22014673 -0.02239898 -0.24289856  0.02239898
  0.25366717 -0.02239898 -0.26088856]
10: [ 3.13820587e-03 -3.13820587e-03  3.70426258e-01 -4.97518034e-01
 -3.39485411e-01  3.70426258e-01  3.39485411e-01  4.97518034e-01
  3.83511956e-32 -3.98460747e-33 -2.79170703e-32  3.98460747e-33
 -1.02368503e-31 -3.98460747e-33 -1.56347736e-32]
11: [-0.00109814 -0.00109814 -0.20193065  0.35923367  0.45769458  0.20193065
  0.45769458  0.35923367 -0.22014673  0.02239898  0.24289856 -0.02239898
 -0.25366717  0.02239898  0.26088856]
12: [-0.24397555 -0.24397555  0.03762145  0.05866918 -0.06770524 -0.03762145
 -0.06770524  0.05866918 -0.11941308 -0.08959592  0.02840576  0.08959592
  0.01466868  0.91040408 -0.04355424]
13: [-0.24397555 -0.24397555  0.03762145  0.05866918 -0.06770524 -0.03762145
 -0.06770524  0.05866918  0.13334201 -0.11531265 -0.25047118  0.11531265
  0.30590928 -0.11531265  0.80503512]
14: [-0.24397555 -0.24397555  0.03762145  0.05866918 -0.06770524 -0.03762145
 -0.06770524  0.05866918  0.2320286  -0.12535359 -0.35935689  0.12535359
 -0.79143784 -0.12535359 -0.07469876]
15: [-0.24397555 -0.24397555  0.03762145  0.05866918 -0.06770524 -0.03762145
 -0.06770524  0.05866918 -0.69066513 -0.31925373  0.01282881  0.31925373
  0.1406567  -0.31925373 -0.24358352]

n = 6
m = 8
[0 1 1 1 1 1 1 1 1 1 0 0 0 0]
[1 0 0 0 0 0 0 0 0 0 0 0 0 0]
[1 0 0 0 0 0 0 0 0 0 0 0 0 0]
[1 0 0 0 0 0 0 0 0 0 0 0 0 0]
[1 0 0 0 0 0 0 0 0 0 0 0 0 0]
[1 0 0 0 0 0 0 0 0 0 0 0 0 0]
[1 0 0 0 0 0 0 0 0 0 0 0 0 0]
[1 0 0 0 0 0 0 0 0 0 0 0 0 0]
[1 0 0 0 0 0 0 0 0 0 0 0 0 0]
[1 0 0 0 0 0 0 0 0 0 1 0 0 0]
[0 0 0 0 0 0 0 0 0 1 0 1 0 0]
[0 0 0 0 0 0 0 0 0 0 1 0 1 0]
[0 0 0 0 0 0 0 0 0 0 0 1 0 1]
[0 0 0 0 0 0 0 0 0 0 0 0 1 0]

Eigenvalues: 
1: -3.023706342348162
2: -1.709129877473462
3: -0.9675096987478015
4: 0.0
5: 0.0
6: 0.0
7: 0.0
8: 0.0
9: 0.0
10: 0.0
11: 0.0
12: 0.9675096987478
13: 1.7091298774734582
14: 3.0237063423481634

Eigenvectors: 
1: [ 6.99868539e-01 -6.99868539e-01 -7.83237158e-02 -6.36350821e-02
 -7.83237158e-02 -6.36350821e-02 -2.69963722e-33 -2.69963722e-33
 -2.69963722e-33 -2.76256518e-32 -2.69963722e-33 -3.63822290e-33
  2.69963722e-33 -1.06809608e-33]
2: [-0.23146049 -0.23146049  0.04582666  0.06577204 -0.04582666 -0.06577204
 -0.08204087 -0.08204087 -0.08204087 -0.09755046  0.91795913  0.01214303
  0.08204087  0.02765263]
3: [-0.23146049 -0.23146049  0.04582666  0.06577204 -0.04582666 -0.06577204
 -0.13731262 -0.13731262 -0.13731262  0.51043887 -0.13731262  0.72098239
  0.13731262  0.07323089]
4: [-0.23146049 -0.23146049  0.04582666  0.06577204 -0.04582666 -0.06577204
  0.91795913 -0.08204087 -0.08204087 -0.09755046 -0.08204087  0.01214303
  0.08204087  0.02765263]
5: [-0.23146049 -0.23146049  0.04582666  0.06577204 -0.04582666 -0.06577204
 -0.08204087  0.91795913 -0.08204087 -0.09755046 -0.08204087  0.01214303
  0.08204087  0.02765263]
6: [-0.23146049 -0.23146049  0.04582666  0.06577204 -0.04582666 -0.06577204
 -0.08204087 -0.08204087  0.91795913 -0.09755046 -0.08204087  0.01214303
  0.08204087  0.02765263]
7: [-0.26451305 -0.26451305 -0.23274789 -0.46460872  0.23274789  0.46460872
 -0.02734696 -0.02734696 -0.02734696  0.30081651 -0.02734696 -0.32928566
  0.02734696  0.34255088]
8: [ 9.99412587e-02 -9.99412587e-02  4.76120083e-01  5.13148528e-01
  4.76120083e-01  5.13148528e-01 -2.75104530e-34 -2.75104530e-34
 -2.75104530e-34  8.02296205e-32 -2.75104530e-34  3.16816616e-32
  2.75104530e-34  5.29983646e-32]
9: [-0.03767996 -0.03767996 -0.58100317 -0.03186745  0.58100317  0.03186745
  0.02734696  0.02734696  0.02734696 -0.30081651  0.02734696  0.32928566
 -0.02734696 -0.34255088]
10: [ 1.39918881e-02 -1.39918881e-02  5.16889797e-01 -4.82316457e-01
  5.16889797e-01 -4.82316457e-01 -3.10401725e-33 -3.10401725e-33
 -3.10401725e-33 -3.46936326e-32 -3.10401725e-33  4.55224102e-32
  3.10401725e-33  6.07007268e-32]
11: [-0.0046274  -0.0046274  -0.30242862  0.4985133   0.30242862 -0.4985133
 -0.02734696 -0.02734696 -0.02734696  0.30081651 -0.02734696 -0.32928566
  0.02734696  0.34255088]
12: [-0.23146049 -0.23146049  0.04582666  0.06577204 -0.04582666 -0.06577204
 -0.11520392 -0.11520392 -0.11520392  0.26724314 -0.11520392 -0.38717448
  0.11520392 -0.76962154]
13: [-0.23146049 -0.23146049  0.04582666  0.06577204 -0.04582666 -0.06577204
 -0.08204087 -0.08204087 -0.08204087 -0.09755046 -0.08204087  0.01214303
 -0.91795913  0.02765263]
14: [-0.23146049 -0.23146049  0.04582666  0.06577204 -0.04582666 -0.06577204
 -0.30993216 -0.30993216 -0.30993216 -0.5907462  -0.30993216 -0.06523743
  0.30993216  0.21557661]

n = 7
m = 8
[0 1 1 1 1 1 1 1 1 1 0 0 0 0 0]
[1 0 0 0 0 0 0 0 0 0 0 0 0 0 0]
[1 0 0 0 0 0 0 0 0 0 0 0 0 0 0]
[1 0 0 0 0 0 0 0 0 0 0 0 0 0 0]
[1 0 0 0 0 0 0 0 0 0 0 0 0 0 0]
[1 0 0 0 0 0 0 0 0 0 0 0 0 0 0]
[1 0 0 0 0 0 0 0 0 0 0 0 0 0 0]
[1 0 0 0 0 0 0 0 0 0 0 0 0 0 0]
[1 0 0 0 0 0 0 0 0 0 0 0 0 0 0]
[1 0 0 0 0 0 0 0 0 0 1 0 0 0 0]
[0 0 0 0 0 0 0 0 0 1 0 1 0 0 0]
[0 0 0 0 0 0 0 0 0 0 1 0 1 0 0]
[0 0 0 0 0 0 0 0 0 0 0 1 0 1 0]
[0 0 0 0 0 0 0 0 0 0 0 0 1 0 1]
[0 0 0 0 0 0 0 0 0 0 0 0 0 1 0]

Eigenvalues: 
1: -3.0237144353134258
2: -1.7861797247492923
3: -1.2172118790779853
4: -0.4302420783735408
5: 0.0
6: 0.0
7: 0.0
8: 0.0
9: 0.0
10: 0.0
11: 0.0
12: 0.43024207837354084
13: 1.2172118790779842
14: 1.7861797247492959
15: 3.023714435313423

Eigenvectors: 
1: [-6.99856675e-01  6.99856675e-01  6.72755613e-02  6.99734791e-02
 -6.72755613e-02  6.99734791e-02  2.78988451e-02 -2.78988451e-02
 -9.31294532e-33 -3.62956880e-32 -9.31294532e-33  5.14821519e-33
  9.31294532e-33 -8.59261020e-34 -9.31294532e-33]
2: [ 0.23145594  0.23145594 -0.0376645  -0.05748669 -0.0376645   0.05748669
 -0.06484453 -0.06484453 -0.08151839 -0.10329772  0.91848161  0.01843421
  0.08151839  0.02110802 -0.08151839]
3: [ 0.23145594  0.23145594 -0.0376645  -0.05748669 -0.0376645   0.05748669
 -0.06484453 -0.06484453 -0.13424136  0.47665494 -0.13424136  0.75796362
  0.13424136  0.03475988 -0.13424136]
4: [ 0.23145594  0.23145594 -0.0376645  -0.05748669 -0.0376645   0.05748669
 -0.06484453 -0.06484453 -0.08151839 -0.10329772 -0.08151839  0.01843421
  0.08151839  0.02110802  0.91848161]
5: [ 0.23145594  0.23145594 -0.0376645  -0.05748669 -0.0376645   0.05748669
 -0.06484453 -0.06484453  0.91848161 -0.10329772 -0.08151839  0.01843421
  0.08151839  0.02110802 -0.08151839]
6: [ 2.64519189e-01  2.64519189e-01  1.81149734e-01  3.74720951e-01
  1.81149734e-01 -3.74720951e-01  5.06752978e-01  5.06752978e-01
  2.07867341e-17 -9.11781455e-17  2.07867341e-17  9.59477745e-17
 -2.07867341e-17  7.34903636e-17  6.90894632e-18]
7: [-9.99738166e-02  9.99738166e-02 -3.90841544e-01 -5.26088272e-01
  3.90841544e-01 -5.26088272e-01 -2.45925300e-01  2.45925300e-01
  2.31457569e-33  1.12154985e-32  2.31457569e-33 -2.81770606e-32
 -2.31457569e-33 -8.57550974e-33  2.31457569e-33]
8: [ 3.77730829e-02  3.77730829e-02  5.16963507e-01  2.65639943e-01
  5.16963507e-01 -2.65639943e-01 -4.00945566e-01 -4.00945566e-01
 -5.42028139e-18  1.17825823e-16 -5.42028139e-18 -4.88824007e-17
  5.42028139e-18 -7.40358657e-17 -1.01804412e-17]
9: [-1.42411995e-02  1.42411995e-02 -5.32548191e-01  2.02748178e-01
  5.32548191e-01  2.02748178e-01  4.18428953e-01 -4.18428953e-01
 -4.74044460e-33 -2.51932547e-32 -4.74044460e-33 -1.41851693e-31
  4.74044460e-33 -2.10321151e-32 -4.74044460e-33]
10: [ 5.28823765e-03  5.28823765e-03  4.34263274e-01 -5.12427434e-01
  4.34263274e-01  5.12427434e-01  2.20919824e-01  2.20919824e-01
 -1.13322570e-18 -3.67111792e-17 -1.13322570e-18  1.65274351e-17
  1.13322570e-18  1.95205507e-17 -1.13322570e-18]
11: [-1.74892099e-03  1.74892099e-03 -2.43124064e-01  4.20984582e-01
  2.43124064e-01  4.20984582e-01 -5.13477957e-01  5.13477957e-01
  8.34471094e-33 -3.91247214e-32  8.34471094e-33 -4.65901689e-32
 -8.34471094e-33 -4.17580264e-32  8.34471094e-33]
12: [ 0.23145594  0.23145594 -0.0376645  -0.05748669 -0.0376645   0.05748669
 -0.06484453 -0.06484453 -0.12763215  0.40395369 -0.12763215 -0.53682326
  0.12763215  0.59873395 -0.12763215]
13: [ 0.23145594  0.23145594 -0.0376645  -0.05748669 -0.0376645   0.05748669
 -0.06484453 -0.06484453 -0.11315217  0.24467388 -0.11315217 -0.36246927
  0.11315217 -0.79532199 -0.11315217]
14: [ 0.23145594  0.23145594 -0.0376645  -0.05748669 -0.0376645   0.05748669
 -0.06484453 -0.06484453 -0.08151839 -0.10329772 -0.08151839  0.01843421
 -0.91848161  0.02110802 -0.08151839]
15: [ 0.23145594  0.23145594 -0.0376645  -0.05748669 -0.0376645   0.05748669
 -0.06484453 -0.06484453 -0.29890076 -0.71209164 -0.29890076  0.06759209
  0.29890076  0.07739608 -0.29890076]

n = 8
m = 8
[0 1 1 1 1 1 1 1 1 1 0 0 0 0 0 0]
[1 0 0 0 0 0 0 0 0 0 0 0 0 0 0 0]
[1 0 0 0 0 0 0 0 0 0 0 0 0 0 0 0]
[1 0 0 0 0 0 0 0 0 0 0 0 0 0 0 0]
[1 0 0 0 0 0 0 0 0 0 0 0 0 0 0 0]
[1 0 0 0 0 0 0 0 0 0 0 0 0 0 0 0]
[1 0 0 0 0 0 0 0 0 0 0 0 0 0 0 0]
[1 0 0 0 0 0 0 0 0 0 0 0 0 0 0 0]
[1 0 0 0 0 0 0 0 0 0 0 0 0 0 0 0]
[1 0 0 0 0 0 0 0 0 0 1 0 0 0 0 0]
[0 0 0 0 0 0 0 0 0 1 0 1 0 0 0 0]
[0 0 0 0 0 0 0 0 0 0 1 0 1 0 0 0]
[0 0 0 0 0 0 0 0 0 0 0 1 0 1 0 0]
[0 0 0 0 0 0 0 0 0 0 0 0 1 0 1 0]
[0 0 0 0 0 0 0 0 0 0 0 0 0 1 0 1]
[0 0 0 0 0 0 0 0 0 0 0 0 0 0 1 0]

Eigenvalues: 
1: -3.023715591395135
2: -1.8366001437254948
3: -1.3890501839217493
4: -0.7447036464046766
5: 0.0
6: 0.0
7: 0.0
8: 0.0
9: 0.0
10: 0.0
11: 0.0
12: 0.0
13: 0.7447036464046766
14: 1.38905018392175
15: 1.836600143725496
16: 3.023715591395134

Eigenvectors: 
1: [ 6.99854624e-01 -6.99854624e-01 -5.78898855e-02 -7.01042508e-02
  4.40188725e-02 -5.78898855e-02 -4.40188725e-02  7.01042508e-02
 -1.38007847e-32 -3.53022380e-32 -1.38007847e-32 -4.06884591e-34
  1.38007847e-32  2.26872680e-32 -1.38007847e-32 -2.32502883e-32]
2: [-0.23145518 -0.23145518  0.03152014  0.0504692  -0.05910925 -0.03152014
 -0.05910925  0.0504692  -0.08094292 -0.10962787  0.91905708  0.02536344
  0.08094292  0.01389965 -0.08094292 -0.04014874]
3: [-0.23145518 -0.23145518  0.03152014  0.0504692  -0.05910925 -0.03152014
 -0.05910925  0.0504692  -0.13492966  0.48422628 -0.13492966  0.74967574
  0.13492966  0.04338164 -0.13492966 -0.08713817]
4: [-0.23145518 -0.23145518  0.03152014  0.0504692  -0.05910925 -0.03152014
 -0.05910925  0.0504692  -0.08094292 -0.10962787 -0.08094292  0.02536344
 -0.91905708  0.01389965 -0.08094292 -0.04014874]
5: [-0.23145518 -0.23145518  0.03152014  0.0504692  -0.05910925 -0.03152014
 -0.05910925  0.0504692   0.91905708 -0.10962787 -0.08094292  0.02536344
  0.08094292  0.01389965 -0.08094292 -0.04014874]
6: [-0.26451993 -0.26451993 -0.14584051 -0.30637527  0.44009297  0.14584051
  0.44009297 -0.30637527 -0.02023573  0.22259303 -0.02023573 -0.24365914
  0.02023573  0.25347491 -0.02023573 -0.26003718]
7: [ 9.99784165e-02 -9.99784165e-02  3.25740592e-01  4.95674880e-01
 -3.71757712e-01  3.25740592e-01  3.71757712e-01 -4.95674880e-01
 -1.44623433e-32  3.28338179e-32 -1.44623433e-32  1.43767774e-32
  1.44623433e-32 -8.86285339e-32 -1.44623433e-32 -4.15159736e-33]
8: [-0.03778637 -0.03778637 -0.4524147  -0.38214201 -0.16324365  0.4524147
 -0.16324365 -0.38214201  0.02023573 -0.22259303  0.02023573  0.24365914
 -0.02023573 -0.25347491  0.02023573  0.26003718]
9: [ 1.42768061e-02 -1.42768061e-02  5.05164320e-01  3.51395497e-02
  4.93325850e-01  5.05164320e-01 -4.93325850e-01 -3.51395497e-02
 -5.69681758e-33  1.74442667e-33 -5.69681758e-33 -4.90960624e-32
  5.69681758e-33 -7.42380148e-32 -5.69681758e-33 -5.24046769e-33]
10: [-0.00538264 -0.00538264 -0.47537016  0.33333141 -0.20413791  0.47537016
 -0.20413791  0.33333141 -0.02023573  0.22259303 -0.02023573 -0.24365914
  0.02023573  0.25347491 -0.02023573 -0.26003718]
11: [ 1.99875318e-03 -1.99875318e-03  3.67900581e-01 -4.98153610e-01
 -3.41303602e-01  3.67900581e-01  3.41303602e-01  4.98153610e-01
  3.02355612e-33  9.30684222e-33  3.02355612e-33 -1.13495794e-32
 -3.02355612e-33 -2.07500757e-32  3.02355612e-33  1.26746710e-33]
12: [-0.00066103 -0.00066103 -0.2003161   0.35862895  0.45830795  0.2003161
  0.45830795  0.35862895  0.02023573 -0.22259303  0.02023573  0.24365914
 -0.02023573 -0.25347491  0.02023573  0.26003718]
13: [-0.23145518 -0.23145518  0.03152014  0.0504692  -0.05910925 -0.03152014
 -0.05910925  0.0504692  -0.08094292 -0.10962787 -0.08094292  0.02536344
  0.08094292  0.01389965  0.91905708 -0.04014874]
14: [-0.23145518 -0.23145518  0.03152014  0.0504692  -0.05910925 -0.03152014
 -0.05910925  0.0504692  -0.10419201  0.14611206 -0.10419201 -0.2545796
  0.10419201  0.30512015 -0.10419201  0.81000381]
15: [-0.23145518 -0.23145518  0.03152014  0.0504692  -0.05910925 -0.03152014
 -0.05910925  0.0504692  -0.11333497  0.24668462 -0.11333497 -0.36467031
  0.11333497 -0.79303229 -0.11333497 -0.0683424 ]
16: [-0.23145518 -0.23145518  0.03152014  0.0504692  -0.05910925 -0.03152014
 -0.05910925  0.0504692  -0.30353595 -0.66110451 -0.30353595  0.01177956
  0.30353595  0.13545701 -0.30353595 -0.23389111]

