Tables using graphs: 
  n    |V|   |E|   deg   alpha   sigma
  2    3     3     2     1       1
  3    4     5     3     2       2
  4    5     7     4     2       1
  5    6     9     5     3       1
  6    7     11    6     3       1
  7    8     13    7     4       1
  8    9     15    8     4       1
  9    10    17    9     5       1
  10   11    19    10    5       1

Table using formulas: 
  n    deg   alpha   sigma
  2    2     1       1
  3    3     2       2
  4    4     2       1
  5    5     3       1
  6    6     3       1
  7    7     4       1
  8    8     4       1
  9    9     5       1
  10   10    5       1

Adjacency matrices: 
n = 6
[0 1 1 1 1 1 1]
[1 0 1 0 0 0 0]
[1 1 0 1 0 0 0]
[1 0 1 0 1 0 0]
[1 0 0 1 0 1 0]
[1 0 0 0 1 0 1]
[1 0 0 0 0 1 0]

Eigenvalues: 
1: -1.824820604693285
2: -1.8019377358048376
3: -1.1766191664993102
4: -0.44504186791262884
5: 0.5378738621761312
6: 1.246979603717467
7: 3.463565909016462

Eigenvectors: 
1: [ 0.26699476 -0.37537621  0.29039057  0.45108737 -0.41790651  0.52112089
 -0.23192061]
2: [ 0.26699476 -0.37537621  0.29039057  0.45108737  0.41790651 -0.52112089
  0.23192061]
3: [ 0.35109168 -0.08138351 -0.59839737  0.10969024 -0.52112089 -0.23192061
  0.41790651]
4: [ 0.35109168 -0.08138351 -0.59839737  0.10969024  0.52112089  0.23192061
 -0.41790651]
5: [ 0.37537212 -0.24249124  0.15697699 -0.52502571 -0.23192061 -0.41790651
 -0.52112089]
6: [ 0.37537212 -0.24249124  0.15697699 -0.52502571  0.23192061  0.41790651
  0.52112089]
7: [ 5.73662279e-01  7.66377749e-01  2.56718252e-01  1.32937860e-01
  2.79814959e-17  1.70112668e-16 -5.22378674e-15]

n = 7
[0 1 1 1 1 1 1 1]
[1 0 1 0 0 0 0 0]
[1 1 0 1 0 0 0 0]
[1 0 1 0 1 0 0 0]
[1 0 0 1 0 1 0 0]
[1 0 0 0 1 0 1 0]
[1 0 0 0 0 1 0 1]
[1 0 0 0 0 0 1 0]

Eigenvalues: 
1: -1.999999999999998
2: -1.807520659152729
3: -1.4142135623730954
4: -0.7128383091953897
5: 2.966722292601198e-17
6: 0.8445686601272613
7: 1.4142135623730958
8: 3.67579030822086

Eigenvectors: 
1: [-0.33691037  0.30402281  0.23467173  0.35355339  0.33762511 -0.35355339
 -0.35355339  0.5       ]
2: [-3.41361667e-01  5.99471674e-01 -4.43680743e-01 -6.55317744e-16
 -5.72060593e-01 -8.48311222e-18 -3.31362912e-16  1.06248120e-16]
3: [-3.16097016e-01 -2.40952901e-01  4.29468571e-01 -8.29586350e-16
 -3.96964888e-01  5.00000000e-01 -5.00000000e-01 -2.02441615e-16]
4: [-3.16097016e-01 -2.40952901e-01  4.29468571e-01 -7.18564048e-16
 -3.96964888e-01 -5.00000000e-01  5.00000000e-01 -1.56592831e-16]
5: [-0.24404281 -0.40577345 -0.38774255  0.35355339  0.02113601  0.35355339
  0.35355339  0.5       ]
6: [-0.24404281 -0.40577345 -0.38774255  0.35355339  0.02113601 -0.35355339
 -0.35355339 -0.5       ]
7: [-0.33691037  0.30402281  0.23467173  0.35355339  0.33762511  0.35355339
  0.35355339 -0.5       ]
8: [-5.80953174e-01 -1.01750634e-01 -1.53070825e-01 -7.07106781e-01
  3.58761118e-01  2.57628336e-17  2.87358099e-16  9.32176346e-17]

n = 8
[0 1 1 1 1 1 1 1 1]
[1 0 1 0 0 0 0 0 0]
[1 1 0 1 0 0 0 0 0]
[1 0 1 0 1 0 0 0 0]
[1 0 0 1 0 1 0 0 0]
[1 0 0 0 1 0 1 0 0]
[1 0 0 0 0 1 0 1 0]
[1 0 0 0 0 0 1 0 1]
[1 0 0 0 0 0 0 1 0]

Eigenvalues: 
1: -2.131625100499068
2: -1.8793852415718177
3: -1.502995561630874
4: -0.9999999999999999
5: -0.30210618614671336
6: 0.3472963553338604
7: 1.068314382553654
8: 1.5320888862379558
9: 3.868412465723002

Eigenvectors: 
1: [ 0.28998638  0.30581715 -0.10906285 -0.23585509 -0.50483803 -0.46424283
  0.16122984 -0.30301299  0.40824829]
2: [ 0.28998638  0.30581715 -0.10906285 -0.23585509 -0.50483803  0.46424283
 -0.16122984  0.30301299 -0.40824829]
3: [ 0.31200506 -0.50921952 -0.17475779  0.25979591 -0.21287115 -0.16122984
 -0.30301299 -0.46424283 -0.40824829]
4: [ 0.22682775  0.36149588 -0.31479478  0.40953514  0.22595379  0.30301299
 -0.46424283 -0.16122984  0.40824829]
5: [ 3.07482294e-01 -1.15161112e-01 -2.32811419e-01 -4.50413850e-01
  3.67585043e-01 -4.08248290e-01 -4.08248290e-01  4.08248290e-01
  1.48429644e-16]
6: [ 3.07482294e-01 -1.15161112e-01 -2.32811419e-01 -4.50413850e-01
  3.67585043e-01  4.08248290e-01  4.08248290e-01 -4.08248290e-01
 -1.16545456e-17]
7: [ 0.22682775  0.36149588 -0.31479478  0.40953514  0.22595379 -0.30301299
  0.46424283  0.16122984 -0.40824829]
8: [ 0.31200506 -0.50921952 -0.17475779  0.25979591 -0.21287115  0.16122984
  0.30301299  0.46424283  0.40824829]
9: [ 5.87476900e-01  8.03740948e-02  7.80087302e-01  1.12131988e-01
  1.65230491e-01 -3.76697116e-18  2.01592654e-17 -2.00608922e-16
  1.03224217e-16]

