Tables using graphs: 
  n   |V|   |E|   deg   alpha   sigma
  1   2     1     1     1       1
  2   4     6     3     1       1
  3   8     16    4     4       3
  4   16    40    5     5       1
  5   32    96    6     16      3

Table using formulas: 
  n   deg            alpha          sigma
  1   not finished   not finished   not finished
  2   not finished   not finished   not finished
  3   not finished   not finished   not finished
  4   not finished   not finished   not finished
  5   not finished   not finished   not finished

Adjacency matrices: 
n = 2
[0 1 1 1]
[1 0 1 1]
[1 1 0 1]
[1 1 1 0]

Eigenvalues: 
1: -1.0
2: -0.9999999999999999
3: -0.9999999999999997
4: 3.0

Eigenvectors: 
1: [-0.8660254   0.5        -0.41381232 -0.15075567]
2: [ 0.28867513  0.5        -0.22068937  0.74656251]
3: [ 0.28867513  0.5        -0.22068937 -0.64605873]
4: [0.28867513 0.5        0.85519107 0.05025189]

n = 3
[0 1 1 0 1 0 0 1]
[1 0 0 1 0 1 1 0]
[1 0 0 1 0 1 1 0]
[0 1 1 0 1 0 0 1]
[1 0 0 1 0 1 1 0]
[0 1 1 0 1 0 0 1]
[0 1 1 0 1 0 0 1]
[1 0 0 1 0 1 1 0]

Eigenvalues: 
1: (-3.999999999999999+0j)
2: (-1.3724365253853142e-32+0j)
3: (-3.1474477226045696e-47+0j)
4: (-7.549481592239823e-66+0j)
5: (-7.549481592239823e-66+0j)
6: (7.723555080709099e-32+0j)
7: (7.723555080709099e-32+0j)
8: (3.9999999999999982+0j)

Eigenvectors: 
1: [ 3.53553391e-01+0.j -3.53553391e-01+0.j  8.66025404e-01+0.j
  8.66025404e-01+0.j -2.90922853e-03+0.j  4.74450232e-01+0.j
 -2.14022422e-05+0.j -2.14022422e-05+0.j]
2: [ 3.53553391e-01+0.00000000e+00j  3.53553391e-01+0.00000000e+00j
  3.19981068e-17-2.94667434e-09j  3.19981068e-17+2.94667434e-09j
 -3.03961994e-01+0.00000000e+00j  4.92602627e-16+0.00000000e+00j
  1.03151928e-01+4.41699919e-01j  1.03151928e-01-4.41699919e-01j]
3: [ 0.35355339+0.00000000e+00j -0.35355339+0.00000000e+00j
 -0.28867513-2.63817514e-09j -0.28867513+2.63817514e-09j
  0.27349844+0.00000000e+00j -0.49968159+0.00000000e+00j
  0.54401524+0.00000000e+00j  0.54401524+0.00000000e+00j]
4: [ 3.53553391e-01+0.00000000e+00j  3.53553391e-01+0.00000000e+00j
  3.19981068e-17-2.94667434e-09j  3.19981068e-17+2.94667434e-09j
 -3.03961994e-01+0.00000000e+00j  4.92602627e-16+0.00000000e+00j
 -1.07624226e-01-4.41699919e-01j -1.07624226e-01+4.41699919e-01j]
5: [ 0.35355339+0.00000000e+00j -0.35355339+0.00000000e+00j
 -0.28867513-2.63817514e-09j -0.28867513+2.63817514e-09j
  0.27349844+0.00000000e+00j -0.49968159+0.00000000e+00j
 -0.53999117+0.00000000e+00j -0.53999117+0.00000000e+00j]
6: [ 0.35355339+0.00000000e+00j -0.35355339+0.00000000e+00j
 -0.28867513+5.27635028e-09j -0.28867513-5.27635028e-09j
 -0.54408766+0.00000000e+00j  0.52491294+0.00000000e+00j
 -0.00400267+0.00000000e+00j -0.00400267+0.00000000e+00j]
7: [ 3.53553391e-01+0.00000000e+00j  3.53553391e-01+0.00000000e+00j
  9.63719850e-18-2.94667434e-09j  9.63719850e-18+2.94667434e-09j
  6.07923989e-01+0.00000000e+00j -6.88079859e-16+0.00000000e+00j
  4.47229782e-03+0.00000000e+00j  4.47229782e-03+0.00000000e+00j]
8: [ 3.53553391e-01+0.00000000e+00j  3.53553391e-01+0.00000000e+00j
  7.61621025e-17+8.84002303e-09j  7.61621025e-17-8.84002303e-09j
  5.18513014e-17+0.00000000e+00j -1.56381786e-16+0.00000000e+00j
  4.95250468e-19+0.00000000e+00j  4.95250468e-19+0.00000000e+00j]

n = 4
[0 1 1 0 1 0 0 0 1 0 0 0 0 0 0 1]
[1 0 0 1 0 1 0 0 0 1 0 0 0 0 1 0]
[1 0 0 1 0 0 1 0 0 0 1 0 0 1 0 0]
[0 1 1 0 0 0 0 1 0 0 0 1 1 0 0 0]
[1 0 0 0 0 1 1 0 0 0 0 1 1 0 0 0]
[0 1 0 0 1 0 0 1 0 0 1 0 0 1 0 0]
[0 0 1 0 1 0 0 1 0 1 0 0 0 0 1 0]
[0 0 0 1 0 1 1 0 1 0 0 0 0 0 0 1]
[1 0 0 0 0 0 0 1 0 1 1 0 1 0 0 0]
[0 1 0 0 0 0 1 0 1 0 0 1 0 1 0 0]
[0 0 1 0 0 1 0 0 1 0 0 1 0 0 1 0]
[0 0 0 1 1 0 0 0 0 1 1 0 0 0 0 1]
[0 0 0 1 1 0 0 0 1 0 0 0 0 1 1 0]
[0 0 1 0 0 1 0 0 0 1 0 0 1 0 0 1]
[0 1 0 0 0 0 1 0 0 0 1 0 1 0 0 1]
[1 0 0 0 0 0 0 1 0 0 0 1 0 1 1 0]

Eigenvalues: 
1: -3.0000000000000027
2: -3.000000000000001
3: -3.0
4: -3.0
5: -2.999999999999999
6: 0.9999999999999996
7: 0.9999999999999997
8: 0.9999999999999998
9: 0.9999999999999998
10: 1.0
11: 1.0000000000000002
12: 1.0000000000000002
13: 1.0000000000000007
14: 1.0000000000000007
15: 1.0000000000000009
16: 5.000000000000001

Eigenvectors: 
1: [-0.1118034   0.25        0.22454978 -0.2672687  -0.22120326  0.08698754
 -0.3425369  -0.02697239 -0.39824938  0.18826583 -0.43757637 -0.50297343
  0.42522476  0.25662794 -0.0071309   0.07241037]
2: [-0.55901699  0.25        0.09899117  0.48098882  0.66296909 -0.04392112
 -0.01248502 -0.0221869   0.41083036  0.01254997 -0.04552669 -0.1016063
 -0.02458301 -0.2746156  -0.0105741  -0.12585646]
3: [-0.1118034   0.25       -0.21660391 -0.06927943 -0.02075727 -0.33065288
  0.30756538  0.37641792  0.34101489  0.17883048  0.23283441 -0.3329535
  0.10282116  0.05097642 -0.28310663 -0.178071  ]
4: [-0.1118034   0.25       -0.18552064 -0.12322707 -0.02028106 -0.29220439
 -0.3925601  -0.11994516 -0.18160431  0.15645528  0.05772449  0.18300692
 -0.1526253  -0.24484704 -0.03059884 -0.50897274]
5: [-0.1118034   0.25        0.1429144  -0.07019998 -0.24266947  0.04853905
  0.35758858  0.37334617 -0.24958678  0.21064104 -0.26246646  0.23773254
 -0.23499069 -0.17361025  0.11412329 -0.18164774]
6: [-0.1118034   0.25       -0.15281506  0.31984414 -0.20222404 -0.45638399
 -0.06660784 -0.26752162 -0.01727165 -0.10841697 -0.36093672  0.37847071
  0.21028105  0.19015431  0.10909426  0.48124243]
7: [-0.1118034   0.25        0.2513742  -0.25807783 -0.24114042  0.18310875
  0.0204367  -0.35008853 -0.02591614 -0.39912454 -0.24614017 -0.3367141
 -0.31947177 -0.15046369  0.12109327 -0.21191245]
8: [ 0.3354102   0.25        0.01454301  0.05459903  0.15102642 -0.06517452
 -0.35963839  0.41390203  0.35301108 -0.25521923 -0.14288899  0.1680642
  0.29006462  0.22116262 -0.03812799 -0.26383456]
9: [ 0.3354102   0.25        0.07209662 -0.00618229  0.13763346 -0.10362301
  0.34048709 -0.08624836  0.0887973  -0.23284402  0.03222092 -0.06258266
 -0.16852819  0.22313397 -0.35005848  0.09052493]
10: [-0.1118034   0.25       -0.16540237 -0.09505    -0.04300271 -0.19608318
 -0.0295865   0.23017395 -0.34230769 -0.43093509  0.2491607  -0.02536943
 -0.07486691  0.12002045  0.42158634  0.19479802]
11: [-0.1118034   0.25        0.01979639  0.01513306 -0.1977073   0.21271865
  0.03163631 -0.05978253  0.05631291  0.47551328  0.15619475  0.12186872
 -0.0625212   0.60400766  0.2635874   0.29081837]
12: [ 0.3354102   0.25        0.06868787 -0.28599085  0.24187332 -0.19974423
 -0.02248651 -0.25335549  0.03855397  0.35454635 -0.15921528  0.01645434
 -0.26360678 -0.40869345 -0.15539448  0.15007676]
13: [-0.1118034   0.25       -0.08572008 -0.1118084  -0.08614401  0.34728835
 -0.30551557  0.14263862  0.20150773 -0.13425229  0.17252104  0.23712143
 -0.35402345 -0.118039   -0.56534204  0.36212538]
14: [-0.1118034   0.25       -0.03055505 -0.30204344 -0.05080863  0.30883987
  0.39460991 -0.25389262 -0.20556029 -0.11187709  0.34763095  0.24302275
  0.50933835  0.01440438 -0.12215795 -0.06907773]
15: [ 0.3354102   0.25       -0.62135081  0.51327647  0.376704    0.43974852
  0.06455803  0.19693819  0.2106616   0.06383878 -0.04441873  0.1015484
  0.06102699 -0.15831145  0.20640103 -0.13685974]
16: [ 0.3354102   0.25        0.56501448  0.20528646 -0.24426811  0.06055659
  0.01453483 -0.29342327 -0.28019359  0.03202822  0.45088214 -0.32509059
  0.05646035 -0.15190729  0.32660582  0.03423616]

