Tables using graphs: 
  n   m   l   |V|   |E|   deg   alpha   sigma
  1   1   1   2     1     1     1       1
  2   1   1   3     2     2     2       2
  3   1   1   4     3     3     3       3
  4   1   1   5     4     4     4       4

  n   m   l   |V|   |E|   deg   alpha   sigma
  1   2   1   3     2     2     2       2
  2   2   1   4     4     2     2       2
  3   2   1   5     6     3     3       2
  4   2   1   6     8     4     4       3

  n   m   l   |V|   |E|   deg   alpha   sigma
  1   3   1   4     3     3     3       3
  2   3   1   5     6     3     3       2
  3   3   1   6     9     3     3       2
  4   3   1   7     12    4     4       3

  n   m   l   |V|   |E|   deg   alpha   sigma
  1   4   1   5     4     4     4       4
  2   4   1   6     8     4     4       3
  3   4   1   7     12    4     4       3
  4   4   1   8     16    4     4       3

  n   m   l   |V|   |E|   deg   alpha   sigma
  1   5   1   6     5     5     5       5
  2   5   1   7     10    5     5       4
  3   5   1   8     15    5     5       3
  4   5   1   9     20    5     5       3

  n   m   l   |V|   |E|   deg   alpha   sigma
  1   1   2   3     2     2     2       2
  2   1   2   5     4     4     4       4
  3   1   2   7     6     6     6       6
  4   1   2   9     8     8     8       8

  n   m   l   |V|   |E|   deg   alpha   sigma
  1   2   2   4     4     2     2       2
  2   2   2   6     8     4     4       3
  3   2   2   8     12    6     6       5
  4   2   2   10    16    8     8       7

  n   m   l   |V|   |E|   deg   alpha   sigma
  1   3   2   5     6     3     3       2
  2   3   2   7     12    4     4       3
  3   3   2   9     18    6     6       4
  4   3   2   11    24    8     8       6

  n   m   l   |V|   |E|   deg   alpha   sigma
  1   4   2   6     8     4     4       3
  2   4   2   8     16    4     4       3
  3   4   2   10    24    6     6       4
  4   4   2   12    32    8     8       5

  n   m   l   |V|   |E|   deg   alpha   sigma
  1   5   2   7     10    5     5       4
  2   5   2   9     20    5     5       3
  3   5   2   11    30    6     6       4
  4   5   2   13    40    8     8       5

  n   m   l   |V|   |E|   deg   alpha   sigma
  1   1   3   4     3     3     3       3
  2   1   3   7     6     6     6       6
  3   1   3   10    9     9     9       9
  4   1   3   13    12    12    12      12

  n   m   l   |V|   |E|   deg   alpha   sigma
  1   2   3   5     6     3     3       2
  2   2   3   8     12    6     6       5
  3   2   3   11    18    9     9       8
  4   2   3   14    24    12    12      11

  n   m   l   |V|   |E|   deg   alpha   sigma
  1   3   3   6     9     3     3       2
  2   3   3   9     18    6     6       4
  3   3   3   12    27    9     9       7
  4   3   3   15    36    12    12      10

  n   m   l   |V|   |E|   deg   alpha   sigma
  1   4   3   7     12    4     4       3
  2   4   3   10    24    6     6       4
  3   4   3   13    36    9     9       6
  4   4   3   16    48    12    12      9

  n   m   l   |V|   |E|   deg   alpha   sigma
  1   5   3   8     15    5     5       3
  2   5   3   11    30    6     6       4
  3   5   3   14    45    9     9       5
  4   5   3   17    60    12    12      8

  n   m   l   |V|   |E|   deg   alpha   sigma
  1   1   4   5     4     4     4       4
  2   1   4   9     8     8     8       8
  3   1   4   13    12    12    12      12
  4   1   4   17    16    16    16      16

  n   m   l   |V|   |E|   deg   alpha   sigma
  1   2   4   6     8     4     4       3
  2   2   4   10    16    8     8       7
  3   2   4   14    24    12    12      11
  4   2   4   18    32    16    16      15

  n   m   l   |V|   |E|   deg   alpha   sigma
  1   3   4   7     12    4     4       3
  2   3   4   11    24    8     8       6
  3   3   4   15    36    12    12      10
  4   3   4   19    48    16    16      14

  n   m   l   |V|   |E|   deg   alpha   sigma
  1   4   4   8     16    4     4       3
  2   4   4   12    32    8     8       5
  3   4   4   16    48    12    12      9
  4   4   4   20    64    16    16      13

  n   m   l   |V|   |E|   deg   alpha   sigma
  1   5   4   9     20    5     5       3
  2   5   4   13    40    8     8       5
  3   5   4   17    60    12    12      8
  4   5   4   21    80    16    16      12

  n   m   l   |V|   |E|   deg   alpha   sigma
  1   1   5   6     5     5     5       5
  2   1   5   11    10    10    10      10
  3   1   5   16    15    15    15      15
  4   1   5   21    20    20    20      20

  n   m   l   |V|   |E|   deg   alpha   sigma
  1   2   5   7     10    5     5       4
  2   2   5   12    20    10    10      9
  3   2   5   17    30    15    15      14
  4   2   5   22    40    20    20      19

  n   m   l   |V|   |E|   deg   alpha   sigma
  1   3   5   8     15    5     5       3
  2   3   5   13    30    10    10      8
  3   3   5   18    45    15    15      13
  4   3   5   23    60    20    20      18

  n   m   l   |V|   |E|   deg   alpha   sigma
  1   4   5   9     20    5     5       3
  2   4   5   14    40    10    10      7
  3   4   5   19    60    15    15      12
  4   4   5   24    80    20    20      17

  n   m   l   |V|   |E|   deg   alpha   sigma
  1   5   5   10    25    5     5       3
  2   5   5   15    50    10    10      6
  3   5   5   20    75    15    15      11
  4   5   5   25    100   20    20      16


Tables using formulas: 
  n   m   l   deg   alpha   sigma
  1   1   1   1     1       1
  2   1   1   2     2       2
  3   1   1   3     3       3
  4   1   1   4     4       4

  n   m   l   deg   alpha   sigma
  1   2   1   2     2       2
  2   2   1   2     2       2
  3   2   1   3     3       2
  4   2   1   4     4       3

  n   m   l   deg   alpha   sigma
  1   3   1   3     3       3
  2   3   1   3     3       2
  3   3   1   3     3       2
  4   3   1   4     4       3

  n   m   l   deg   alpha   sigma
  1   4   1   4     4       4
  2   4   1   4     4       3
  3   4   1   4     4       3
  4   4   1   4     4       3

  n   m   l   deg   alpha   sigma
  1   5   1   5     5       5
  2   5   1   5     5       4
  3   5   1   5     5       3
  4   5   1   5     5       3

  n   m   l   deg   alpha   sigma
  1   1   2   1     2       2
  2   1   2   2     4       4
  3   1   2   3     6       6
  4   1   2   4     8       8

  n   m   l   deg   alpha   sigma
  1   2   2   2     2       2
  2   2   2   2     4       3
  3   2   2   3     6       5
  4   2   2   4     8       7

  n   m   l   deg   alpha   sigma
  1   3   2   3     3       2
  2   3   2   3     4       3
  3   3   2   3     6       4
  4   3   2   4     8       6

  n   m   l   deg   alpha   sigma
  1   4   2   4     4       3
  2   4   2   4     4       3
  3   4   2   4     6       4
  4   4   2   4     8       5

  n   m   l   deg   alpha   sigma
  1   5   2   5     5       4
  2   5   2   5     5       3
  3   5   2   5     6       4
  4   5   2   5     8       5

  n   m   l   deg   alpha   sigma
  1   1   3   1     3       3
  2   1   3   2     6       6
  3   1   3   3     9       9
  4   1   3   4     12      12

  n   m   l   deg   alpha   sigma
  1   2   3   2     3       2
  2   2   3   2     6       5
  3   2   3   3     9       8
  4   2   3   4     12      11

  n   m   l   deg   alpha   sigma
  1   3   3   3     3       2
  2   3   3   3     6       4
  3   3   3   3     9       7
  4   3   3   4     12      10

  n   m   l   deg   alpha   sigma
  1   4   3   4     4       3
  2   4   3   4     6       4
  3   4   3   4     9       6
  4   4   3   4     12      9

  n   m   l   deg   alpha   sigma
  1   5   3   5     5       3
  2   5   3   5     6       4
  3   5   3   5     9       5
  4   5   3   5     12      8

  n   m   l   deg   alpha   sigma
  1   1   4   1     4       4
  2   1   4   2     8       8
  3   1   4   3     12      12
  4   1   4   4     16      16

  n   m   l   deg   alpha   sigma
  1   2   4   2     4       3
  2   2   4   2     8       7
  3   2   4   3     12      11
  4   2   4   4     16      15

  n   m   l   deg   alpha   sigma
  1   3   4   3     4       3
  2   3   4   3     8       6
  3   3   4   3     12      10
  4   3   4   4     16      14

  n   m   l   deg   alpha   sigma
  1   4   4   4     4       3
  2   4   4   4     8       5
  3   4   4   4     12      9
  4   4   4   4     16      13

  n   m   l   deg   alpha   sigma
  1   5   4   5     5       3
  2   5   4   5     8       5
  3   5   4   5     12      8
  4   5   4   5     16      12

  n   m   l   deg   alpha   sigma
  1   1   5   1     5       5
  2   1   5   2     10      10
  3   1   5   3     15      15
  4   1   5   4     20      20

  n   m   l   deg   alpha   sigma
  1   2   5   2     5       4
  2   2   5   2     10      9
  3   2   5   3     15      14
  4   2   5   4     20      19

  n   m   l   deg   alpha   sigma
  1   3   5   3     5       3
  2   3   5   3     10      8
  3   3   5   3     15      13
  4   3   5   4     20      18

  n   m   l   deg   alpha   sigma
  1   4   5   4     5       3
  2   4   5   4     10      7
  3   4   5   4     15      12
  4   4   5   4     20      17

  n   m   l   deg   alpha   sigma
  1   5   5   5     5       3
  2   5   5   5     10      6
  3   5   5   5     15      11
  4   5   5   5     20      16


Adjacency matrices: 
n = 2
m = 2
l = 2
[0 0 1 1 1 1]
[0 0 1 1 1 1]
[1 1 0 0 0 0]
[1 1 0 0 0 0]
[1 1 0 0 0 0]
[1 1 0 0 0 0]

Eigenvalues: 
1: -2.8284271247461885
2: -3.469446951953614e-17
3: 0.0
4: 0.0
5: 0.0
6: 2.82842712474619

n = 3
m = 2
l = 2
[0 0 1 1 1 1 1 1]
[0 0 1 1 1 1 1 1]
[1 1 0 0 0 0 0 0]
[1 1 0 0 0 0 0 0]
[1 1 0 0 0 0 0 0]
[1 1 0 0 0 0 0 0]
[1 1 0 0 0 0 0 0]
[1 1 0 0 0 0 0 0]

Eigenvalues: 
1: -3.464101615137754
2: 0.0
3: 0.0
4: 0.0
5: 0.0
6: 0.0
7: 2.6115727293321143e-16
8: 3.4641016151377553

n = 4
m = 2
l = 2
[0 0 1 1 1 1 1 1 1 1]
[0 0 1 1 1 1 1 1 1 1]
[1 1 0 0 0 0 0 0 0 0]
[1 1 0 0 0 0 0 0 0 0]
[1 1 0 0 0 0 0 0 0 0]
[1 1 0 0 0 0 0 0 0 0]
[1 1 0 0 0 0 0 0 0 0]
[1 1 0 0 0 0 0 0 0 0]
[1 1 0 0 0 0 0 0 0 0]
[1 1 0 0 0 0 0 0 0 0]

Eigenvalues: 
1: -4.0
2: -2.3991054975767543e-16
3: -4.067845760643681e-32
4: -1.0287363787846782e-48
5: -2.1161327684318883e-50
6: -5.175097775913793e-65
7: 5.985145734847161e-81
8: 2.2993537789749787e-66
9: 1.7860357914807727e-32
10: 3.9999999999999987

n = 2
m = 3
l = 2
[0 0 0 1 1 1 1]
[0 0 0 1 1 1 1]
[0 0 0 1 1 1 1]
[1 1 1 0 0 0 0]
[1 1 1 0 0 0 0]
[1 1 1 0 0 0 0]
[1 1 1 0 0 0 0]

Eigenvalues: 
1: -3.4641016151377557
2: -3.0661237437890065e-16
3: 0.0
4: 0.0
5: 0.0
6: 0.0
7: 3.464101615137755

n = 3
m = 3
l = 2
[0 0 0 1 1 1 1 1 1]
[0 0 0 1 1 1 1 1 1]
[0 0 0 1 1 1 1 1 1]
[1 1 1 0 0 0 0 0 0]
[1 1 1 0 0 0 0 0 0]
[1 1 1 0 0 0 0 0 0]
[1 1 1 0 0 0 0 0 0]
[1 1 1 0 0 0 0 0 0]
[1 1 1 0 0 0 0 0 0]

Eigenvalues: 
1: -4.242640687119285
2: -1.1620326687310911e-49
3: 8.165725626380682e-69
4: 1.4938983490503092e-51
5: 2.2443362976200774e-49
6: 2.567906592516314e-34
7: 2.2186712959340957e-31
8: 1.5971722439695135e-16
9: 4.242640687119286

n = 4
m = 3
l = 2
[0 0 0 1 1 1 1 1 1 1 1]
[0 0 0 1 1 1 1 1 1 1 1]
[0 0 0 1 1 1 1 1 1 1 1]
[1 1 1 0 0 0 0 0 0 0 0]
[1 1 1 0 0 0 0 0 0 0 0]
[1 1 1 0 0 0 0 0 0 0 0]
[1 1 1 0 0 0 0 0 0 0 0]
[1 1 1 0 0 0 0 0 0 0 0]
[1 1 1 0 0 0 0 0 0 0 0]
[1 1 1 0 0 0 0 0 0 0 0]
[1 1 1 0 0 0 0 0 0 0 0]

Eigenvalues: 
1: (-4.898979485566356+0j)
2: (-3.35895957469338e-16+0j)
3: (-7.094378911465645e-50+0j)
4: (-7.094378911465645e-50+0j)
5: (-1.1621050193885836e-99+0j)
6: 0j
7: 0j
8: (9.867951414197135e-68+0j)
9: (4.462105101270008e-50+0j)
10: (2.3111159332646844e-33+0j)
11: (4.898979485566357+0j)

n = 2
m = 4
l = 2
[0 0 0 0 1 1 1 1]
[0 0 0 0 1 1 1 1]
[0 0 0 0 1 1 1 1]
[0 0 0 0 1 1 1 1]
[1 1 1 1 0 0 0 0]
[1 1 1 1 0 0 0 0]
[1 1 1 1 0 0 0 0]
[1 1 1 1 0 0 0 0]

Eigenvalues: 
1: -3.999999999999999
2: -2.6194324487249787e-16
3: 0.0
4: 0.0
5: 0.0
6: 0.0
7: 0.0
8: 4.0

n = 3
m = 4
l = 2
[0 0 0 0 1 1 1 1 1 1]
[0 0 0 0 1 1 1 1 1 1]
[0 0 0 0 1 1 1 1 1 1]
[0 0 0 0 1 1 1 1 1 1]
[1 1 1 1 0 0 0 0 0 0]
[1 1 1 1 0 0 0 0 0 0]
[1 1 1 1 0 0 0 0 0 0]
[1 1 1 1 0 0 0 0 0 0]
[1 1 1 1 0 0 0 0 0 0]
[1 1 1 1 0 0 0 0 0 0]

Eigenvalues: 
1: -4.898979485566357
2: -6.069796350813908e-31
3: -4.635634163923819e-33
4: -6.077163357286271e-64
5: -3.809737196803513e-66
6: 0.0
7: 8.439682105810435e-48
8: 3.0653403907105373e-46
9: 1.0899720012882215e-16
10: 4.898979485566356

n = 4
m = 4
l = 2
[0 0 0 0 1 1 1 1 1 1 1 1]
[0 0 0 0 1 1 1 1 1 1 1 1]
[0 0 0 0 1 1 1 1 1 1 1 1]
[0 0 0 0 1 1 1 1 1 1 1 1]
[1 1 1 1 0 0 0 0 0 0 0 0]
[1 1 1 1 0 0 0 0 0 0 0 0]
[1 1 1 1 0 0 0 0 0 0 0 0]
[1 1 1 1 0 0 0 0 0 0 0 0]
[1 1 1 1 0 0 0 0 0 0 0 0]
[1 1 1 1 0 0 0 0 0 0 0 0]
[1 1 1 1 0 0 0 0 0 0 0 0]
[1 1 1 1 0 0 0 0 0 0 0 0]

Eigenvalues: 
1: -5.65685424949238
2: -3.151971162577546e-16
3: -3.614868902411131e-33
4: -7.726865746796264e-66
5: -1.0542197943230523e-81
6: -8.504878356656241e-130
7: 0.0
8: 0.0
9: 0.0
10: 0.0
11: 3.703333798861796e-31
12: 5.656854249492378

n = 2
m = 2
l = 3
[0 0 1 1 1 1 1 1]
[0 0 1 1 1 1 1 1]
[1 1 0 0 0 0 0 0]
[1 1 0 0 0 0 0 0]
[1 1 0 0 0 0 0 0]
[1 1 0 0 0 0 0 0]
[1 1 0 0 0 0 0 0]
[1 1 0 0 0 0 0 0]

Eigenvalues: 
1: -3.464101615137754
2: 0.0
3: 0.0
4: 0.0
5: 0.0
6: 0.0
7: 2.6115727293321143e-16
8: 3.4641016151377553

n = 3
m = 2
l = 3
[0 0 1 1 1 1 1 1 1 1 1]
[0 0 1 1 1 1 1 1 1 1 1]
[1 1 0 0 0 0 0 0 0 0 0]
[1 1 0 0 0 0 0 0 0 0 0]
[1 1 0 0 0 0 0 0 0 0 0]
[1 1 0 0 0 0 0 0 0 0 0]
[1 1 0 0 0 0 0 0 0 0 0]
[1 1 0 0 0 0 0 0 0 0 0]
[1 1 0 0 0 0 0 0 0 0 0]
[1 1 0 0 0 0 0 0 0 0 0]
[1 1 0 0 0 0 0 0 0 0 0]

Eigenvalues: 
1: -4.242640687119284
2: -1.9428902930940257e-16
3: 0.0
4: 0.0
5: 0.0
6: 0.0
7: 0.0
8: 0.0
9: 0.0
10: 0.0
11: 4.242640687119285

n = 4
m = 2
l = 3
[0 0 1 1 1 1 1 1 1 1 1 1 1 1]
[0 0 1 1 1 1 1 1 1 1 1 1 1 1]
[1 1 0 0 0 0 0 0 0 0 0 0 0 0]
[1 1 0 0 0 0 0 0 0 0 0 0 0 0]
[1 1 0 0 0 0 0 0 0 0 0 0 0 0]
[1 1 0 0 0 0 0 0 0 0 0 0 0 0]
[1 1 0 0 0 0 0 0 0 0 0 0 0 0]
[1 1 0 0 0 0 0 0 0 0 0 0 0 0]
[1 1 0 0 0 0 0 0 0 0 0 0 0 0]
[1 1 0 0 0 0 0 0 0 0 0 0 0 0]
[1 1 0 0 0 0 0 0 0 0 0 0 0 0]
[1 1 0 0 0 0 0 0 0 0 0 0 0 0]
[1 1 0 0 0 0 0 0 0 0 0 0 0 0]
[1 1 0 0 0 0 0 0 0 0 0 0 0 0]

Eigenvalues: 
1: -4.898979485566356
2: -2.246932134257853e-48
3: -2.0019679248824472e-80
4: -2.359224947230577e-118
5: 0.0
6: 7.16899066583076e-113
7: 7.109763605710774e-98
8: 4.408693365853588e-96
9: 8.433758354584419e-80
10: 1.0346973826598409e-64
11: 1.3684555315672042e-47
12: 1.6434602192104414e-32
13: 1.9273064175195408e-16
14: 4.898979485566357

n = 2
m = 3
l = 3
[0 0 0 1 1 1 1 1 1]
[0 0 0 1 1 1 1 1 1]
[0 0 0 1 1 1 1 1 1]
[1 1 1 0 0 0 0 0 0]
[1 1 1 0 0 0 0 0 0]
[1 1 1 0 0 0 0 0 0]
[1 1 1 0 0 0 0 0 0]
[1 1 1 0 0 0 0 0 0]
[1 1 1 0 0 0 0 0 0]

Eigenvalues: 
1: -4.242640687119285
2: -1.1620326687310911e-49
3: 8.165725626380682e-69
4: 1.4938983490503092e-51
5: 2.2443362976200774e-49
6: 2.567906592516314e-34
7: 2.2186712959340957e-31
8: 1.5971722439695135e-16
9: 4.242640687119286

n = 3
m = 3
l = 3
[0 0 0 1 1 1 1 1 1 1 1 1]
[0 0 0 1 1 1 1 1 1 1 1 1]
[0 0 0 1 1 1 1 1 1 1 1 1]
[1 1 1 0 0 0 0 0 0 0 0 0]
[1 1 1 0 0 0 0 0 0 0 0 0]
[1 1 1 0 0 0 0 0 0 0 0 0]
[1 1 1 0 0 0 0 0 0 0 0 0]
[1 1 1 0 0 0 0 0 0 0 0 0]
[1 1 1 0 0 0 0 0 0 0 0 0]
[1 1 1 0 0 0 0 0 0 0 0 0]
[1 1 1 0 0 0 0 0 0 0 0 0]
[1 1 1 0 0 0 0 0 0 0 0 0]

Eigenvalues: 
1: -5.196152422706631
2: -2.775557561562891e-16
3: -5.549322906984781e-32
4: 0.0
5: 0.0
6: 0.0
7: 0.0
8: 0.0
9: 0.0
10: 0.0
11: 4.255210271813925e-33
12: 5.196152422706633

n = 4
m = 3
l = 3
[0 0 0 1 1 1 1 1 1 1 1 1 1 1 1]
[0 0 0 1 1 1 1 1 1 1 1 1 1 1 1]
[0 0 0 1 1 1 1 1 1 1 1 1 1 1 1]
[1 1 1 0 0 0 0 0 0 0 0 0 0 0 0]
[1 1 1 0 0 0 0 0 0 0 0 0 0 0 0]
[1 1 1 0 0 0 0 0 0 0 0 0 0 0 0]
[1 1 1 0 0 0 0 0 0 0 0 0 0 0 0]
[1 1 1 0 0 0 0 0 0 0 0 0 0 0 0]
[1 1 1 0 0 0 0 0 0 0 0 0 0 0 0]
[1 1 1 0 0 0 0 0 0 0 0 0 0 0 0]
[1 1 1 0 0 0 0 0 0 0 0 0 0 0 0]
[1 1 1 0 0 0 0 0 0 0 0 0 0 0 0]
[1 1 1 0 0 0 0 0 0 0 0 0 0 0 0]
[1 1 1 0 0 0 0 0 0 0 0 0 0 0 0]
[1 1 1 0 0 0 0 0 0 0 0 0 0 0 0]

Eigenvalues: 
1: -6.0
2: -3.040234271213327e-32
3: -1.6549646322969678e-85
4: -4.81642360646278e-99
5: -1.745129113052904e-114
6: 0.0
7: 8.34527456863033e-83
8: 1.6236835671596204e-81
9: 1.6706323988472236e-66
10: 4.695832573408456e-65
11: 7.874887752600699e-50
12: 2.0206680847220054e-47
13: 4.08816821208038e-32
14: 3.167604436516871e-16
15: 5.999999999999999

n = 2
m = 4
l = 3
[0 0 0 0 1 1 1 1 1 1]
[0 0 0 0 1 1 1 1 1 1]
[0 0 0 0 1 1 1 1 1 1]
[0 0 0 0 1 1 1 1 1 1]
[1 1 1 1 0 0 0 0 0 0]
[1 1 1 1 0 0 0 0 0 0]
[1 1 1 1 0 0 0 0 0 0]
[1 1 1 1 0 0 0 0 0 0]
[1 1 1 1 0 0 0 0 0 0]
[1 1 1 1 0 0 0 0 0 0]

Eigenvalues: 
1: -4.898979485566357
2: -6.069796350813908e-31
3: -4.635634163923819e-33
4: -6.077163357286271e-64
5: -3.809737196803513e-66
6: 0.0
7: 8.439682105810435e-48
8: 3.0653403907105373e-46
9: 1.0899720012882215e-16
10: 4.898979485566356

n = 3
m = 4
l = 3
[0 0 0 0 1 1 1 1 1 1 1 1 1]
[0 0 0 0 1 1 1 1 1 1 1 1 1]
[0 0 0 0 1 1 1 1 1 1 1 1 1]
[0 0 0 0 1 1 1 1 1 1 1 1 1]
[1 1 1 1 0 0 0 0 0 0 0 0 0]
[1 1 1 1 0 0 0 0 0 0 0 0 0]
[1 1 1 1 0 0 0 0 0 0 0 0 0]
[1 1 1 1 0 0 0 0 0 0 0 0 0]
[1 1 1 1 0 0 0 0 0 0 0 0 0]
[1 1 1 1 0 0 0 0 0 0 0 0 0]
[1 1 1 1 0 0 0 0 0 0 0 0 0]
[1 1 1 1 0 0 0 0 0 0 0 0 0]
[1 1 1 1 0 0 0 0 0 0 0 0 0]

Eigenvalues: 
1: (-5.999999999999999+0j)
2: (-4.3065142894630035e-83+0j)
3: (-2.6076216462904838e-98+0j)
4: (4.2978043718641754e-100+0j)
5: (1.7197890154896137e-81+0j)
6: (9.552225110468517e-68+0j)
7: (7.309485071711148e-50+0j)
8: (7.309485071711148e-50+0j)
9: (1.3684555315672042e-48+0j)
10: (6.1426444481958004e-33+0j)
11: (2.465190328815662e-32+0j)
12: (2.0816681711721688e-16+0j)
13: (5.999999999999996+0j)

n = 4
m = 4
l = 3
[0 0 0 0 1 1 1 1 1 1 1 1 1 1 1 1]
[0 0 0 0 1 1 1 1 1 1 1 1 1 1 1 1]
[0 0 0 0 1 1 1 1 1 1 1 1 1 1 1 1]
[0 0 0 0 1 1 1 1 1 1 1 1 1 1 1 1]
[1 1 1 1 0 0 0 0 0 0 0 0 0 0 0 0]
[1 1 1 1 0 0 0 0 0 0 0 0 0 0 0 0]
[1 1 1 1 0 0 0 0 0 0 0 0 0 0 0 0]
[1 1 1 1 0 0 0 0 0 0 0 0 0 0 0 0]
[1 1 1 1 0 0 0 0 0 0 0 0 0 0 0 0]
[1 1 1 1 0 0 0 0 0 0 0 0 0 0 0 0]
[1 1 1 1 0 0 0 0 0 0 0 0 0 0 0 0]
[1 1 1 1 0 0 0 0 0 0 0 0 0 0 0 0]
[1 1 1 1 0 0 0 0 0 0 0 0 0 0 0 0]
[1 1 1 1 0 0 0 0 0 0 0 0 0 0 0 0]
[1 1 1 1 0 0 0 0 0 0 0 0 0 0 0 0]
[1 1 1 1 0 0 0 0 0 0 0 0 0 0 0 0]

Eigenvalues: 
1: -6.928203230275509
2: -5.833776192183593e-31
3: -8.19971607403229e-64
4: -5.3240015263833214e-253
5: 0.0
6: 0.0
7: 0.0
8: 0.0
9: -0.0
10: -0.0
11: 4.9734278e-316
12: 1.287670733003417e-190
13: 1.0545901830543625e-127
14: 9.865583038023828e-32
15: 2.6775304213903806e-16
16: 6.92820323027551

n = 2
m = 2
l = 4
[0 0 1 1 1 1 1 1 1 1]
[0 0 1 1 1 1 1 1 1 1]
[1 1 0 0 0 0 0 0 0 0]
[1 1 0 0 0 0 0 0 0 0]
[1 1 0 0 0 0 0 0 0 0]
[1 1 0 0 0 0 0 0 0 0]
[1 1 0 0 0 0 0 0 0 0]
[1 1 0 0 0 0 0 0 0 0]
[1 1 0 0 0 0 0 0 0 0]
[1 1 0 0 0 0 0 0 0 0]

Eigenvalues: 
1: -4.0
2: -2.3991054975767543e-16
3: -4.067845760643681e-32
4: -1.0287363787846782e-48
5: -2.1161327684318883e-50
6: -5.175097775913793e-65
7: 5.985145734847161e-81
8: 2.2993537789749787e-66
9: 1.7860357914807727e-32
10: 3.9999999999999987

n = 3
m = 2
l = 4
[0 0 1 1 1 1 1 1 1 1 1 1 1 1]
[0 0 1 1 1 1 1 1 1 1 1 1 1 1]
[1 1 0 0 0 0 0 0 0 0 0 0 0 0]
[1 1 0 0 0 0 0 0 0 0 0 0 0 0]
[1 1 0 0 0 0 0 0 0 0 0 0 0 0]
[1 1 0 0 0 0 0 0 0 0 0 0 0 0]
[1 1 0 0 0 0 0 0 0 0 0 0 0 0]
[1 1 0 0 0 0 0 0 0 0 0 0 0 0]
[1 1 0 0 0 0 0 0 0 0 0 0 0 0]
[1 1 0 0 0 0 0 0 0 0 0 0 0 0]
[1 1 0 0 0 0 0 0 0 0 0 0 0 0]
[1 1 0 0 0 0 0 0 0 0 0 0 0 0]
[1 1 0 0 0 0 0 0 0 0 0 0 0 0]
[1 1 0 0 0 0 0 0 0 0 0 0 0 0]

Eigenvalues: 
1: -4.898979485566356
2: -2.246932134257853e-48
3: -2.0019679248824472e-80
4: -2.359224947230577e-118
5: 0.0
6: 7.16899066583076e-113
7: 7.109763605710774e-98
8: 4.408693365853588e-96
9: 8.433758354584419e-80
10: 1.0346973826598409e-64
11: 1.3684555315672042e-47
12: 1.6434602192104414e-32
13: 1.9273064175195408e-16
14: 4.898979485566357

n = 4
m = 2
l = 4
[0 0 1 1 1 1 1 1 1 1 1 1 1 1 1 1 1 1]
[0 0 1 1 1 1 1 1 1 1 1 1 1 1 1 1 1 1]
[1 1 0 0 0 0 0 0 0 0 0 0 0 0 0 0 0 0]
[1 1 0 0 0 0 0 0 0 0 0 0 0 0 0 0 0 0]
[1 1 0 0 0 0 0 0 0 0 0 0 0 0 0 0 0 0]
[1 1 0 0 0 0 0 0 0 0 0 0 0 0 0 0 0 0]
[1 1 0 0 0 0 0 0 0 0 0 0 0 0 0 0 0 0]
[1 1 0 0 0 0 0 0 0 0 0 0 0 0 0 0 0 0]
[1 1 0 0 0 0 0 0 0 0 0 0 0 0 0 0 0 0]
[1 1 0 0 0 0 0 0 0 0 0 0 0 0 0 0 0 0]
[1 1 0 0 0 0 0 0 0 0 0 0 0 0 0 0 0 0]
[1 1 0 0 0 0 0 0 0 0 0 0 0 0 0 0 0 0]
[1 1 0 0 0 0 0 0 0 0 0 0 0 0 0 0 0 0]
[1 1 0 0 0 0 0 0 0 0 0 0 0 0 0 0 0 0]
[1 1 0 0 0 0 0 0 0 0 0 0 0 0 0 0 0 0]
[1 1 0 0 0 0 0 0 0 0 0 0 0 0 0 0 0 0]
[1 1 0 0 0 0 0 0 0 0 0 0 0 0 0 0 0 0]
[1 1 0 0 0 0 0 0 0 0 0 0 0 0 0 0 0 0]

Eigenvalues: 
1: -5.656854249492376
2: 0.0
3: 0.0
4: 0.0
5: 0.0
6: 0.0
7: 0.0
8: 0.0
9: 0.0
10: 0.0
11: 0.0
12: 0.0
13: 0.0
14: 0.0
15: 0.0
16: 0.0
17: 4.395355607256235e-16
18: 5.656854249492381

n = 2
m = 3
l = 4
[0 0 0 1 1 1 1 1 1 1 1]
[0 0 0 1 1 1 1 1 1 1 1]
[0 0 0 1 1 1 1 1 1 1 1]
[1 1 1 0 0 0 0 0 0 0 0]
[1 1 1 0 0 0 0 0 0 0 0]
[1 1 1 0 0 0 0 0 0 0 0]
[1 1 1 0 0 0 0 0 0 0 0]
[1 1 1 0 0 0 0 0 0 0 0]
[1 1 1 0 0 0 0 0 0 0 0]
[1 1 1 0 0 0 0 0 0 0 0]
[1 1 1 0 0 0 0 0 0 0 0]

Eigenvalues: 
1: (-4.898979485566356+0j)
2: (-3.35895957469338e-16+0j)
3: (-7.094378911465645e-50+0j)
4: (-7.094378911465645e-50+0j)
5: (-1.1621050193885836e-99+0j)
6: 0j
7: 0j
8: (9.867951414197135e-68+0j)
9: (4.462105101270008e-50+0j)
10: (2.3111159332646844e-33+0j)
11: (4.898979485566357+0j)

n = 3
m = 3
l = 4
[0 0 0 1 1 1 1 1 1 1 1 1 1 1 1]
[0 0 0 1 1 1 1 1 1 1 1 1 1 1 1]
[0 0 0 1 1 1 1 1 1 1 1 1 1 1 1]
[1 1 1 0 0 0 0 0 0 0 0 0 0 0 0]
[1 1 1 0 0 0 0 0 0 0 0 0 0 0 0]
[1 1 1 0 0 0 0 0 0 0 0 0 0 0 0]
[1 1 1 0 0 0 0 0 0 0 0 0 0 0 0]
[1 1 1 0 0 0 0 0 0 0 0 0 0 0 0]
[1 1 1 0 0 0 0 0 0 0 0 0 0 0 0]
[1 1 1 0 0 0 0 0 0 0 0 0 0 0 0]
[1 1 1 0 0 0 0 0 0 0 0 0 0 0 0]
[1 1 1 0 0 0 0 0 0 0 0 0 0 0 0]
[1 1 1 0 0 0 0 0 0 0 0 0 0 0 0]
[1 1 1 0 0 0 0 0 0 0 0 0 0 0 0]
[1 1 1 0 0 0 0 0 0 0 0 0 0 0 0]

Eigenvalues: 
1: -6.0
2: -3.040234271213327e-32
3: -1.6549646322969678e-85
4: -4.81642360646278e-99
5: -1.745129113052904e-114
6: 0.0
7: 8.34527456863033e-83
8: 1.6236835671596204e-81
9: 1.6706323988472236e-66
10: 4.695832573408456e-65
11: 7.874887752600699e-50
12: 2.0206680847220054e-47
13: 4.08816821208038e-32
14: 3.167604436516871e-16
15: 5.999999999999999

n = 4
m = 3
l = 4
[0 0 0 1 1 1 1 1 1 1 1 1 1 1 1 1 1 1 1]
[0 0 0 1 1 1 1 1 1 1 1 1 1 1 1 1 1 1 1]
[0 0 0 1 1 1 1 1 1 1 1 1 1 1 1 1 1 1 1]
[1 1 1 0 0 0 0 0 0 0 0 0 0 0 0 0 0 0 0]
[1 1 1 0 0 0 0 0 0 0 0 0 0 0 0 0 0 0 0]
[1 1 1 0 0 0 0 0 0 0 0 0 0 0 0 0 0 0 0]
[1 1 1 0 0 0 0 0 0 0 0 0 0 0 0 0 0 0 0]
[1 1 1 0 0 0 0 0 0 0 0 0 0 0 0 0 0 0 0]
[1 1 1 0 0 0 0 0 0 0 0 0 0 0 0 0 0 0 0]
[1 1 1 0 0 0 0 0 0 0 0 0 0 0 0 0 0 0 0]
[1 1 1 0 0 0 0 0 0 0 0 0 0 0 0 0 0 0 0]
[1 1 1 0 0 0 0 0 0 0 0 0 0 0 0 0 0 0 0]
[1 1 1 0 0 0 0 0 0 0 0 0 0 0 0 0 0 0 0]
[1 1 1 0 0 0 0 0 0 0 0 0 0 0 0 0 0 0 0]
[1 1 1 0 0 0 0 0 0 0 0 0 0 0 0 0 0 0 0]
[1 1 1 0 0 0 0 0 0 0 0 0 0 0 0 0 0 0 0]
[1 1 1 0 0 0 0 0 0 0 0 0 0 0 0 0 0 0 0]
[1 1 1 0 0 0 0 0 0 0 0 0 0 0 0 0 0 0 0]
[1 1 1 0 0 0 0 0 0 0 0 0 0 0 0 0 0 0 0]

Eigenvalues: 
1: -6.928203230275512
2: -3.9985376121265404e-16
3: 0.0
4: 0.0
5: 0.0
6: 0.0
7: 0.0
8: 0.0
9: 0.0
10: 0.0
11: 0.0
12: 0.0
13: 0.0
14: 0.0
15: 0.0
16: 0.0
17: 0.0
18: 0.0
19: 6.9282032302755105

n = 2
m = 4
l = 4
[0 0 0 0 1 1 1 1 1 1 1 1]
[0 0 0 0 1 1 1 1 1 1 1 1]
[0 0 0 0 1 1 1 1 1 1 1 1]
[0 0 0 0 1 1 1 1 1 1 1 1]
[1 1 1 1 0 0 0 0 0 0 0 0]
[1 1 1 1 0 0 0 0 0 0 0 0]
[1 1 1 1 0 0 0 0 0 0 0 0]
[1 1 1 1 0 0 0 0 0 0 0 0]
[1 1 1 1 0 0 0 0 0 0 0 0]
[1 1 1 1 0 0 0 0 0 0 0 0]
[1 1 1 1 0 0 0 0 0 0 0 0]
[1 1 1 1 0 0 0 0 0 0 0 0]

Eigenvalues: 
1: -5.65685424949238
2: -3.151971162577546e-16
3: -3.614868902411131e-33
4: -7.726865746796264e-66
5: -1.0542197943230523e-81
6: -8.504878356656241e-130
7: 0.0
8: 0.0
9: 0.0
10: 0.0
11: 3.703333798861796e-31
12: 5.656854249492378

n = 3
m = 4
l = 4
[0 0 0 0 1 1 1 1 1 1 1 1 1 1 1 1]
[0 0 0 0 1 1 1 1 1 1 1 1 1 1 1 1]
[0 0 0 0 1 1 1 1 1 1 1 1 1 1 1 1]
[0 0 0 0 1 1 1 1 1 1 1 1 1 1 1 1]
[1 1 1 1 0 0 0 0 0 0 0 0 0 0 0 0]
[1 1 1 1 0 0 0 0 0 0 0 0 0 0 0 0]
[1 1 1 1 0 0 0 0 0 0 0 0 0 0 0 0]
[1 1 1 1 0 0 0 0 0 0 0 0 0 0 0 0]
[1 1 1 1 0 0 0 0 0 0 0 0 0 0 0 0]
[1 1 1 1 0 0 0 0 0 0 0 0 0 0 0 0]
[1 1 1 1 0 0 0 0 0 0 0 0 0 0 0 0]
[1 1 1 1 0 0 0 0 0 0 0 0 0 0 0 0]
[1 1 1 1 0 0 0 0 0 0 0 0 0 0 0 0]
[1 1 1 1 0 0 0 0 0 0 0 0 0 0 0 0]
[1 1 1 1 0 0 0 0 0 0 0 0 0 0 0 0]
[1 1 1 1 0 0 0 0 0 0 0 0 0 0 0 0]

Eigenvalues: 
1: -6.928203230275509
2: -5.833776192183593e-31
3: -8.19971607403229e-64
4: -5.3240015263833214e-253
5: 0.0
6: 0.0
7: 0.0
8: 0.0
9: -0.0
10: -0.0
11: 4.9734278e-316
12: 1.287670733003417e-190
13: 1.0545901830543625e-127
14: 9.865583038023828e-32
15: 2.6775304213903806e-16
16: 6.92820323027551

n = 4
m = 4
l = 4
[0 0 0 0 1 1 1 1 1 1 1 1 1 1 1 1 1 1 1 1]
[0 0 0 0 1 1 1 1 1 1 1 1 1 1 1 1 1 1 1 1]
[0 0 0 0 1 1 1 1 1 1 1 1 1 1 1 1 1 1 1 1]
[0 0 0 0 1 1 1 1 1 1 1 1 1 1 1 1 1 1 1 1]
[1 1 1 1 0 0 0 0 0 0 0 0 0 0 0 0 0 0 0 0]
[1 1 1 1 0 0 0 0 0 0 0 0 0 0 0 0 0 0 0 0]
[1 1 1 1 0 0 0 0 0 0 0 0 0 0 0 0 0 0 0 0]
[1 1 1 1 0 0 0 0 0 0 0 0 0 0 0 0 0 0 0 0]
[1 1 1 1 0 0 0 0 0 0 0 0 0 0 0 0 0 0 0 0]
[1 1 1 1 0 0 0 0 0 0 0 0 0 0 0 0 0 0 0 0]
[1 1 1 1 0 0 0 0 0 0 0 0 0 0 0 0 0 0 0 0]
[1 1 1 1 0 0 0 0 0 0 0 0 0 0 0 0 0 0 0 0]
[1 1 1 1 0 0 0 0 0 0 0 0 0 0 0 0 0 0 0 0]
[1 1 1 1 0 0 0 0 0 0 0 0 0 0 0 0 0 0 0 0]
[1 1 1 1 0 0 0 0 0 0 0 0 0 0 0 0 0 0 0 0]
[1 1 1 1 0 0 0 0 0 0 0 0 0 0 0 0 0 0 0 0]
[1 1 1 1 0 0 0 0 0 0 0 0 0 0 0 0 0 0 0 0]
[1 1 1 1 0 0 0 0 0 0 0 0 0 0 0 0 0 0 0 0]
[1 1 1 1 0 0 0 0 0 0 0 0 0 0 0 0 0 0 0 0]
[1 1 1 1 0 0 0 0 0 0 0 0 0 0 0 0 0 0 0 0]

Eigenvalues: 
1: -7.999999999999999
2: -1.0651202142497596e-15
3: 0.0
4: 0.0
5: 0.0
6: 0.0
7: 0.0
8: 0.0
9: 0.0
10: 0.0
11: 0.0
12: 0.0
13: 0.0
14: 0.0
15: 0.0
16: 0.0
17: 0.0
18: 0.0
19: 0.0
20: 7.999999999999998

