Tables using graphs: 
  n   m   l   |V|   |E|   deg   alpha   sigma
  1   1   3   4     6     3     1       1
  2   1   3   7     12    6     2       1
  3   1   3   10    18    9     3       1
  4   1   3   13    24    12    4       1

  n   m   l   |V|   |E|   deg   alpha   sigma
  1   2   3   5     9     4     2       2
  2   2   3   8     18    6     2       1
  3   2   3   11    27    9     3       1
  4   2   3   14    36    12    4       1

  n   m   l   |V|   |E|   deg   alpha   sigma
  1   3   3   6     12    5     3       3
  2   3   3   9     24    6     3       1
  3   3   3   12    36    9     3       1
  4   3   3   15    48    12    4       1

  n   m   l   |V|   |E|   deg   alpha   sigma
  1   4   3   7     15    6     4       4
  2   4   3   10    30    6     4       2
  3   4   3   13    45    9     4       1
  4   4   3   16    60    12    4       1

  n   m   l   |V|   |E|   deg   alpha   sigma
  1   1   4   5     8     4     2       2
  2   1   4   9     16    8     4       2
  3   1   4   13    24    12    6       2
  4   1   4   17    32    16    8       2

  n   m   l   |V|   |E|   deg   alpha   sigma
  1   2   4   6     12    4     2       2
  2   2   4   10    24    8     4       2
  3   2   4   14    36    12    6       2
  4   2   4   18    48    16    8       2

  n   m   l   |V|   |E|   deg   alpha   sigma
  1   3   4   7     16    5     3       2
  2   3   4   11    32    8     4       2
  3   3   4   15    48    12    6       2
  4   3   4   19    64    16    8       2

  n   m   l   |V|   |E|   deg   alpha   sigma
  1   4   4   8     20    6     4       3
  2   4   4   12    40    8     4       2
  3   4   4   16    60    12    6       2
  4   4   4   20    80    16    8       2


Tables using formulas: 
  n   m   l   deg   alpha   sigma
  1   1   3   3     1       1
  2   1   3   6     2       1
  3   1   3   9     3       1
  4   1   3   12    4       1

  n   m   l   deg   alpha   sigma
  1   2   3   4     2       X
  2   2   3   6     2       1
  3   2   3   9     3       1
  4   2   3   12    4       1

  n   m   l   deg   alpha   sigma
  1   3   3   5     3       X
  2   3   3   6     3       X
  3   3   3   9     3       1
  4   3   3   12    4       1

  n   m   l   deg   alpha   sigma
  1   4   3   6     4       X
  2   4   3   6     4       X
  3   4   3   9     4       X
  4   4   3   12    4       1

  n   m   l   deg   alpha   sigma
  1   1   4   4     2       2
  2   1   4   8     4       2
  3   1   4   12    6       2
  4   1   4   16    8       2

  n   m   l   deg   alpha   sigma
  1   2   4   4     2       2
  2   2   4   8     4       2
  3   2   4   12    6       2
  4   2   4   16    8       2

  n   m   l   deg   alpha   sigma
  1   3   4   5     3       X
  2   3   4   8     4       2
  3   3   4   12    6       2
  4   3   4   16    8       2

  n   m   l   deg   alpha   sigma
  1   4   4   6     4       X
  2   4   4   8     4       2
  3   4   4   12    6       2
  4   4   4   16    8       2


Adjacency matrices: 
n = 2
m = 2
l = 3
[0 0 1 1 1 1 1 1]
[0 0 1 1 1 1 1 1]
[1 1 0 1 1 0 0 0]
[1 1 1 0 1 0 0 0]
[1 1 1 1 0 0 0 0]
[1 1 0 0 0 0 1 1]
[1 1 0 0 0 1 0 1]
[1 1 0 0 0 1 1 0]

Eigenvalues: 
1: -2.605551275463989
2: -0.9999999999999999
3: -0.9999999999999999
4: -0.9999999999999999
5: -0.9999999999999992
6: 1.6534083130403943e-16
7: 2.0
8: 4.605551275463993

n = 3
m = 2
l = 3
[0 0 1 1 1 1 1 1 1 1 1]
[0 0 1 1 1 1 1 1 1 1 1]
[1 1 0 1 1 0 0 0 0 0 0]
[1 1 1 0 1 0 0 0 0 0 0]
[1 1 1 1 0 0 0 0 0 0 0]
[1 1 0 0 0 0 1 1 0 0 0]
[1 1 0 0 0 1 0 1 0 0 0]
[1 1 0 0 0 1 1 0 0 0 0]
[1 1 0 0 0 0 0 0 0 1 1]
[1 1 0 0 0 0 0 0 1 0 1]
[1 1 0 0 0 0 0 0 1 1 0]

Eigenvalues: 
1: (-3.358898943540673+0j)
2: (-1.0000000000000009+0j)
3: (-1.0000000000000002+0j)
4: (-1.0000000000000002+0j)
5: (-1+0j)
6: (-0.9999999999999999+0j)
7: (-0.9999999999999998+0j)
8: (-5.148876117133661e-16+0j)
9: (1.9999999999999987+0j)
10: (1.9999999999999996+0j)
11: (5.358898943540672+0j)

n = 4
m = 2
l = 3
[0 0 1 1 1 1 1 1 1 1 1 1 1 1]
[0 0 1 1 1 1 1 1 1 1 1 1 1 1]
[1 1 0 1 1 0 0 0 0 0 0 0 0 0]
[1 1 1 0 1 0 0 0 0 0 0 0 0 0]
[1 1 1 1 0 0 0 0 0 0 0 0 0 0]
[1 1 0 0 0 0 1 1 0 0 0 0 0 0]
[1 1 0 0 0 1 0 1 0 0 0 0 0 0]
[1 1 0 0 0 1 1 0 0 0 0 0 0 0]
[1 1 0 0 0 0 0 0 0 1 1 0 0 0]
[1 1 0 0 0 0 0 0 1 0 1 0 0 0]
[1 1 0 0 0 0 0 0 1 1 0 0 0 0]
[1 1 0 0 0 0 0 0 0 0 0 0 1 1]
[1 1 0 0 0 0 0 0 0 0 0 1 0 1]
[1 1 0 0 0 0 0 0 0 0 0 1 1 0]

Eigenvalues: 
1: -4.000000000000001
2: -1.0000000000000004
3: -1.0000000000000002
4: -1.0000000000000002
5: -1.0000000000000002
6: -1.0
7: -0.9999999999999999
8: -0.9999999999999998
9: -0.9999999999999996
10: 3.1786243202427833e-16
11: 2.0
12: 2.000000000000001
13: 2.000000000000001
14: 6.000000000000001

n = 2
m = 3
l = 3
[0 0 0 1 1 1 1 1 1]
[0 0 0 1 1 1 1 1 1]
[0 0 0 1 1 1 1 1 1]
[1 1 1 0 1 1 0 0 0]
[1 1 1 1 0 1 0 0 0]
[1 1 1 1 1 0 0 0 0]
[1 1 1 0 0 0 0 1 1]
[1 1 1 0 0 0 1 0 1]
[1 1 1 0 0 0 1 1 0]

Eigenvalues: 
1: -3.3588989435406766
2: -1.000000000000001
3: -1.0
4: -0.9999999999999998
5: -0.9999999999999993
6: 5.500993094082524e-17
7: 5.734564666325537e-16
8: 2.0
9: 5.358898943540675

n = 3
m = 3
l = 3
[0 0 0 1 1 1 1 1 1 1 1 1]
[0 0 0 1 1 1 1 1 1 1 1 1]
[0 0 0 1 1 1 1 1 1 1 1 1]
[1 1 1 0 1 1 0 0 0 0 0 0]
[1 1 1 1 0 1 0 0 0 0 0 0]
[1 1 1 1 1 0 0 0 0 0 0 0]
[1 1 1 0 0 0 0 1 1 0 0 0]
[1 1 1 0 0 0 1 0 1 0 0 0]
[1 1 1 0 0 0 1 1 0 0 0 0]
[1 1 1 0 0 0 0 0 0 0 1 1]
[1 1 1 0 0 0 0 0 0 1 0 1]
[1 1 1 0 0 0 0 0 0 1 1 0]

Eigenvalues: 
1: -4.29150262212918
2: -1.0000000000000002
3: -1.0
4: -1.0
5: -0.9999999999999999
6: -0.9999999999999998
7: -0.9999999999999994
8: -3.606102634665536e-16
9: -1.8127860323957634e-16
10: 1.9999999999999993
11: 2.0000000000000004
12: 6.291502622129187

n = 4
m = 3
l = 3
[0 0 0 1 1 1 1 1 1 1 1 1 1 1 1]
[0 0 0 1 1 1 1 1 1 1 1 1 1 1 1]
[0 0 0 1 1 1 1 1 1 1 1 1 1 1 1]
[1 1 1 0 1 1 0 0 0 0 0 0 0 0 0]
[1 1 1 1 0 1 0 0 0 0 0 0 0 0 0]
[1 1 1 1 1 0 0 0 0 0 0 0 0 0 0]
[1 1 1 0 0 0 0 1 1 0 0 0 0 0 0]
[1 1 1 0 0 0 1 0 1 0 0 0 0 0 0]
[1 1 1 0 0 0 1 1 0 0 0 0 0 0 0]
[1 1 1 0 0 0 0 0 0 0 1 1 0 0 0]
[1 1 1 0 0 0 0 0 0 1 0 1 0 0 0]
[1 1 1 0 0 0 0 0 0 1 1 0 0 0 0]
[1 1 1 0 0 0 0 0 0 0 0 0 0 1 1]
[1 1 1 0 0 0 0 0 0 0 0 0 1 0 1]
[1 1 1 0 0 0 0 0 0 0 0 0 1 1 0]

Eigenvalues: 
1: (-5.08276253029822+0j)
2: (-1.0000000000000009+0j)
3: (-1.0000000000000007+0j)
4: (-1+0j)
5: (-1+0j)
6: (-1+0j)
7: (-1+0j)
8: (-0.9999999999999998+0j)
9: (-0.9999999999999993+0j)
10: (1.01863923979871e-16+0j)
11: (1.01863923979871e-16+0j)
12: (1.9999999999999984+0j)
13: (1.9999999999999998+0j)
14: (2+0j)
15: (7.0827625302982185+0j)

n = 2
m = 4
l = 3
[0 0 0 0 1 1 1 1 1 1]
[0 0 0 0 1 1 1 1 1 1]
[0 0 0 0 1 1 1 1 1 1]
[0 0 0 0 1 1 1 1 1 1]
[1 1 1 1 0 1 1 0 0 0]
[1 1 1 1 1 0 1 0 0 0]
[1 1 1 1 1 1 0 0 0 0]
[1 1 1 1 0 0 0 0 1 1]
[1 1 1 1 0 0 0 1 0 1]
[1 1 1 1 0 0 0 1 1 0]

Eigenvalues: 
1: -4.0000000000000036
2: -1.0000000000000002
3: -1.0
4: -1.0
5: -0.9999999999999999
6: -4.1605814749793845e-17
7: 0.0
8: 4.895679508161811e-16
9: 2.000000000000001
10: 6.0000000000000036

n = 3
m = 4
l = 3
[0 0 0 0 1 1 1 1 1 1 1 1 1]
[0 0 0 0 1 1 1 1 1 1 1 1 1]
[0 0 0 0 1 1 1 1 1 1 1 1 1]
[0 0 0 0 1 1 1 1 1 1 1 1 1]
[1 1 1 1 0 1 1 0 0 0 0 0 0]
[1 1 1 1 1 0 1 0 0 0 0 0 0]
[1 1 1 1 1 1 0 0 0 0 0 0 0]
[1 1 1 1 0 0 0 0 1 1 0 0 0]
[1 1 1 1 0 0 0 1 0 1 0 0 0]
[1 1 1 1 0 0 0 1 1 0 0 0 0]
[1 1 1 1 0 0 0 0 0 0 0 1 1]
[1 1 1 1 0 0 0 0 0 0 1 0 1]
[1 1 1 1 0 0 0 0 0 0 1 1 0]

Eigenvalues: 
1: -5.08276253029822
2: -1.0000000000000002
3: -0.9999999999999999
4: -0.9999999999999998
5: -0.9999999999999998
6: -0.9999999999999996
7: -0.9999999999999996
8: -3.1257088626862146e-16
9: -7.52982736131108e-17
10: 0.0
11: 1.9999999999999996
12: 1.9999999999999996
13: 7.082762530298217

n = 4
m = 4
l = 3
[0 0 0 0 1 1 1 1 1 1 1 1 1 1 1 1]
[0 0 0 0 1 1 1 1 1 1 1 1 1 1 1 1]
[0 0 0 0 1 1 1 1 1 1 1 1 1 1 1 1]
[0 0 0 0 1 1 1 1 1 1 1 1 1 1 1 1]
[1 1 1 1 0 1 1 0 0 0 0 0 0 0 0 0]
[1 1 1 1 1 0 1 0 0 0 0 0 0 0 0 0]
[1 1 1 1 1 1 0 0 0 0 0 0 0 0 0 0]
[1 1 1 1 0 0 0 0 1 1 0 0 0 0 0 0]
[1 1 1 1 0 0 0 1 0 1 0 0 0 0 0 0]
[1 1 1 1 0 0 0 1 1 0 0 0 0 0 0 0]
[1 1 1 1 0 0 0 0 0 0 0 1 1 0 0 0]
[1 1 1 1 0 0 0 0 0 0 1 0 1 0 0 0]
[1 1 1 1 0 0 0 0 0 0 1 1 0 0 0 0]
[1 1 1 1 0 0 0 0 0 0 0 0 0 0 1 1]
[1 1 1 1 0 0 0 0 0 0 0 0 0 1 0 1]
[1 1 1 1 0 0 0 0 0 0 0 0 0 1 1 0]

Eigenvalues: 
1: -5.999999999999999
2: -1.0000000000000004
3: -1.0000000000000002
4: -1.0
5: -1.0
6: -0.9999999999999999
7: -0.9999999999999998
8: -0.9999999999999997
9: -0.9999999999999996
10: -2.5989765681278517e-16
11: 9.373039883373815e-17
12: 2.220446049250313e-16
13: 1.9999999999999998
14: 2.0
15: 2.0000000000000018
16: 7.999999999999998

n = 2
m = 2
l = 4
[0 0 1 1 1 1 1 1 1 1]
[0 0 1 1 1 1 1 1 1 1]
[1 1 0 1 0 1 0 0 0 0]
[1 1 1 0 1 0 0 0 0 0]
[1 1 0 1 0 1 0 0 0 0]
[1 1 1 0 1 0 0 0 0 0]
[1 1 0 0 0 0 0 1 0 1]
[1 1 0 0 0 0 1 0 1 0]
[1 1 0 0 0 0 0 1 0 1]
[1 1 0 0 0 0 1 0 1 0]

Eigenvalues: 
1: -3.12310562561766
2: -2.0000000000000004
3: -2.0
4: -3.9775311950346337e-16
5: -6.730833312226018e-17
6: 4.0974768230763883e-17
7: 9.71445146547012e-17
8: 2.535966910253682e-16
9: 1.9999999999999998
10: 5.123105625617657

n = 3
m = 2
l = 4
[0 0 1 1 1 1 1 1 1 1 1 1 1 1]
[0 0 1 1 1 1 1 1 1 1 1 1 1 1]
[1 1 0 1 0 1 0 0 0 0 0 0 0 0]
[1 1 1 0 1 0 0 0 0 0 0 0 0 0]
[1 1 0 1 0 1 0 0 0 0 0 0 0 0]
[1 1 1 0 1 0 0 0 0 0 0 0 0 0]
[1 1 0 0 0 0 0 1 0 1 0 0 0 0]
[1 1 0 0 0 0 1 0 1 0 0 0 0 0]
[1 1 0 0 0 0 0 1 0 1 0 0 0 0]
[1 1 0 0 0 0 1 0 1 0 0 0 0 0]
[1 1 0 0 0 0 0 0 0 0 0 1 0 1]
[1 1 0 0 0 0 0 0 0 0 1 0 1 0]
[1 1 0 0 0 0 0 0 0 0 0 1 0 1]
[1 1 0 0 0 0 0 0 0 0 1 0 1 0]

Eigenvalues: 
1: (-4+0j)
2: (-2+0j)
3: (-1.9999999999999998+0j)
4: (-1.9999999999999987+0j)
5: (-9.417079594001774e-17+0j)
6: (-9.417079594001774e-17+0j)
7: (-2.765067420107729e-17+0j)
8: (-1.3167385698750177e-17+0j)
9: (-1.3167385698750177e-17+0j)
10: (8.572609943083979e-17+0j)
11: (3.69409252169753e-16+0j)
12: (2+0j)
13: (2+0j)
14: (6.0000000000000036+0j)

n = 4
m = 2
l = 4
[0 0 1 1 1 1 1 1 1 1 1 1 1 1 1 1 1 1]
[0 0 1 1 1 1 1 1 1 1 1 1 1 1 1 1 1 1]
[1 1 0 1 0 1 0 0 0 0 0 0 0 0 0 0 0 0]
[1 1 1 0 1 0 0 0 0 0 0 0 0 0 0 0 0 0]
[1 1 0 1 0 1 0 0 0 0 0 0 0 0 0 0 0 0]
[1 1 1 0 1 0 0 0 0 0 0 0 0 0 0 0 0 0]
[1 1 0 0 0 0 0 1 0 1 0 0 0 0 0 0 0 0]
[1 1 0 0 0 0 1 0 1 0 0 0 0 0 0 0 0 0]
[1 1 0 0 0 0 0 1 0 1 0 0 0 0 0 0 0 0]
[1 1 0 0 0 0 1 0 1 0 0 0 0 0 0 0 0 0]
[1 1 0 0 0 0 0 0 0 0 0 1 0 1 0 0 0 0]
[1 1 0 0 0 0 0 0 0 0 1 0 1 0 0 0 0 0]
[1 1 0 0 0 0 0 0 0 0 0 1 0 1 0 0 0 0]
[1 1 0 0 0 0 0 0 0 0 1 0 1 0 0 0 0 0]
[1 1 0 0 0 0 0 0 0 0 0 0 0 0 0 1 0 1]
[1 1 0 0 0 0 0 0 0 0 0 0 0 0 1 0 1 0]
[1 1 0 0 0 0 0 0 0 0 0 0 0 0 0 1 0 1]
[1 1 0 0 0 0 0 0 0 0 0 0 0 0 1 0 1 0]

Eigenvalues: 
1: (-4.744562646538033+0j)
2: (-2.0000000000000018+0j)
3: (-2.0000000000000013+0j)
4: (-2+0j)
5: (-1.9999999999999991+0j)
6: (-3.3127025495560524e-16+0j)
7: (-3.844684415627854e-17+0j)
8: (-2.585855896651289e-17+0j)
9: (-3.53706019888299e-18+0j)
10: (-3.53706019888299e-18+0j)
11: (4.176371868866086e-17+0j)
12: (4.176371868866086e-17+0j)
13: (1.5743628025443937e-16+0j)
14: (2.881809552839795e-16+0j)
15: (1.9999999999999978+0j)
16: (2.0000000000000004+0j)
17: (2.0000000000000004+0j)
18: (6.744562646538028+0j)

n = 2
m = 3
l = 4
[0 0 0 1 1 1 1 1 1 1 1]
[0 0 0 1 1 1 1 1 1 1 1]
[0 0 0 1 1 1 1 1 1 1 1]
[1 1 1 0 1 0 1 0 0 0 0]
[1 1 1 1 0 1 0 0 0 0 0]
[1 1 1 0 1 0 1 0 0 0 0]
[1 1 1 1 0 1 0 0 0 0 0]
[1 1 1 0 0 0 0 0 1 0 1]
[1 1 1 0 0 0 0 1 0 1 0]
[1 1 1 0 0 0 0 0 1 0 1]
[1 1 1 0 0 0 0 1 0 1 0]

Eigenvalues: 
1: -3.9999999999999973
2: -1.9999999999999998
3: -1.9999999999999993
4: -3.5068044826698355e-16
5: -1.8541094347997293e-16
6: -5.663260991254904e-17
7: 5.060097620815415e-35
8: 1.0775550455878344e-16
9: 1.2001274024251497e-16
10: 1.9999999999999998
11: 5.999999999999998

n = 3
m = 3
l = 4
[0 0 0 1 1 1 1 1 1 1 1 1 1 1 1]
[0 0 0 1 1 1 1 1 1 1 1 1 1 1 1]
[0 0 0 1 1 1 1 1 1 1 1 1 1 1 1]
[1 1 1 0 1 0 1 0 0 0 0 0 0 0 0]
[1 1 1 1 0 1 0 0 0 0 0 0 0 0 0]
[1 1 1 0 1 0 1 0 0 0 0 0 0 0 0]
[1 1 1 1 0 1 0 0 0 0 0 0 0 0 0]
[1 1 1 0 0 0 0 0 1 0 1 0 0 0 0]
[1 1 1 0 0 0 0 1 0 1 0 0 0 0 0]
[1 1 1 0 0 0 0 0 1 0 1 0 0 0 0]
[1 1 1 0 0 0 0 1 0 1 0 0 0 0 0]
[1 1 1 0 0 0 0 0 0 0 0 0 1 0 1]
[1 1 1 0 0 0 0 0 0 0 0 1 0 1 0]
[1 1 1 0 0 0 0 0 0 0 0 0 1 0 1]
[1 1 1 0 0 0 0 0 0 0 0 1 0 1 0]

Eigenvalues: 
1: (-5.082762530298221+0j)
2: (-2.0000000000000013+0j)
3: (-2+0j)
4: (-1.9999999999999996+0j)
5: (-2.4506070575947633e-16+0j)
6: (-1.20575938168019e-16+0j)
7: (-2.545438549574506e-17+0j)
8: (-2.545438549574506e-17+0j)
9: (-2.118984515701413e-33+0j)
10: (1.198930818312971e-17+0j)
11: (1.198930818312971e-17+0j)
12: (4.672205476831981e-17+0j)
13: (2.0000000000000004+0j)
14: (2.000000000000001+0j)
15: (7.08276253029822+0j)

n = 4
m = 3
l = 4
[0 0 0 1 1 1 1 1 1 1 1 1 1 1 1 1 1 1 1]
[0 0 0 1 1 1 1 1 1 1 1 1 1 1 1 1 1 1 1]
[0 0 0 1 1 1 1 1 1 1 1 1 1 1 1 1 1 1 1]
[1 1 1 0 1 0 1 0 0 0 0 0 0 0 0 0 0 0 0]
[1 1 1 1 0 1 0 0 0 0 0 0 0 0 0 0 0 0 0]
[1 1 1 0 1 0 1 0 0 0 0 0 0 0 0 0 0 0 0]
[1 1 1 1 0 1 0 0 0 0 0 0 0 0 0 0 0 0 0]
[1 1 1 0 0 0 0 0 1 0 1 0 0 0 0 0 0 0 0]
[1 1 1 0 0 0 0 1 0 1 0 0 0 0 0 0 0 0 0]
[1 1 1 0 0 0 0 0 1 0 1 0 0 0 0 0 0 0 0]
[1 1 1 0 0 0 0 1 0 1 0 0 0 0 0 0 0 0 0]
[1 1 1 0 0 0 0 0 0 0 0 0 1 0 1 0 0 0 0]
[1 1 1 0 0 0 0 0 0 0 0 1 0 1 0 0 0 0 0]
[1 1 1 0 0 0 0 0 0 0 0 0 1 0 1 0 0 0 0]
[1 1 1 0 0 0 0 0 0 0 0 1 0 1 0 0 0 0 0]
[1 1 1 0 0 0 0 0 0 0 0 0 0 0 0 0 1 0 1]
[1 1 1 0 0 0 0 0 0 0 0 0 0 0 0 1 0 1 0]
[1 1 1 0 0 0 0 0 0 0 0 0 0 0 0 0 1 0 1]
[1 1 1 0 0 0 0 0 0 0 0 0 0 0 0 1 0 1 0]

Eigenvalues: 
1: (-5.9999999999999964+0j)
2: (-2+0j)
3: (-2+0j)
4: (-2+0j)
5: (-1.9999999999999991+0j)
6: (-1.747604708905438e-16+0j)
7: (-9.540979117872439e-18+0j)
8: (-4.151602822218275e-33+0j)
9: (1.205453554927744e-17+0j)
10: (1.205453554927744e-17+0j)
11: (1.2914712548867035e-17+0j)
12: (2.7687845737710612e-17+0j)
13: (1.4482196554097793e-16+0j)
14: (1.4852777179061903e-16+0j)
15: (1.4852777179061903e-16+0j)
16: (1.999999999999999+0j)
17: (1.9999999999999991+0j)
18: (2+0j)
19: (8.000000000000004+0j)

n = 2
m = 4
l = 4
[0 0 0 0 1 1 1 1 1 1 1 1]
[0 0 0 0 1 1 1 1 1 1 1 1]
[0 0 0 0 1 1 1 1 1 1 1 1]
[0 0 0 0 1 1 1 1 1 1 1 1]
[1 1 1 1 0 1 0 1 0 0 0 0]
[1 1 1 1 1 0 1 0 0 0 0 0]
[1 1 1 1 0 1 0 1 0 0 0 0]
[1 1 1 1 1 0 1 0 0 0 0 0]
[1 1 1 1 0 0 0 0 0 1 0 1]
[1 1 1 1 0 0 0 0 1 0 1 0]
[1 1 1 1 0 0 0 0 0 1 0 1]
[1 1 1 1 0 0 0 0 1 0 1 0]

Eigenvalues: 
1: (-4.7445626465380295+0j)
2: (-2+0j)
3: (-1.9999999999999991+0j)
4: (-2.90902711490749e-16+0j)
5: (-1.5024838614650724e-32+0j)
6: (-1.1200093856822958e-33+0j)
7: (3.5042698243274796e-17+0j)
8: (3.5042698243274796e-17+0j)
9: (2.0010882925635941e-16+0j)
10: (3.7293242590602665e-16+0j)
11: (1.9999999999999993+0j)
12: (6.744562646538029+0j)

n = 3
m = 4
l = 4
[0 0 0 0 1 1 1 1 1 1 1 1 1 1 1 1]
[0 0 0 0 1 1 1 1 1 1 1 1 1 1 1 1]
[0 0 0 0 1 1 1 1 1 1 1 1 1 1 1 1]
[0 0 0 0 1 1 1 1 1 1 1 1 1 1 1 1]
[1 1 1 1 0 1 0 1 0 0 0 0 0 0 0 0]
[1 1 1 1 1 0 1 0 0 0 0 0 0 0 0 0]
[1 1 1 1 0 1 0 1 0 0 0 0 0 0 0 0]
[1 1 1 1 1 0 1 0 0 0 0 0 0 0 0 0]
[1 1 1 1 0 0 0 0 0 1 0 1 0 0 0 0]
[1 1 1 1 0 0 0 0 1 0 1 0 0 0 0 0]
[1 1 1 1 0 0 0 0 0 1 0 1 0 0 0 0]
[1 1 1 1 0 0 0 0 1 0 1 0 0 0 0 0]
[1 1 1 1 0 0 0 0 0 0 0 0 0 1 0 1]
[1 1 1 1 0 0 0 0 0 0 0 0 1 0 1 0]
[1 1 1 1 0 0 0 0 0 0 0 0 0 1 0 1]
[1 1 1 1 0 0 0 0 0 0 0 0 1 0 1 0]

Eigenvalues: 
1: (-6.000000000000003+0j)
2: (-2.0000000000000013+0j)
3: (-1.9999999999999998+0j)
4: (-1.9999999999999993+0j)
5: (-1.709018551388468e-16+0j)
6: (-6.938893903907228e-17+0j)
7: (-1.521338487694873e-17+0j)
8: (-1.2964937883198322e-17+0j)
9: (8.762419744167844e-35+0j)
10: (8.762419744167844e-35+0j)
11: (7.029163550305455e-17+0j)
12: (1.471883486182833e-16+0j)
13: (2.3685693842438783e-16+0j)
14: (2+0j)
15: (2.0000000000000004+0j)
16: (8.000000000000007+0j)

n = 4
m = 4
l = 4
[0 0 0 0 1 1 1 1 1 1 1 1 1 1 1 1 1 1 1 1]
[0 0 0 0 1 1 1 1 1 1 1 1 1 1 1 1 1 1 1 1]
[0 0 0 0 1 1 1 1 1 1 1 1 1 1 1 1 1 1 1 1]
[0 0 0 0 1 1 1 1 1 1 1 1 1 1 1 1 1 1 1 1]
[1 1 1 1 0 1 0 1 0 0 0 0 0 0 0 0 0 0 0 0]
[1 1 1 1 1 0 1 0 0 0 0 0 0 0 0 0 0 0 0 0]
[1 1 1 1 0 1 0 1 0 0 0 0 0 0 0 0 0 0 0 0]
[1 1 1 1 1 0 1 0 0 0 0 0 0 0 0 0 0 0 0 0]
[1 1 1 1 0 0 0 0 0 1 0 1 0 0 0 0 0 0 0 0]
[1 1 1 1 0 0 0 0 1 0 1 0 0 0 0 0 0 0 0 0]
[1 1 1 1 0 0 0 0 0 1 0 1 0 0 0 0 0 0 0 0]
[1 1 1 1 0 0 0 0 1 0 1 0 0 0 0 0 0 0 0 0]
[1 1 1 1 0 0 0 0 0 0 0 0 0 1 0 1 0 0 0 0]
[1 1 1 1 0 0 0 0 0 0 0 0 1 0 1 0 0 0 0 0]
[1 1 1 1 0 0 0 0 0 0 0 0 0 1 0 1 0 0 0 0]
[1 1 1 1 0 0 0 0 0 0 0 0 1 0 1 0 0 0 0 0]
[1 1 1 1 0 0 0 0 0 0 0 0 0 0 0 0 0 1 0 1]
[1 1 1 1 0 0 0 0 0 0 0 0 0 0 0 0 1 0 1 0]
[1 1 1 1 0 0 0 0 0 0 0 0 0 0 0 0 0 1 0 1]
[1 1 1 1 0 0 0 0 0 0 0 0 0 0 0 0 1 0 1 0]

Eigenvalues: 
1: -7.062257748298549
2: -2.0000000000000004
3: -2.0000000000000004
4: -2.0
5: -1.9999999999999996
6: -9.46189723069885e-17
7: -4.133016785923034e-17
8: -2.187052787104135e-32
9: 1.3048020888715893e-34
10: 3.263207397162048e-33
11: 1.1221272974556507e-17
12: 6.356973033582942e-17
13: 6.905183108951473e-17
14: 8.326672684688674e-17
15: 1.617174096253964e-16
16: 3.7556763254897874e-16
17: 1.9999999999999991
18: 2.0
19: 2.000000000000001
20: 9.062257748298553

