Tables using graphs:
m = 1
+---+---+---+---+---+---+---+
|   | n | 1 | 2 | 3 | 4 | 5 |
+---+---+---+---+---+---+---+
| l |   |   |   |   |   |   |
+---+---+---+---+---+---+---+
| 2 |   | 1 | 1 | 1 | 1 | 1 |
+---+---+---+---+---+---+---+
| 3 |   | 1 | 1 | 1 | 1 | 1 |
+---+---+---+---+---+---+---+
| 4 |   | 1 | 1 | 1 | 1 | 1 |
+---+---+---+---+---+---+---+
| 5 |   | 1 | 1 | 1 | 1 | 1 |
+---+---+---+---+---+---+---+

m = 2
+---+---+---+---+---+---+---+
|   | n | 1 | 2 | 3 | 4 | 5 |
+---+---+---+---+---+---+---+
| l |   |   |   |   |   |   |
+---+---+---+---+---+---+---+
| 2 |   | 2 | 1 | 1 | 1 | 1 |
+---+---+---+---+---+---+---+
| 3 |   | 2 | 1 | 1 | 1 | 1 |
+---+---+---+---+---+---+---+
| 4 |   | 2 | 1 | 1 | 1 | 1 |
+---+---+---+---+---+---+---+
| 5 |   | 2 | 1 | 1 | 1 | 1 |
+---+---+---+---+---+---+---+

m = 3
+---+---+---+---+---+---+---+
|   | n | 1 | 2 | 3 | 4 | 5 |
+---+---+---+---+---+---+---+
| l |   |   |   |   |   |   |
+---+---+---+---+---+---+---+
| 2 |   | 3 | 1 | 1 | 1 | 1 |
+---+---+---+---+---+---+---+
| 3 |   | 3 | 1 | 1 | 1 | 1 |
+---+---+---+---+---+---+---+
| 4 |   | 3 | 1 | 1 | 1 | 1 |
+---+---+---+---+---+---+---+
| 5 |   | 3 | 1 | 1 | 1 | 1 |
+---+---+---+---+---+---+---+

m = 4
+---+---+---+---+---+---+---+
|   | n | 1 | 2 | 3 | 4 | 5 |
+---+---+---+---+---+---+---+
| l |   |   |   |   |   |   |
+---+---+---+---+---+---+---+
| 2 |   | 4 | 3 | 1 | 1 | 1 |
+---+---+---+---+---+---+---+
| 3 |   | 4 | 2 | 1 | 1 | 1 |
+---+---+---+---+---+---+---+
| 4 |   | 4 | 2 | 1 | 1 | 1 |
+---+---+---+---+---+---+---+
| 5 |   | 4 | 2 | 1 | 1 | 1 |
+---+---+---+---+---+---+---+

m = 5
+---+---+---+---+---+---+---+
|   | n | 1 | 2 | 3 | 4 | 5 |
+---+---+---+---+---+---+---+
| l |   |   |   |   |   |   |
+---+---+---+---+---+---+---+
| 2 |   | 5 | 4 | 1 | 1 | 1 |
+---+---+---+---+---+---+---+
| 3 |   | 5 | 2 | 1 | 1 | 1 |
+---+---+---+---+---+---+---+
| 4 |   | 5 | 2 | 1 | 1 | 1 |
+---+---+---+---+---+---+---+
| 5 |   | 5 | 2 | 1 | 1 | 1 |
+---+---+---+---+---+---+---+

Tables using formulas:
m = 1
+---+---+---+---+---+---+---+
|   | n | 1 | 2 | 3 | 4 | 5 |
+---+---+---+---+---+---+---+
| l |   |   |   |   |   |   |
+---+---+---+---+---+---+---+
| 2 |   | 1 | 1 | 1 | 1 | 1 |
+---+---+---+---+---+---+---+
| 3 |   | 1 | 1 | 1 | 1 | 1 |
+---+---+---+---+---+---+---+
| 4 |   | 1 | 1 | 1 | 1 | 1 |
+---+---+---+---+---+---+---+
| 5 |   | 1 | 1 | 1 | 1 | 1 |
+---+---+---+---+---+---+---+

m = 2
+---+---+---+---+---+---+---+
|   | n | 1 | 2 | 3 | 4 | 5 |
+---+---+---+---+---+---+---+
| l |   |   |   |   |   |   |
+---+---+---+---+---+---+---+
| 2 |   | 2 | 1 | 1 | 1 | 1 |
+---+---+---+---+---+---+---+
| 3 |   | 2 | 1 | 1 | 1 | 1 |
+---+---+---+---+---+---+---+
| 4 |   | 2 | 1 | 1 | 1 | 1 |
+---+---+---+---+---+---+---+
| 5 |   | 2 | 1 | 1 | 1 | 1 |
+---+---+---+---+---+---+---+

m = 3
+---+---+---+---+---+---+---+
|   | n | 1 | 2 | 3 | 4 | 5 |
+---+---+---+---+---+---+---+
| l |   |   |   |   |   |   |
+---+---+---+---+---+---+---+
| 2 |   | 3 | 1 | 1 | 1 | 1 |
+---+---+---+---+---+---+---+
| 3 |   | 3 | 1 | 1 | 1 | 1 |
+---+---+---+---+---+---+---+
| 4 |   | 3 | 1 | 1 | 1 | 1 |
+---+---+---+---+---+---+---+
| 5 |   | 3 | 1 | 1 | 1 | 1 |
+---+---+---+---+---+---+---+

m = 4
+---+---+---+---+---+---+---+
|   | n | 1 | 2 | 3 | 4 | 5 |
+---+---+---+---+---+---+---+
| l |   |   |   |   |   |   |
+---+---+---+---+---+---+---+
| 2 |   | 4 | 3 | 1 | 1 | 1 |
+---+---+---+---+---+---+---+
| 3 |   | 4 | 2 | 1 | 1 | 1 |
+---+---+---+---+---+---+---+
| 4 |   | 4 | 2 | 1 | 1 | 1 |
+---+---+---+---+---+---+---+
| 5 |   | 4 | 2 | 1 | 1 | 1 |
+---+---+---+---+---+---+---+

m = 5
+---+---+---+---+---+---+---+
|   | n | 1 | 2 | 3 | 4 | 5 |
+---+---+---+---+---+---+---+
| l |   |   |   |   |   |   |
+---+---+---+---+---+---+---+
| 2 |   | 5 | 4 | 1 | 1 | 1 |
+---+---+---+---+---+---+---+
| 3 |   | 5 | 2 | 1 | 1 | 1 |
+---+---+---+---+---+---+---+
| 4 |   | 5 | 2 | 1 | 1 | 1 |
+---+---+---+---+---+---+---+
| 5 |   | 5 | 2 | 1 | 1 | 1 |
+---+---+---+---+---+---+---+

