Tables using graphs: 
  n   m   l   |V|   |E|   deg   alpha   sigma
  1   1   2   3     3     2     1       1
  2   1   2   5     6     4     2       1
  3   1   2   7     9     6     3       1
  4   1   2   9     12    8     4       1
  5   1   2   11    15    10    5       1

  n   m   l   |V|   |E|   deg   alpha   sigma
  1   2   2   4     5     3     2       2
  2   2   2   6     10    4     2       1
  3   2   2   8     15    6     3       1
  4   2   2   10    20    8     4       1
  5   2   2   12    25    10    5       1

  n   m   l   |V|   |E|   deg   alpha   sigma
  1   3   2   5     7     4     3       3
  2   3   2   7     14    4     3       1
  3   3   2   9     21    6     3       1
  4   3   2   11    28    8     4       1
  5   3   2   13    35    10    5       1

  n   m   l   |V|   |E|   deg   alpha   sigma
  1   4   2   6     9     5     4       4
  2   4   2   8     18    5     4       3
  3   4   2   10    27    6     4       1
  4   4   2   12    36    8     4       1
  5   4   2   14    45    10    5       1

  n   m   l   |V|   |E|   deg   alpha   sigma
  1   5   2   7     11    6     5       5
  2   5   2   9     22    6     5       4
  3   5   2   11    33    6     5       1
  4   5   2   13    44    8     5       1
  5   5   2   15    55    10    5       1

  n   m   l   |V|   |E|   deg   alpha   sigma
  1   1   3   4     6     3     1       1
  2   1   3   7     12    6     2       1
  3   1   3   10    18    9     3       1
  4   1   3   13    24    12    4       1
  5   1   3   16    30    15    5       1

  n   m   l   |V|   |E|   deg   alpha   sigma
  1   2   3   5     9     4     2       2
  2   2   3   8     18    6     2       1
  3   2   3   11    27    9     3       1
  4   2   3   14    36    12    4       1
  5   2   3   17    45    15    5       1

  n   m   l   |V|   |E|   deg   alpha   sigma
  1   3   3   6     12    5     3       3
  2   3   3   9     24    6     3       1
  3   3   3   12    36    9     3       1
  4   3   3   15    48    12    4       1
  5   3   3   18    60    15    5       1

  n   m   l   |V|   |E|   deg   alpha   sigma
  1   4   3   7     15    6     4       4
  2   4   3   10    30    6     4       2
  3   4   3   13    45    9     4       1
  4   4   3   16    60    12    4       1
  5   4   3   19    75    15    5       1

  n   m   l   |V|   |E|   deg   alpha   sigma
  1   5   3   8     18    7     5       5
  2   5   3   11    36    7     5       2
  3   5   3   14    54    9     5       1
  4   5   3   17    72    12    5       1
  5   5   3   20    90    15    5       1

  n   m   l   |V|   |E|   deg   alpha   sigma
  1   1   4   5     10    4     1       1
  2   1   4   9     20    8     2       1
  3   1   4   13    30    12    3       1
  4   1   4   17    40    16    4       1
  5   1   4   21    50    20    5       1

  n   m   l   |V|   |E|   deg   alpha   sigma
  1   2   4   6     14    5     2       2
  2   2   4   10    28    8     2       1
  3   2   4   14    42    12    3       1
  4   2   4   18    56    16    4       1
  5   2   4   22    70    20    5       1

  n   m   l   |V|   |E|   deg   alpha   sigma
  1   3   4   7     18    6     3       3
  2   3   4   11    36    8     3       1
  3   3   4   15    54    12    3       1
  4   3   4   19    72    16    4       1
  5   3   4   23    90    20    5       1

  n   m   l   |V|   |E|   deg   alpha   sigma
  1   4   4   8     22    7     4       4
  2   4   4   12    44    8     4       2
  3   4   4   16    66    12    4       1
  4   4   4   20    88    16    4       1
  5   4   4   24    110   20    5       1

  n   m   l   |V|   |E|   deg   alpha   sigma
  1   5   4   9     26    8     5       5
  2   5   4   13    52    8     5       2
  3   5   4   17    78    12    5       1
  4   5   4   21    104   16    5       1
  5   5   4   25    130   20    5       1

  n   m   l   |V|   |E|   deg   alpha   sigma
  1   1   5   6     15    5     1       1
  2   1   5   11    30    10    2       1
  3   1   5   16    45    15    3       1
  4   1   5   21    60    20    4       1
  5   1   5   26    75    25    5       1

  n   m   l   |V|   |E|   deg   alpha   sigma
  1   2   5   7     20    6     2       2
  2   2   5   12    40    10    2       1
  3   2   5   17    60    15    3       1
  4   2   5   22    80    20    4       1
  5   2   5   27    100   25    5       1

  n   m   l   |V|   |E|   deg   alpha   sigma
  1   3   5   8     25    7     3       3
  2   3   5   13    50    10    3       1
  3   3   5   18    75    15    3       1
  4   3   5   23    100   20    4       1
  5   3   5   28    125   25    5       1

  n   m   l   |V|   |E|   deg   alpha   sigma
  1   4   5   9     30    8     4       4
  2   4   5   14    60    10    4       2
  3   4   5   19    90    15    4       1
  4   4   5   24    120   20    4       1
  5   4   5   29    150   25    5       1

  n   m   l   |V|   |E|   deg   alpha   sigma
  1   5   5   10    35    9     5       5
  2   5   5   15    70    10    5       2
  3   5   5   20    105   15    5       1
  4   5   5   25    140   20    5       1
  5   5   5   30    175   25    5       1


Tables using formulas: 
  n   m   l   deg   alpha   sigma
  1   1   2   2     1       1
  2   1   2   4     2       1
  3   1   2   6     3       1
  4   1   2   8     4       1
  5   1   2   10    5       1

  n   m   l   deg   alpha   sigma
  1   2   2   3     2       2
  2   2   2   4     2       1
  3   2   2   6     3       1
  4   2   2   8     4       1
  5   2   2   10    5       1

  n   m   l   deg   alpha   sigma
  1   3   2   4     3       3
  2   3   2   4     3       1
  3   3   2   6     3       1
  4   3   2   8     4       1
  5   3   2   10    5       1

  n   m   l   deg   alpha   sigma
  1   4   2   5     4       4
  2   4   2   5     4       3
  3   4   2   6     4       1
  4   4   2   8     4       1
  5   4   2   10    5       1

  n   m   l   deg   alpha   sigma
  1   5   2   6     5       5
  2   5   2   6     5       4
  3   5   2   6     5       1
  4   5   2   8     5       1
  5   5   2   10    5       1

  n   m   l   deg   alpha   sigma
  1   1   3   3     1       1
  2   1   3   6     2       1
  3   1   3   9     3       1
  4   1   3   12    4       1
  5   1   3   15    5       1

  n   m   l   deg   alpha   sigma
  1   2   3   4     2       2
  2   2   3   6     2       1
  3   2   3   9     3       1
  4   2   3   12    4       1
  5   2   3   15    5       1

  n   m   l   deg   alpha   sigma
  1   3   3   5     3       3
  2   3   3   6     3       1
  3   3   3   9     3       1
  4   3   3   12    4       1
  5   3   3   15    5       1

  n   m   l   deg   alpha   sigma
  1   4   3   6     4       4
  2   4   3   6     4       2
  3   4   3   9     4       1
  4   4   3   12    4       1
  5   4   3   15    5       1

  n   m   l   deg   alpha   sigma
  1   5   3   7     5       5
  2   5   3   7     5       2
  3   5   3   9     5       1
  4   5   3   12    5       1
  5   5   3   15    5       1

  n   m   l   deg   alpha   sigma
  1   1   4   4     1       1
  2   1   4   8     2       1
  3   1   4   12    3       1
  4   1   4   16    4       1
  5   1   4   20    5       1

  n   m   l   deg   alpha   sigma
  1   2   4   5     2       2
  2   2   4   8     2       1
  3   2   4   12    3       1
  4   2   4   16    4       1
  5   2   4   20    5       1

  n   m   l   deg   alpha   sigma
  1   3   4   6     3       3
  2   3   4   8     3       1
  3   3   4   12    3       1
  4   3   4   16    4       1
  5   3   4   20    5       1

  n   m   l   deg   alpha   sigma
  1   4   4   7     4       4
  2   4   4   8     4       2
  3   4   4   12    4       1
  4   4   4   16    4       1
  5   4   4   20    5       1

  n   m   l   deg   alpha   sigma
  1   5   4   8     5       5
  2   5   4   8     5       2
  3   5   4   12    5       1
  4   5   4   16    5       1
  5   5   4   20    5       1

  n   m   l   deg   alpha   sigma
  1   1   5   5     1       1
  2   1   5   10    2       1
  3   1   5   15    3       1
  4   1   5   20    4       1
  5   1   5   25    5       1

  n   m   l   deg   alpha   sigma
  1   2   5   6     2       2
  2   2   5   10    2       1
  3   2   5   15    3       1
  4   2   5   20    4       1
  5   2   5   25    5       1

  n   m   l   deg   alpha   sigma
  1   3   5   7     3       3
  2   3   5   10    3       1
  3   3   5   15    3       1
  4   3   5   20    4       1
  5   3   5   25    5       1

  n   m   l   deg   alpha   sigma
  1   4   5   8     4       4
  2   4   5   10    4       2
  3   4   5   15    4       1
  4   4   5   20    4       1
  5   4   5   25    5       1

  n   m   l   deg   alpha   sigma
  1   5   5   9     5       5
  2   5   5   10    5       2
  3   5   5   15    5       1
  4   5   5   20    5       1
  5   5   5   25    5       1


Adjacency matrices: 
n = 2
m = 2
l = 2
[0 0 1 1 1 1]
[0 0 1 1 1 1]
[1 1 0 1 0 0]
[1 1 1 0 0 0]
[1 1 0 0 0 1]
[1 1 0 0 1 0]

Eigenvalues: 
1: -2.372281323269014
2: -1.0000000000000004
3: -1.0
4: 2.954024987297208e-17
5: 1.0
6: 3.372281323269014

n = 3
m = 2
l = 2
[0 0 1 1 1 1 1 1]
[0 0 1 1 1 1 1 1]
[1 1 0 1 0 0 0 0]
[1 1 1 0 0 0 0 0]
[1 1 0 0 0 1 0 0]
[1 1 0 0 1 0 0 0]
[1 1 0 0 0 0 0 1]
[1 1 0 0 0 0 1 0]

Eigenvalues: 
1: -2.9999999999999996
2: -1.0000000000000002
3: -0.9999999999999998
4: -0.9999999999999997
5: 6.928051882182373e-17
6: 0.9999999999999991
7: 0.9999999999999999
8: 4.000000000000002

n = 4
m = 2
l = 2
[0 0 1 1 1 1 1 1 1 1]
[0 0 1 1 1 1 1 1 1 1]
[1 1 0 1 0 0 0 0 0 0]
[1 1 1 0 0 0 0 0 0 0]
[1 1 0 0 0 1 0 0 0 0]
[1 1 0 0 1 0 0 0 0 0]
[1 1 0 0 0 0 0 1 0 0]
[1 1 0 0 0 0 1 0 0 0]
[1 1 0 0 0 0 0 0 0 1]
[1 1 0 0 0 0 0 0 1 0]

Eigenvalues: 
1: -3.5311288741492746
2: -1.0000000000000004
3: -1.0
4: -1.0
5: -0.9999999999999997
6: -4.769134306220613e-16
7: 1.0
8: 1.0000000000000002
9: 1.0000000000000004
10: 4.531128874149275

n = 2
m = 3
l = 2
[0 0 0 1 1 1 1]
[0 0 0 1 1 1 1]
[0 0 0 1 1 1 1]
[1 1 1 0 1 0 0]
[1 1 1 1 0 0 0]
[1 1 1 0 0 0 1]
[1 1 1 0 0 1 0]

Eigenvalues: 
1: -2.9999999999999996
2: -1.0
3: -0.9999999999999998
4: -6.369687763352339e-17
5: -3.0682921481339775e-17
6: 0.9999999999999997
7: 4.000000000000001

n = 3
m = 3
l = 2
[0 0 0 1 1 1 1 1 1]
[0 0 0 1 1 1 1 1 1]
[0 0 0 1 1 1 1 1 1]
[1 1 1 0 1 0 0 0 0]
[1 1 1 1 0 0 0 0 0]
[1 1 1 0 0 0 1 0 0]
[1 1 1 0 0 1 0 0 0]
[1 1 1 0 0 0 0 0 1]
[1 1 1 0 0 0 0 1 0]

Eigenvalues: 
1: -3.7720018726587665
2: -0.9999999999999998
3: -0.9999999999999997
4: -0.9999999999999994
5: -6.443231124630436e-17
6: 3.9457998743467724e-16
7: 0.9999999999999996
8: 1.0000000000000002
9: 4.772001872658767

n = 4
m = 3
l = 2
[0 0 0 1 1 1 1 1 1 1 1]
[0 0 0 1 1 1 1 1 1 1 1]
[0 0 0 1 1 1 1 1 1 1 1]
[1 1 1 0 1 0 0 0 0 0 0]
[1 1 1 1 0 0 0 0 0 0 0]
[1 1 1 0 0 0 1 0 0 0 0]
[1 1 1 0 0 1 0 0 0 0 0]
[1 1 1 0 0 0 0 0 1 0 0]
[1 1 1 0 0 0 0 1 0 0 0]
[1 1 1 0 0 0 0 0 0 0 1]
[1 1 1 0 0 0 0 0 0 1 0]

Eigenvalues: 
1: -4.424428900898054
2: -1.0000000000000004
3: -1.0
4: -0.9999999999999999
5: -0.9999999999999999
6: -1.7336292126374387e-16
7: 2.8125267053492446e-16
8: 1.0
9: 1.0000000000000002
10: 1.0000000000000004
11: 5.424428900898054

n = 2
m = 4
l = 2
[0 0 0 0 1 1 1 1]
[0 0 0 0 1 1 1 1]
[0 0 0 0 1 1 1 1]
[0 0 0 0 1 1 1 1]
[1 1 1 1 0 1 0 0]
[1 1 1 1 1 0 0 0]
[1 1 1 1 0 0 0 1]
[1 1 1 1 0 0 1 0]

Eigenvalues: 
1: -3.5311288741492746
2: -1.0000000000000007
3: -1.0
4: -5.043708506402567e-16
5: -1.90318372566675e-17
6: 5.551115123125783e-17
7: 1.0000000000000009
8: 4.531128874149277

n = 3
m = 4
l = 2
[0 0 0 0 1 1 1 1 1 1]
[0 0 0 0 1 1 1 1 1 1]
[0 0 0 0 1 1 1 1 1 1]
[0 0 0 0 1 1 1 1 1 1]
[1 1 1 1 0 1 0 0 0 0]
[1 1 1 1 1 0 0 0 0 0]
[1 1 1 1 0 0 0 1 0 0]
[1 1 1 1 0 0 1 0 0 0]
[1 1 1 1 0 0 0 0 0 1]
[1 1 1 1 0 0 0 0 1 0]

Eigenvalues: 
1: -4.424428900898053
2: -1.0000000000000004
3: -1.0
4: -0.9999999999999999
5: -1.714519315939056e-17
6: 1.5302723860896427e-17
7: 3.3335279695451587e-16
8: 0.9999999999999999
9: 1.0000000000000004
10: 5.424428900898051

n = 4
m = 4
l = 2
[0 0 0 0 1 1 1 1 1 1 1 1]
[0 0 0 0 1 1 1 1 1 1 1 1]
[0 0 0 0 1 1 1 1 1 1 1 1]
[0 0 0 0 1 1 1 1 1 1 1 1]
[1 1 1 1 0 1 0 0 0 0 0 0]
[1 1 1 1 1 0 0 0 0 0 0 0]
[1 1 1 1 0 0 0 1 0 0 0 0]
[1 1 1 1 0 0 1 0 0 0 0 0]
[1 1 1 1 0 0 0 0 0 1 0 0]
[1 1 1 1 0 0 0 0 1 0 0 0]
[1 1 1 1 0 0 0 0 0 0 0 1]
[1 1 1 1 0 0 0 0 0 0 1 0]

Eigenvalues: 
1: (-5.178908345800274+0j)
2: (-1+0j)
3: (-1+0j)
4: (-1+0j)
5: (-0.9999999999999996+0j)
6: 0j
7: (1.1821604914097662e-16+0j)
8: (1.1821604914097662e-16+0j)
9: (0.9999999999999997+0j)
10: (1+0j)
11: (1+0j)
12: (6.178908345800272+0j)

n = 2
m = 2
l = 3
[0 0 1 1 1 1 1 1]
[0 0 1 1 1 1 1 1]
[1 1 0 1 1 0 0 0]
[1 1 1 0 1 0 0 0]
[1 1 1 1 0 0 0 0]
[1 1 0 0 0 0 1 1]
[1 1 0 0 0 1 0 1]
[1 1 0 0 0 1 1 0]

Eigenvalues: 
1: -2.605551275463989
2: -0.9999999999999999
3: -0.9999999999999999
4: -0.9999999999999999
5: -0.9999999999999992
6: 1.6534083130403943e-16
7: 2.0
8: 4.605551275463993

n = 3
m = 2
l = 3
[0 0 1 1 1 1 1 1 1 1 1]
[0 0 1 1 1 1 1 1 1 1 1]
[1 1 0 1 1 0 0 0 0 0 0]
[1 1 1 0 1 0 0 0 0 0 0]
[1 1 1 1 0 0 0 0 0 0 0]
[1 1 0 0 0 0 1 1 0 0 0]
[1 1 0 0 0 1 0 1 0 0 0]
[1 1 0 0 0 1 1 0 0 0 0]
[1 1 0 0 0 0 0 0 0 1 1]
[1 1 0 0 0 0 0 0 1 0 1]
[1 1 0 0 0 0 0 0 1 1 0]

Eigenvalues: 
1: (-3.358898943540673+0j)
2: (-1.0000000000000009+0j)
3: (-1.0000000000000002+0j)
4: (-1.0000000000000002+0j)
5: (-1+0j)
6: (-0.9999999999999999+0j)
7: (-0.9999999999999998+0j)
8: (-5.148876117133661e-16+0j)
9: (1.9999999999999987+0j)
10: (1.9999999999999996+0j)
11: (5.358898943540672+0j)

n = 4
m = 2
l = 3
[0 0 1 1 1 1 1 1 1 1 1 1 1 1]
[0 0 1 1 1 1 1 1 1 1 1 1 1 1]
[1 1 0 1 1 0 0 0 0 0 0 0 0 0]
[1 1 1 0 1 0 0 0 0 0 0 0 0 0]
[1 1 1 1 0 0 0 0 0 0 0 0 0 0]
[1 1 0 0 0 0 1 1 0 0 0 0 0 0]
[1 1 0 0 0 1 0 1 0 0 0 0 0 0]
[1 1 0 0 0 1 1 0 0 0 0 0 0 0]
[1 1 0 0 0 0 0 0 0 1 1 0 0 0]
[1 1 0 0 0 0 0 0 1 0 1 0 0 0]
[1 1 0 0 0 0 0 0 1 1 0 0 0 0]
[1 1 0 0 0 0 0 0 0 0 0 0 1 1]
[1 1 0 0 0 0 0 0 0 0 0 1 0 1]
[1 1 0 0 0 0 0 0 0 0 0 1 1 0]

Eigenvalues: 
1: -4.000000000000001
2: -1.0000000000000004
3: -1.0000000000000002
4: -1.0000000000000002
5: -1.0000000000000002
6: -1.0
7: -0.9999999999999999
8: -0.9999999999999998
9: -0.9999999999999996
10: 3.1786243202427833e-16
11: 2.0
12: 2.000000000000001
13: 2.000000000000001
14: 6.000000000000001

n = 2
m = 3
l = 3
[0 0 0 1 1 1 1 1 1]
[0 0 0 1 1 1 1 1 1]
[0 0 0 1 1 1 1 1 1]
[1 1 1 0 1 1 0 0 0]
[1 1 1 1 0 1 0 0 0]
[1 1 1 1 1 0 0 0 0]
[1 1 1 0 0 0 0 1 1]
[1 1 1 0 0 0 1 0 1]
[1 1 1 0 0 0 1 1 0]

Eigenvalues: 
1: -3.3588989435406766
2: -1.000000000000001
3: -1.0
4: -0.9999999999999998
5: -0.9999999999999993
6: 5.500993094082524e-17
7: 5.734564666325537e-16
8: 2.0
9: 5.358898943540675

n = 3
m = 3
l = 3
[0 0 0 1 1 1 1 1 1 1 1 1]
[0 0 0 1 1 1 1 1 1 1 1 1]
[0 0 0 1 1 1 1 1 1 1 1 1]
[1 1 1 0 1 1 0 0 0 0 0 0]
[1 1 1 1 0 1 0 0 0 0 0 0]
[1 1 1 1 1 0 0 0 0 0 0 0]
[1 1 1 0 0 0 0 1 1 0 0 0]
[1 1 1 0 0 0 1 0 1 0 0 0]
[1 1 1 0 0 0 1 1 0 0 0 0]
[1 1 1 0 0 0 0 0 0 0 1 1]
[1 1 1 0 0 0 0 0 0 1 0 1]
[1 1 1 0 0 0 0 0 0 1 1 0]

Eigenvalues: 
1: -4.29150262212918
2: -1.0000000000000002
3: -1.0
4: -1.0
5: -0.9999999999999999
6: -0.9999999999999998
7: -0.9999999999999994
8: -3.606102634665536e-16
9: -1.8127860323957634e-16
10: 1.9999999999999993
11: 2.0000000000000004
12: 6.291502622129187

n = 4
m = 3
l = 3
[0 0 0 1 1 1 1 1 1 1 1 1 1 1 1]
[0 0 0 1 1 1 1 1 1 1 1 1 1 1 1]
[0 0 0 1 1 1 1 1 1 1 1 1 1 1 1]
[1 1 1 0 1 1 0 0 0 0 0 0 0 0 0]
[1 1 1 1 0 1 0 0 0 0 0 0 0 0 0]
[1 1 1 1 1 0 0 0 0 0 0 0 0 0 0]
[1 1 1 0 0 0 0 1 1 0 0 0 0 0 0]
[1 1 1 0 0 0 1 0 1 0 0 0 0 0 0]
[1 1 1 0 0 0 1 1 0 0 0 0 0 0 0]
[1 1 1 0 0 0 0 0 0 0 1 1 0 0 0]
[1 1 1 0 0 0 0 0 0 1 0 1 0 0 0]
[1 1 1 0 0 0 0 0 0 1 1 0 0 0 0]
[1 1 1 0 0 0 0 0 0 0 0 0 0 1 1]
[1 1 1 0 0 0 0 0 0 0 0 0 1 0 1]
[1 1 1 0 0 0 0 0 0 0 0 0 1 1 0]

Eigenvalues: 
1: (-5.08276253029822+0j)
2: (-1.0000000000000009+0j)
3: (-1.0000000000000007+0j)
4: (-1+0j)
5: (-1+0j)
6: (-1+0j)
7: (-1+0j)
8: (-0.9999999999999998+0j)
9: (-0.9999999999999993+0j)
10: (1.01863923979871e-16+0j)
11: (1.01863923979871e-16+0j)
12: (1.9999999999999984+0j)
13: (1.9999999999999998+0j)
14: (2+0j)
15: (7.0827625302982185+0j)

n = 2
m = 4
l = 3
[0 0 0 0 1 1 1 1 1 1]
[0 0 0 0 1 1 1 1 1 1]
[0 0 0 0 1 1 1 1 1 1]
[0 0 0 0 1 1 1 1 1 1]
[1 1 1 1 0 1 1 0 0 0]
[1 1 1 1 1 0 1 0 0 0]
[1 1 1 1 1 1 0 0 0 0]
[1 1 1 1 0 0 0 0 1 1]
[1 1 1 1 0 0 0 1 0 1]
[1 1 1 1 0 0 0 1 1 0]

Eigenvalues: 
1: -4.0000000000000036
2: -1.0000000000000002
3: -1.0
4: -1.0
5: -0.9999999999999999
6: -4.1605814749793845e-17
7: 0.0
8: 4.895679508161811e-16
9: 2.000000000000001
10: 6.0000000000000036

n = 3
m = 4
l = 3
[0 0 0 0 1 1 1 1 1 1 1 1 1]
[0 0 0 0 1 1 1 1 1 1 1 1 1]
[0 0 0 0 1 1 1 1 1 1 1 1 1]
[0 0 0 0 1 1 1 1 1 1 1 1 1]
[1 1 1 1 0 1 1 0 0 0 0 0 0]
[1 1 1 1 1 0 1 0 0 0 0 0 0]
[1 1 1 1 1 1 0 0 0 0 0 0 0]
[1 1 1 1 0 0 0 0 1 1 0 0 0]
[1 1 1 1 0 0 0 1 0 1 0 0 0]
[1 1 1 1 0 0 0 1 1 0 0 0 0]
[1 1 1 1 0 0 0 0 0 0 0 1 1]
[1 1 1 1 0 0 0 0 0 0 1 0 1]
[1 1 1 1 0 0 0 0 0 0 1 1 0]

Eigenvalues: 
1: -5.08276253029822
2: -1.0000000000000002
3: -0.9999999999999999
4: -0.9999999999999998
5: -0.9999999999999998
6: -0.9999999999999996
7: -0.9999999999999996
8: -3.1257088626862146e-16
9: -7.52982736131108e-17
10: 0.0
11: 1.9999999999999996
12: 1.9999999999999996
13: 7.082762530298217

n = 4
m = 4
l = 3
[0 0 0 0 1 1 1 1 1 1 1 1 1 1 1 1]
[0 0 0 0 1 1 1 1 1 1 1 1 1 1 1 1]
[0 0 0 0 1 1 1 1 1 1 1 1 1 1 1 1]
[0 0 0 0 1 1 1 1 1 1 1 1 1 1 1 1]
[1 1 1 1 0 1 1 0 0 0 0 0 0 0 0 0]
[1 1 1 1 1 0 1 0 0 0 0 0 0 0 0 0]
[1 1 1 1 1 1 0 0 0 0 0 0 0 0 0 0]
[1 1 1 1 0 0 0 0 1 1 0 0 0 0 0 0]
[1 1 1 1 0 0 0 1 0 1 0 0 0 0 0 0]
[1 1 1 1 0 0 0 1 1 0 0 0 0 0 0 0]
[1 1 1 1 0 0 0 0 0 0 0 1 1 0 0 0]
[1 1 1 1 0 0 0 0 0 0 1 0 1 0 0 0]
[1 1 1 1 0 0 0 0 0 0 1 1 0 0 0 0]
[1 1 1 1 0 0 0 0 0 0 0 0 0 0 1 1]
[1 1 1 1 0 0 0 0 0 0 0 0 0 1 0 1]
[1 1 1 1 0 0 0 0 0 0 0 0 0 1 1 0]

Eigenvalues: 
1: -5.999999999999999
2: -1.0000000000000004
3: -1.0000000000000002
4: -1.0
5: -1.0
6: -0.9999999999999999
7: -0.9999999999999998
8: -0.9999999999999997
9: -0.9999999999999996
10: -2.5989765681278517e-16
11: 9.373039883373815e-17
12: 2.220446049250313e-16
13: 1.9999999999999998
14: 2.0
15: 2.0000000000000018
16: 7.999999999999998

n = 2
m = 2
l = 4
[0 0 1 1 1 1 1 1 1 1]
[0 0 1 1 1 1 1 1 1 1]
[1 1 0 1 1 1 0 0 0 0]
[1 1 1 0 1 1 0 0 0 0]
[1 1 1 1 0 1 0 0 0 0]
[1 1 1 1 1 0 0 0 0 0]
[1 1 0 0 0 0 0 1 1 1]
[1 1 0 0 0 0 1 0 1 1]
[1 1 0 0 0 0 1 1 0 1]
[1 1 0 0 0 0 1 1 1 0]

Eigenvalues: 
1: -2.7720018726587647
2: -1.0
3: -1.0
4: -0.9999999999999998
5: -0.9999999999999998
6: -0.9999999999999996
7: -0.9999999999999991
8: -2.62311055440031e-16
9: 3.0
10: 5.772001872658764

n = 3
m = 2
l = 4
[0 0 1 1 1 1 1 1 1 1 1 1 1 1]
[0 0 1 1 1 1 1 1 1 1 1 1 1 1]
[1 1 0 1 1 1 0 0 0 0 0 0 0 0]
[1 1 1 0 1 1 0 0 0 0 0 0 0 0]
[1 1 1 1 0 1 0 0 0 0 0 0 0 0]
[1 1 1 1 1 0 0 0 0 0 0 0 0 0]
[1 1 0 0 0 0 0 1 1 1 0 0 0 0]
[1 1 0 0 0 0 1 0 1 1 0 0 0 0]
[1 1 0 0 0 0 1 1 0 1 0 0 0 0]
[1 1 0 0 0 0 1 1 1 0 0 0 0 0]
[1 1 0 0 0 0 0 0 0 0 0 1 1 1]
[1 1 0 0 0 0 0 0 0 0 1 0 1 1]
[1 1 0 0 0 0 0 0 0 0 1 1 0 1]
[1 1 0 0 0 0 0 0 0 0 1 1 1 0]

Eigenvalues: 
1: -3.6234753829798003
2: -1.0000000000000007
3: -1.0000000000000002
4: -1.0000000000000002
5: -1.0000000000000002
6: -1.0
7: -0.9999999999999998
8: -0.9999999999999996
9: -0.9999999999999993
10: -0.9999999999999991
11: 5.792200010666888e-16
12: 2.999999999999999
13: 3.0
14: 6.623475382979799

n = 4
m = 2
l = 4
[0 0 1 1 1 1 1 1 1 1 1 1 1 1 1 1 1 1]
[0 0 1 1 1 1 1 1 1 1 1 1 1 1 1 1 1 1]
[1 1 0 1 1 1 0 0 0 0 0 0 0 0 0 0 0 0]
[1 1 1 0 1 1 0 0 0 0 0 0 0 0 0 0 0 0]
[1 1 1 1 0 1 0 0 0 0 0 0 0 0 0 0 0 0]
[1 1 1 1 1 0 0 0 0 0 0 0 0 0 0 0 0 0]
[1 1 0 0 0 0 0 1 1 1 0 0 0 0 0 0 0 0]
[1 1 0 0 0 0 1 0 1 1 0 0 0 0 0 0 0 0]
[1 1 0 0 0 0 1 1 0 1 0 0 0 0 0 0 0 0]
[1 1 0 0 0 0 1 1 1 0 0 0 0 0 0 0 0 0]
[1 1 0 0 0 0 0 0 0 0 0 1 1 1 0 0 0 0]
[1 1 0 0 0 0 0 0 0 0 1 0 1 1 0 0 0 0]
[1 1 0 0 0 0 0 0 0 0 1 1 0 1 0 0 0 0]
[1 1 0 0 0 0 0 0 0 0 1 1 1 0 0 0 0 0]
[1 1 0 0 0 0 0 0 0 0 0 0 0 0 0 1 1 1]
[1 1 0 0 0 0 0 0 0 0 0 0 0 0 1 0 1 1]
[1 1 0 0 0 0 0 0 0 0 0 0 0 0 1 1 0 1]
[1 1 0 0 0 0 0 0 0 0 0 0 0 0 1 1 1 0]

Eigenvalues: 
1: -4.352349955359816
2: -1.0000000000000002
3: -1.0
4: -1.0
5: -1.0
6: -1.0
7: -0.9999999999999999
8: -0.9999999999999999
9: -0.9999999999999998
10: -0.9999999999999997
11: -0.9999999999999996
12: -0.9999999999999996
13: -0.9999999999999996
14: 2.521354604792457e-16
15: 2.9999999999999987
16: 2.9999999999999996
17: 3.0
18: 7.35234995535981

n = 2
m = 3
l = 4
[0 0 0 1 1 1 1 1 1 1 1]
[0 0 0 1 1 1 1 1 1 1 1]
[0 0 0 1 1 1 1 1 1 1 1]
[1 1 1 0 1 1 1 0 0 0 0]
[1 1 1 1 0 1 1 0 0 0 0]
[1 1 1 1 1 0 1 0 0 0 0]
[1 1 1 1 1 1 0 0 0 0 0]
[1 1 1 0 0 0 0 0 1 1 1]
[1 1 1 0 0 0 0 1 0 1 1]
[1 1 1 0 0 0 0 1 1 0 1]
[1 1 1 0 0 0 0 1 1 1 0]

Eigenvalues: 
1: -3.6234753829797985
2: -1.0000000000000002
3: -1.0
4: -1.0
5: -0.9999999999999999
6: -0.9999999999999999
7: -0.9999999999999997
8: 0.0
9: 1.535924798001165e-16
10: 2.9999999999999982
11: 6.623475382979796

n = 3
m = 3
l = 4
[0 0 0 1 1 1 1 1 1 1 1 1 1 1 1]
[0 0 0 1 1 1 1 1 1 1 1 1 1 1 1]
[0 0 0 1 1 1 1 1 1 1 1 1 1 1 1]
[1 1 1 0 1 1 1 0 0 0 0 0 0 0 0]
[1 1 1 1 0 1 1 0 0 0 0 0 0 0 0]
[1 1 1 1 1 0 1 0 0 0 0 0 0 0 0]
[1 1 1 1 1 1 0 0 0 0 0 0 0 0 0]
[1 1 1 0 0 0 0 0 1 1 1 0 0 0 0]
[1 1 1 0 0 0 0 1 0 1 1 0 0 0 0]
[1 1 1 0 0 0 0 1 1 0 1 0 0 0 0]
[1 1 1 0 0 0 0 1 1 1 0 0 0 0 0]
[1 1 1 0 0 0 0 0 0 0 0 0 1 1 1]
[1 1 1 0 0 0 0 0 0 0 0 1 0 1 1]
[1 1 1 0 0 0 0 0 0 0 0 1 1 0 1]
[1 1 1 0 0 0 0 0 0 0 0 1 1 1 0]

Eigenvalues: 
1: -4.68465843842649
2: -1.0000000000000004
3: -1.0000000000000004
4: -1.0000000000000002
5: -0.9999999999999999
6: -0.9999999999999999
7: -0.9999999999999994
8: -0.9999999999999993
9: -0.9999999999999993
10: -0.9999999999999991
11: -2.6493102402638438e-17
12: 5.349732965678546e-16
13: 2.9999999999999987
14: 3.000000000000001
15: 7.684658438426492

n = 4
m = 3
l = 4
[0 0 0 1 1 1 1 1 1 1 1 1 1 1 1 1 1 1 1]
[0 0 0 1 1 1 1 1 1 1 1 1 1 1 1 1 1 1 1]
[0 0 0 1 1 1 1 1 1 1 1 1 1 1 1 1 1 1 1]
[1 1 1 0 1 1 1 0 0 0 0 0 0 0 0 0 0 0 0]
[1 1 1 1 0 1 1 0 0 0 0 0 0 0 0 0 0 0 0]
[1 1 1 1 1 0 1 0 0 0 0 0 0 0 0 0 0 0 0]
[1 1 1 1 1 1 0 0 0 0 0 0 0 0 0 0 0 0 0]
[1 1 1 0 0 0 0 0 1 1 1 0 0 0 0 0 0 0 0]
[1 1 1 0 0 0 0 1 0 1 1 0 0 0 0 0 0 0 0]
[1 1 1 0 0 0 0 1 1 0 1 0 0 0 0 0 0 0 0]
[1 1 1 0 0 0 0 1 1 1 0 0 0 0 0 0 0 0 0]
[1 1 1 0 0 0 0 0 0 0 0 0 1 1 1 0 0 0 0]
[1 1 1 0 0 0 0 0 0 0 0 1 0 1 1 0 0 0 0]
[1 1 1 0 0 0 0 0 0 0 0 1 1 0 1 0 0 0 0]
[1 1 1 0 0 0 0 0 0 0 0 1 1 1 0 0 0 0 0]
[1 1 1 0 0 0 0 0 0 0 0 0 0 0 0 0 1 1 1]
[1 1 1 0 0 0 0 0 0 0 0 0 0 0 0 1 0 1 1]
[1 1 1 0 0 0 0 0 0 0 0 0 0 0 0 1 1 0 1]
[1 1 1 0 0 0 0 0 0 0 0 0 0 0 0 1 1 1 0]

Eigenvalues: 
1: -5.588723439378909
2: -1.0000000000000009
3: -1.0000000000000007
4: -1.0000000000000004
5: -1.0
6: -1.0
7: -0.9999999999999999
8: -0.9999999999999998
9: -0.9999999999999998
10: -0.9999999999999997
11: -0.9999999999999996
12: -0.9999999999999993
13: -0.999999999999999
14: -4.440892098500626e-16
15: 1.3590474232105798e-16
16: 3.0
17: 3.0000000000000004
18: 3.0000000000000013
19: 8.588723439378917

n = 2
m = 4
l = 4
[0 0 0 0 1 1 1 1 1 1 1 1]
[0 0 0 0 1 1 1 1 1 1 1 1]
[0 0 0 0 1 1 1 1 1 1 1 1]
[0 0 0 0 1 1 1 1 1 1 1 1]
[1 1 1 1 0 1 1 1 0 0 0 0]
[1 1 1 1 1 0 1 1 0 0 0 0]
[1 1 1 1 1 1 0 1 0 0 0 0]
[1 1 1 1 1 1 1 0 0 0 0 0]
[1 1 1 1 0 0 0 0 0 1 1 1]
[1 1 1 1 0 0 0 0 1 0 1 1]
[1 1 1 1 0 0 0 0 1 1 0 1]
[1 1 1 1 0 0 0 0 1 1 1 0]

Eigenvalues: 
1: -4.352349955359814
2: -1.0000000000000004
3: -1.0000000000000004
4: -1.0000000000000002
5: -1.0000000000000002
6: -1.0
7: -0.9999999999999997
8: -3.445196125392528e-16
9: -1.591926251890407e-16
10: 8.336685622643558e-17
11: 3.0
12: 7.352349955359812

n = 3
m = 4
l = 4
[0 0 0 0 1 1 1 1 1 1 1 1 1 1 1 1]
[0 0 0 0 1 1 1 1 1 1 1 1 1 1 1 1]
[0 0 0 0 1 1 1 1 1 1 1 1 1 1 1 1]
[0 0 0 0 1 1 1 1 1 1 1 1 1 1 1 1]
[1 1 1 1 0 1 1 1 0 0 0 0 0 0 0 0]
[1 1 1 1 1 0 1 1 0 0 0 0 0 0 0 0]
[1 1 1 1 1 1 0 1 0 0 0 0 0 0 0 0]
[1 1 1 1 1 1 1 0 0 0 0 0 0 0 0 0]
[1 1 1 1 0 0 0 0 0 1 1 1 0 0 0 0]
[1 1 1 1 0 0 0 0 1 0 1 1 0 0 0 0]
[1 1 1 1 0 0 0 0 1 1 0 1 0 0 0 0]
[1 1 1 1 0 0 0 0 1 1 1 0 0 0 0 0]
[1 1 1 1 0 0 0 0 0 0 0 0 0 1 1 1]
[1 1 1 1 0 0 0 0 0 0 0 0 1 0 1 1]
[1 1 1 1 0 0 0 0 0 0 0 0 1 1 0 1]
[1 1 1 1 0 0 0 0 0 0 0 0 1 1 1 0]

Eigenvalues: 
1: -5.588723439378915
2: -1.0000000000000004
3: -1.0000000000000002
4: -1.0000000000000002
5: -1.0000000000000002
6: -1.0
7: -0.9999999999999999
8: -0.9999999999999997
9: -0.9999999999999997
10: -0.9999999999999994
11: -1.212804700127724e-16
12: -1.143200915162571e-16
13: 3.005294413539976e-16
14: 2.9999999999999987
15: 3.0000000000000013
16: 8.588723439378914

n = 4
m = 4
l = 4
[0 0 0 0 1 1 1 1 1 1 1 1 1 1 1 1 1 1 1 1]
[0 0 0 0 1 1 1 1 1 1 1 1 1 1 1 1 1 1 1 1]
[0 0 0 0 1 1 1 1 1 1 1 1 1 1 1 1 1 1 1 1]
[0 0 0 0 1 1 1 1 1 1 1 1 1 1 1 1 1 1 1 1]
[1 1 1 1 0 1 1 1 0 0 0 0 0 0 0 0 0 0 0 0]
[1 1 1 1 1 0 1 1 0 0 0 0 0 0 0 0 0 0 0 0]
[1 1 1 1 1 1 0 1 0 0 0 0 0 0 0 0 0 0 0 0]
[1 1 1 1 1 1 1 0 0 0 0 0 0 0 0 0 0 0 0 0]
[1 1 1 1 0 0 0 0 0 1 1 1 0 0 0 0 0 0 0 0]
[1 1 1 1 0 0 0 0 1 0 1 1 0 0 0 0 0 0 0 0]
[1 1 1 1 0 0 0 0 1 1 0 1 0 0 0 0 0 0 0 0]
[1 1 1 1 0 0 0 0 1 1 1 0 0 0 0 0 0 0 0 0]
[1 1 1 1 0 0 0 0 0 0 0 0 0 1 1 1 0 0 0 0]
[1 1 1 1 0 0 0 0 0 0 0 0 1 0 1 1 0 0 0 0]
[1 1 1 1 0 0 0 0 0 0 0 0 1 1 0 1 0 0 0 0]
[1 1 1 1 0 0 0 0 0 0 0 0 1 1 1 0 0 0 0 0]
[1 1 1 1 0 0 0 0 0 0 0 0 0 0 0 0 0 1 1 1]
[1 1 1 1 0 0 0 0 0 0 0 0 0 0 0 0 1 0 1 1]
[1 1 1 1 0 0 0 0 0 0 0 0 0 0 0 0 1 1 0 1]
[1 1 1 1 0 0 0 0 0 0 0 0 0 0 0 0 1 1 1 0]

Eigenvalues: 
1: -6.639410298049853
2: -1.0000000000000002
3: -1.0000000000000002
4: -1.0
5: -0.9999999999999999
6: -0.9999999999999999
7: -0.9999999999999998
8: -0.9999999999999998
9: -0.9999999999999996
10: -0.9999999999999996
11: -0.9999999999999996
12: -0.9999999999999993
13: -0.9999999999999989
14: -1.5872719805187785e-16
15: -1.884958004062158e-17
16: 7.070517365830133e-17
17: 2.9999999999999982
18: 2.9999999999999996
19: 3.0000000000000004
20: 9.639410298049848

