Tables using graphs:
n = 1
+---+---+---+---+---+---+---+
|   | m | 1 | 2 | 3 | 4 | 5 |
+---+---+---+---+---+---+---+
| l |   |   |   |   |   |   |
+---+---+---+---+---+---+---+
| 1 |   | 1 | 2 | 3 | 4 | 5 |
+---+---+---+---+---+---+---+
| 2 |   | 2 | 2 | 2 | 3 | 4 |
+---+---+---+---+---+---+---+
| 3 |   | 3 | 2 | 2 | 3 | 3 |
+---+---+---+---+---+---+---+
| 4 |   | 4 | 3 | 3 | 3 | 3 |
+---+---+---+---+---+---+---+
| 5 |   | 5 | 4 | 3 | 3 | 3 |
+---+---+---+---+---+---+---+

n = 2
+---+---+----+---+---+---+---+
|   | m | 1  | 2 | 3 | 4 | 5 |
+---+---+----+---+---+---+---+
| l |   |    |   |   |   |   |
+---+---+----+---+---+---+---+
| 1 |   | 2  | 2 | 2 | 3 | 4 |
+---+---+----+---+---+---+---+
| 2 |   | 4  | 3 | 3 | 3 | 3 |
+---+---+----+---+---+---+---+
| 3 |   | 6  | 5 | 4 | 4 | 4 |
+---+---+----+---+---+---+---+
| 4 |   | 8  | 7 | 6 | 5 | 5 |
+---+---+----+---+---+---+---+
| 5 |   | 10 | 9 | 8 | 7 | 6 |
+---+---+----+---+---+---+---+

n = 3
+---+---+----+----+----+----+----+
|   | m | 1  | 2  | 3  | 4  | 5  |
+---+---+----+----+----+----+----+
| l |   |    |    |    |    |    |
+---+---+----+----+----+----+----+
| 1 |   | 3  | 2  | 2  | 3  | 3  |
+---+---+----+----+----+----+----+
| 2 |   | 6  | 5  | 4  | 4  | 4  |
+---+---+----+----+----+----+----+
| 3 |   | 9  | 8  | 7  | 6  | 5  |
+---+---+----+----+----+----+----+
| 4 |   | 12 | 11 | 10 | 9  | 8  |
+---+---+----+----+----+----+----+
| 5 |   | 15 | 14 | 13 | 12 | 11 |
+---+---+----+----+----+----+----+

n = 4
+---+---+----+----+----+----+----+
|   | m | 1  | 2  | 3  | 4  | 5  |
+---+---+----+----+----+----+----+
| l |   |    |    |    |    |    |
+---+---+----+----+----+----+----+
| 1 |   | 4  | 3  | 3  | 3  | 3  |
+---+---+----+----+----+----+----+
| 2 |   | 8  | 7  | 6  | 5  | 5  |
+---+---+----+----+----+----+----+
| 3 |   | 12 | 11 | 10 | 9  | 8  |
+---+---+----+----+----+----+----+
| 4 |   | 16 | 15 | 14 | 13 | 12 |
+---+---+----+----+----+----+----+
| 5 |   | 20 | 19 | 18 | 17 | 16 |
+---+---+----+----+----+----+----+

Tables using formulas:
n = 1
+---+---+---+---+---+---+---+
|   | m | 1 | 2 | 3 | 4 | 5 |
+---+---+---+---+---+---+---+
| l |   |   |   |   |   |   |
+---+---+---+---+---+---+---+
| 1 |   | 1 | 2 | 3 | 4 | 5 |
+---+---+---+---+---+---+---+
| 2 |   | 2 | 2 | 2 | 3 | 4 |
+---+---+---+---+---+---+---+
| 3 |   | 3 | 2 | 2 | 3 | 3 |
+---+---+---+---+---+---+---+
| 4 |   | 4 | 3 | 3 | 3 | 3 |
+---+---+---+---+---+---+---+
| 5 |   | 5 | 4 | 3 | 3 | 3 |
+---+---+---+---+---+---+---+

n = 2
+---+---+----+---+---+---+---+
|   | m | 1  | 2 | 3 | 4 | 5 |
+---+---+----+---+---+---+---+
| l |   |    |   |   |   |   |
+---+---+----+---+---+---+---+
| 1 |   | 2  | 2 | 2 | 3 | 4 |
+---+---+----+---+---+---+---+
| 2 |   | 4  | 3 | 3 | 3 | 3 |
+---+---+----+---+---+---+---+
| 3 |   | 6  | 5 | 4 | 4 | 4 |
+---+---+----+---+---+---+---+
| 4 |   | 8  | 7 | 6 | 5 | 5 |
+---+---+----+---+---+---+---+
| 5 |   | 10 | 9 | 8 | 7 | 6 |
+---+---+----+---+---+---+---+

n = 3
+---+---+----+----+----+----+----+
|   | m | 1  | 2  | 3  | 4  | 5  |
+---+---+----+----+----+----+----+
| l |   |    |    |    |    |    |
+---+---+----+----+----+----+----+
| 1 |   | 3  | 2  | 2  | 3  | 3  |
+---+---+----+----+----+----+----+
| 2 |   | 6  | 5  | 4  | 4  | 4  |
+---+---+----+----+----+----+----+
| 3 |   | 9  | 8  | 7  | 6  | 5  |
+---+---+----+----+----+----+----+
| 4 |   | 12 | 11 | 10 | 9  | 8  |
+---+---+----+----+----+----+----+
| 5 |   | 15 | 14 | 13 | 12 | 11 |
+---+---+----+----+----+----+----+

n = 4
+---+---+----+----+----+----+----+
|   | m | 1  | 2  | 3  | 4  | 5  |
+---+---+----+----+----+----+----+
| l |   |    |    |    |    |    |
+---+---+----+----+----+----+----+
| 1 |   | 4  | 3  | 3  | 3  | 3  |
+---+---+----+----+----+----+----+
| 2 |   | 8  | 7  | 6  | 5  | 5  |
+---+---+----+----+----+----+----+
| 3 |   | 12 | 11 | 10 | 9  | 8  |
+---+---+----+----+----+----+----+
| 4 |   | 16 | 15 | 14 | 13 | 12 |
+---+---+----+----+----+----+----+
| 5 |   | 20 | 19 | 18 | 17 | 16 |
+---+---+----+----+----+----+----+

