Tables using graphs: 
  n   m   l   |V|   |E|   deg   alpha   sigma
  1   1   2   3     3     2     1       1
  2   1   2   5     6     4     2       1
  3   1   2   7     9     6     3       1
  4   1   2   9     12    8     4       1

  n   m   l   |V|   |E|   deg   alpha   sigma
  1   2   2   4     5     3     2       2
  2   2   2   6     10    4     2       1
  3   2   2   8     15    6     3       1
  4   2   2   10    20    8     4       1

  n   m   l   |V|   |E|   deg   alpha   sigma
  1   3   2   5     7     4     3       3
  2   3   2   7     14    4     3       1
  3   3   2   9     21    6     3       1
  4   3   2   11    28    8     4       1

  n   m   l   |V|   |E|   deg   alpha   sigma
  1   4   2   6     9     5     4       4
  2   4   2   8     18    5     4       3
  3   4   2   10    27    6     4       1
  4   4   2   12    36    8     4       1

  n   m   l   |V|   |E|   deg   alpha   sigma
  1   5   2   7     11    6     5       5
  2   5   2   9     22    6     5       4
  3   5   2   11    33    6     5       1
  4   5   2   13    44    8     5       1

  n   m   l   |V|   |E|   deg   alpha   sigma
  1   1   3   4     5     3     2       2
  2   1   3   7     10    6     4       2
  3   1   3   10    15    9     6       2
  4   1   3   13    20    12    8       2

  n   m   l   |V|   |E|   deg   alpha   sigma
  1   2   3   5     8     4     2       2
  2   2   3   8     16    6     4       2
  3   2   3   11    24    9     6       2
  4   2   3   14    32    12    8       2

  n   m   l   |V|   |E|   deg   alpha   sigma
  1   3   3   6     11    5     3       2
  2   3   3   9     22    6     4       2
  3   3   3   12    33    9     6       2
  4   3   3   15    44    12    8       2

  n   m   l   |V|   |E|   deg   alpha   sigma
  1   4   3   7     14    6     4       3
  2   4   3   10    28    6     4       2
  3   4   3   13    42    9     6       2
  4   4   3   16    56    12    8       2

  n   m   l   |V|   |E|   deg   alpha   sigma
  1   5   3   8     17    7     5       4
  2   5   3   11    34    7     5       2
  3   5   3   14    51    9     6       2
  4   5   3   17    68    12    8       2

  n   m   l   |V|   |E|   deg   alpha   sigma
  1   1   4   5     7     4     2       1
  2   1   4   9     14    8     4       1
  3   1   4   13    21    12    6       1
  4   1   4   17    28    16    8       1

  n   m   l   |V|   |E|   deg   alpha   sigma
  1   2   4   6     11    4     2       1
  2   2   4   10    22    8     4       1
  3   2   4   14    33    12    6       1
  4   2   4   18    44    16    8       1

  n   m   l   |V|   |E|   deg   alpha   sigma
  1   3   4   7     15    5     3       2
  2   3   4   11    30    8     4       1
  3   3   4   15    45    12    6       1
  4   3   4   19    60    16    8       1

  n   m   l   |V|   |E|   deg   alpha   sigma
  1   4   4   8     19    6     4       3
  2   4   4   12    38    8     4       1
  3   4   4   16    57    12    6       1
  4   4   4   20    76    16    8       1

  n   m   l   |V|   |E|   deg   alpha   sigma
  1   5   4   9     23    7     5       4
  2   5   4   13    46    8     5       1
  3   5   4   17    69    12    6       1
  4   5   4   21    92    16    8       1

  n   m   l   |V|   |E|   deg   alpha   sigma
  1   1   5   6     9     5     3       1
  2   1   5   11    18    10    6       1
  3   1   5   16    27    15    9       1
  4   1   5   21    36    20    12      1

  n   m   l   |V|   |E|   deg   alpha   sigma
  1   2   5   7     14    5     3       1
  2   2   5   12    28    10    6       1
  3   2   5   17    42    15    9       1
  4   2   5   22    56    20    12      1

  n   m   l   |V|   |E|   deg   alpha   sigma
  1   3   5   8     19    5     3       1
  2   3   5   13    38    10    6       1
  3   3   5   18    57    15    9       1
  4   3   5   23    76    20    12      1

  n   m   l   |V|   |E|   deg   alpha   sigma
  1   4   5   9     24    6     4       2
  2   4   5   14    48    10    6       1
  3   4   5   19    72    15    9       1
  4   4   5   24    96    20    12      1

  n   m   l   |V|   |E|   deg   alpha   sigma
  1   5   5   10    29    7     5       3
  2   5   5   15    58    10    6       1
  3   5   5   20    87    15    9       1
  4   5   5   25    116   20    12      1


Tables using formulas: 
  n   m   l   deg   alpha   sigma
  1   1   2   2     1       1
  2   1   2   4     2       1
  3   1   2   6     3       1
  4   1   2   8     4       1

  n   m   l   deg   alpha   sigma
  1   2   2   3     2       X
  2   2   2   4     2       1
  3   2   2   6     3       1
  4   2   2   8     4       1

  n   m   l   deg   alpha   sigma
  1   3   2   4     3       X
  2   3   2   4     3       X
  3   3   2   6     3       1
  4   3   2   8     4       1

  n   m   l   deg   alpha   sigma
  1   4   2   5     4       X
  2   4   2   5     4       X
  3   4   2   6     4       X
  4   4   2   8     4       1

  n   m   l   deg   alpha   sigma
  1   5   2   6     5       X
  2   5   2   6     5       X
  3   5   2   6     5       X
  4   5   2   8     5       X

  n   m   l   deg   alpha   sigma
  1   1   3   3     2       2
  2   1   3   6     4       2
  3   1   3   9     6       2
  4   1   3   12    8       2

  n   m   l   deg   alpha   sigma
  1   2   3   4     2       2
  2   2   3   6     4       2
  3   2   3   9     6       2
  4   2   3   12    8       2

  n   m   l   deg   alpha   sigma
  1   3   3   5     3       X
  2   3   3   6     4       2
  3   3   3   9     6       2
  4   3   3   12    8       2

  n   m   l   deg   alpha   sigma
  1   4   3   6     4       X
  2   4   3   6     4       2
  3   4   3   9     6       2
  4   4   3   12    8       2

  n   m   l   deg   alpha   sigma
  1   5   3   7     5       X
  2   5   3   7     5       X
  3   5   3   9     6       2
  4   5   3   12    8       2

  n   m   l   deg   alpha   sigma
  1   1   4   4     2       1
  2   1   4   8     4       1
  3   1   4   12    6       1
  4   1   4   16    8       1

  n   m   l   deg   alpha   sigma
  1   2   4   4     2       1
  2   2   4   8     4       1
  3   2   4   12    6       1
  4   2   4   16    8       1

  n   m   l   deg   alpha   sigma
  1   3   4   5     3       X
  2   3   4   8     4       1
  3   3   4   12    6       1
  4   3   4   16    8       1

  n   m   l   deg   alpha   sigma
  1   4   4   6     4       X
  2   4   4   8     4       1
  3   4   4   12    6       1
  4   4   4   16    8       1

  n   m   l   deg   alpha   sigma
  1   5   4   7     5       X
  2   5   4   8     5       X
  3   5   4   12    6       1
  4   5   4   16    8       1

  n   m   l   deg   alpha   sigma
  1   1   5   5     3       1
  2   1   5   10    6       1
  3   1   5   15    9       1
  4   1   5   20    12      1

  n   m   l   deg   alpha   sigma
  1   2   5   5     3       1
  2   2   5   10    6       1
  3   2   5   15    9       1
  4   2   5   20    12      1

  n   m   l   deg   alpha   sigma
  1   3   5   5     3       1
  2   3   5   10    6       1
  3   3   5   15    9       1
  4   3   5   20    12      1

  n   m   l   deg   alpha   sigma
  1   4   5   6     4       X
  2   4   5   10    6       1
  3   4   5   15    9       1
  4   4   5   20    12      1

  n   m   l   deg   alpha   sigma
  1   5   5   7     5       X
  2   5   5   10    6       1
  3   5   5   15    9       1
  4   5   5   20    12      1


Adjacency matrices: 
n = 2
m = 2
l = 2
[0 0 1 1 1 1]
[0 0 1 1 1 1]
[1 1 0 1 0 0]
[1 1 1 0 0 0]
[1 1 0 0 0 1]
[1 1 0 0 1 0]

Eigenvalues: 
1: -2.372281323269014
2: -1.0000000000000004
3: -1.0
4: 2.954024987297208e-17
5: 1.0
6: 3.372281323269014

n = 3
m = 2
l = 2
[0 0 1 1 1 1 1 1]
[0 0 1 1 1 1 1 1]
[1 1 0 1 0 0 0 0]
[1 1 1 0 0 0 0 0]
[1 1 0 0 0 1 0 0]
[1 1 0 0 1 0 0 0]
[1 1 0 0 0 0 0 1]
[1 1 0 0 0 0 1 0]

Eigenvalues: 
1: -2.9999999999999996
2: -1.0000000000000002
3: -0.9999999999999998
4: -0.9999999999999997
5: 6.928051882182373e-17
6: 0.9999999999999991
7: 0.9999999999999999
8: 4.000000000000002

n = 4
m = 2
l = 2
[0 0 1 1 1 1 1 1 1 1]
[0 0 1 1 1 1 1 1 1 1]
[1 1 0 1 0 0 0 0 0 0]
[1 1 1 0 0 0 0 0 0 0]
[1 1 0 0 0 1 0 0 0 0]
[1 1 0 0 1 0 0 0 0 0]
[1 1 0 0 0 0 0 1 0 0]
[1 1 0 0 0 0 1 0 0 0]
[1 1 0 0 0 0 0 0 0 1]
[1 1 0 0 0 0 0 0 1 0]

Eigenvalues: 
1: -3.5311288741492746
2: -1.0000000000000004
3: -1.0
4: -1.0
5: -0.9999999999999997
6: -4.769134306220613e-16
7: 1.0
8: 1.0000000000000002
9: 1.0000000000000004
10: 4.531128874149275

n = 2
m = 3
l = 2
[0 0 0 1 1 1 1]
[0 0 0 1 1 1 1]
[0 0 0 1 1 1 1]
[1 1 1 0 1 0 0]
[1 1 1 1 0 0 0]
[1 1 1 0 0 0 1]
[1 1 1 0 0 1 0]

Eigenvalues: 
1: -2.9999999999999996
2: -1.0
3: -0.9999999999999998
4: -6.369687763352339e-17
5: -3.0682921481339775e-17
6: 0.9999999999999997
7: 4.000000000000001

n = 3
m = 3
l = 2
[0 0 0 1 1 1 1 1 1]
[0 0 0 1 1 1 1 1 1]
[0 0 0 1 1 1 1 1 1]
[1 1 1 0 1 0 0 0 0]
[1 1 1 1 0 0 0 0 0]
[1 1 1 0 0 0 1 0 0]
[1 1 1 0 0 1 0 0 0]
[1 1 1 0 0 0 0 0 1]
[1 1 1 0 0 0 0 1 0]

Eigenvalues: 
1: -3.7720018726587665
2: -0.9999999999999998
3: -0.9999999999999997
4: -0.9999999999999994
5: -6.443231124630436e-17
6: 3.9457998743467724e-16
7: 0.9999999999999996
8: 1.0000000000000002
9: 4.772001872658767

n = 4
m = 3
l = 2
[0 0 0 1 1 1 1 1 1 1 1]
[0 0 0 1 1 1 1 1 1 1 1]
[0 0 0 1 1 1 1 1 1 1 1]
[1 1 1 0 1 0 0 0 0 0 0]
[1 1 1 1 0 0 0 0 0 0 0]
[1 1 1 0 0 0 1 0 0 0 0]
[1 1 1 0 0 1 0 0 0 0 0]
[1 1 1 0 0 0 0 0 1 0 0]
[1 1 1 0 0 0 0 1 0 0 0]
[1 1 1 0 0 0 0 0 0 0 1]
[1 1 1 0 0 0 0 0 0 1 0]

Eigenvalues: 
1: -4.424428900898054
2: -1.0000000000000004
3: -1.0
4: -0.9999999999999999
5: -0.9999999999999999
6: -1.7336292126374387e-16
7: 2.8125267053492446e-16
8: 1.0
9: 1.0000000000000002
10: 1.0000000000000004
11: 5.424428900898054

n = 2
m = 4
l = 2
[0 0 0 0 1 1 1 1]
[0 0 0 0 1 1 1 1]
[0 0 0 0 1 1 1 1]
[0 0 0 0 1 1 1 1]
[1 1 1 1 0 1 0 0]
[1 1 1 1 1 0 0 0]
[1 1 1 1 0 0 0 1]
[1 1 1 1 0 0 1 0]

Eigenvalues: 
1: -3.5311288741492746
2: -1.0000000000000007
3: -1.0
4: -5.043708506402567e-16
5: -1.90318372566675e-17
6: 5.551115123125783e-17
7: 1.0000000000000009
8: 4.531128874149277

n = 3
m = 4
l = 2
[0 0 0 0 1 1 1 1 1 1]
[0 0 0 0 1 1 1 1 1 1]
[0 0 0 0 1 1 1 1 1 1]
[0 0 0 0 1 1 1 1 1 1]
[1 1 1 1 0 1 0 0 0 0]
[1 1 1 1 1 0 0 0 0 0]
[1 1 1 1 0 0 0 1 0 0]
[1 1 1 1 0 0 1 0 0 0]
[1 1 1 1 0 0 0 0 0 1]
[1 1 1 1 0 0 0 0 1 0]

Eigenvalues: 
1: -4.424428900898053
2: -1.0000000000000004
3: -1.0
4: -0.9999999999999999
5: -1.714519315939056e-17
6: 1.5302723860896427e-17
7: 3.3335279695451587e-16
8: 0.9999999999999999
9: 1.0000000000000004
10: 5.424428900898051

n = 4
m = 4
l = 2
[0 0 0 0 1 1 1 1 1 1 1 1]
[0 0 0 0 1 1 1 1 1 1 1 1]
[0 0 0 0 1 1 1 1 1 1 1 1]
[0 0 0 0 1 1 1 1 1 1 1 1]
[1 1 1 1 0 1 0 0 0 0 0 0]
[1 1 1 1 1 0 0 0 0 0 0 0]
[1 1 1 1 0 0 0 1 0 0 0 0]
[1 1 1 1 0 0 1 0 0 0 0 0]
[1 1 1 1 0 0 0 0 0 1 0 0]
[1 1 1 1 0 0 0 0 1 0 0 0]
[1 1 1 1 0 0 0 0 0 0 0 1]
[1 1 1 1 0 0 0 0 0 0 1 0]

Eigenvalues: 
1: (-5.178908345800274+0j)
2: (-1+0j)
3: (-1+0j)
4: (-1+0j)
5: (-0.9999999999999996+0j)
6: 0j
7: (1.1821604914097662e-16+0j)
8: (1.1821604914097662e-16+0j)
9: (0.9999999999999997+0j)
10: (1+0j)
11: (1+0j)
12: (6.178908345800272+0j)

n = 2
m = 2
l = 3
[0 0 1 1 1 1 1 1]
[0 0 1 1 1 1 1 1]
[1 1 0 1 0 0 0 0]
[1 1 1 0 1 0 0 0]
[1 1 0 1 0 0 0 0]
[1 1 0 0 0 0 1 0]
[1 1 0 0 0 1 0 1]
[1 1 0 0 0 0 1 0]

Eigenvalues: 
1: -2.9185225993732065
2: -1.414213562373095
3: -1.2996641030220095
4: -4.797491327767998e-18
5: 1.1091795005435668e-16
6: 1.395658281720506e-16
7: 1.414213562373095
8: 4.218186702395225

n = 3
m = 2
l = 3
[0 0 1 1 1 1 1 1 1 1 1]
[0 0 1 1 1 1 1 1 1 1 1]
[1 1 0 1 0 0 0 0 0 0 0]
[1 1 1 0 1 0 0 0 0 0 0]
[1 1 0 1 0 0 0 0 0 0 0]
[1 1 0 0 0 0 1 0 0 0 0]
[1 1 0 0 0 1 0 1 0 0 0]
[1 1 0 0 0 0 1 0 0 0 0]
[1 1 0 0 0 0 0 0 0 1 0]
[1 1 0 0 0 0 0 0 1 0 1]
[1 1 0 0 0 0 0 0 0 1 0]

Eigenvalues: 
1: -3.668486368627843
2: -1.4142135623730954
3: -1.4142135623730954
4: -1.3132408620942204
5: -2.220446049250313e-16
6: 8.319769852596813e-19
7: 6.913418612695383e-17
8: 2.3726290438277965e-16
9: 1.4142135623730951
10: 1.4142135623730956
11: 4.981727230722067

n = 4
m = 2
l = 3
[0 0 1 1 1 1 1 1 1 1 1 1 1 1]
[0 0 1 1 1 1 1 1 1 1 1 1 1 1]
[1 1 0 1 0 0 0 0 0 0 0 0 0 0]
[1 1 1 0 1 0 0 0 0 0 0 0 0 0]
[1 1 0 1 0 0 0 0 0 0 0 0 0 0]
[1 1 0 0 0 0 1 0 0 0 0 0 0 0]
[1 1 0 0 0 1 0 1 0 0 0 0 0 0]
[1 1 0 0 0 0 1 0 0 0 0 0 0 0]
[1 1 0 0 0 0 0 0 0 1 0 0 0 0]
[1 1 0 0 0 0 0 0 1 0 1 0 0 0]
[1 1 0 0 0 0 0 0 0 1 0 0 0 0]
[1 1 0 0 0 0 0 0 0 0 0 0 1 0]
[1 1 0 0 0 0 0 0 0 0 0 1 0 1]
[1 1 0 0 0 0 0 0 0 0 0 0 1 0]

Eigenvalues: 
1: -4.3098993843948055
2: -1.4142135623730954
3: -1.414213562373095
4: -1.4142135623730947
5: -1.3190358391908528
6: -1.0195929943090826e-17
7: -6.7733540175082245e-18
8: 4.7367419590226476e-17
9: 1.151464216877834e-16
10: 7.051317134328313e-16
11: 1.414213562373094
12: 1.4142135623730956
13: 1.414213562373096
14: 5.62893522358566

n = 2
m = 3
l = 3
[0 0 0 1 1 1 1 1 1]
[0 0 0 1 1 1 1 1 1]
[0 0 0 1 1 1 1 1 1]
[1 1 1 0 1 0 0 0 0]
[1 1 1 1 0 1 0 0 0]
[1 1 1 0 1 0 0 0 0]
[1 1 1 0 0 0 0 1 0]
[1 1 1 0 0 0 1 0 1]
[1 1 1 0 0 0 0 1 0]

Eigenvalues: 
1: (-3.6684863686278404+0j)
2: (-1.414213562373095+0j)
3: (-1.3132408620942202+0j)
4: (-4.3085894772553356e-17+0j)
5: (-4.3085894772553356e-17+0j)
6: (6.130799859535025e-17+0j)
7: (5.60815225097756e-16+0j)
8: (1.414213562373095+0j)
9: (4.981727230722068+0j)

n = 3
m = 3
l = 3
[0 0 0 1 1 1 1 1 1 1 1 1]
[0 0 0 1 1 1 1 1 1 1 1 1]
[0 0 0 1 1 1 1 1 1 1 1 1]
[1 1 1 0 1 0 0 0 0 0 0 0]
[1 1 1 1 0 1 0 0 0 0 0 0]
[1 1 1 0 1 0 0 0 0 0 0 0]
[1 1 1 0 0 0 0 1 0 0 0 0]
[1 1 1 0 0 0 1 0 1 0 0 0]
[1 1 1 0 0 0 0 1 0 0 0 0]
[1 1 1 0 0 0 0 0 0 0 1 0]
[1 1 1 0 0 0 0 0 0 1 0 1]
[1 1 1 0 0 0 0 0 0 0 1 0]

Eigenvalues: 
1: -4.601854771437807
2: -1.4142135623730951
3: -1.4142135623730951
4: -1.3208400691222206
5: -1.5746102443598788e-16
6: -8.949676759915309e-17
7: 2.69630192214213e-32
8: 1.3782471057203607e-17
9: 1.0385104524489522e-16
10: 1.414213562373095
11: 1.4142135623730951
12: 5.922694840560026

n = 4
m = 3
l = 3
[0 0 0 1 1 1 1 1 1 1 1 1 1 1 1]
[0 0 0 1 1 1 1 1 1 1 1 1 1 1 1]
[0 0 0 1 1 1 1 1 1 1 1 1 1 1 1]
[1 1 1 0 1 0 0 0 0 0 0 0 0 0 0]
[1 1 1 1 0 1 0 0 0 0 0 0 0 0 0]
[1 1 1 0 1 0 0 0 0 0 0 0 0 0 0]
[1 1 1 0 0 0 0 1 0 0 0 0 0 0 0]
[1 1 1 0 0 0 1 0 1 0 0 0 0 0 0]
[1 1 1 0 0 0 0 1 0 0 0 0 0 0 0]
[1 1 1 0 0 0 0 0 0 0 1 0 0 0 0]
[1 1 1 0 0 0 0 0 0 1 0 1 0 0 0]
[1 1 1 0 0 0 0 0 0 0 1 0 0 0 0]
[1 1 1 0 0 0 0 0 0 0 0 0 0 1 0]
[1 1 1 0 0 0 0 0 0 0 0 0 1 0 1]
[1 1 1 0 0 0 0 0 0 0 0 0 0 1 0]

Eigenvalues: 
1: -5.394655160920576
2: -1.4142135623730951
3: -1.4142135623730951
4: -1.414213562373095
5: -1.3242730674241767
6: -9.074255760866303e-17
7: -8.167532452519942e-17
8: -1.2223451517579055e-18
9: 0.0
10: 1.5254771650809254e-16
11: 4.923538575508469e-16
12: 1.414213562373094
13: 1.4142135623730954
14: 1.414213562373096
15: 6.718928228344758

n = 2
m = 4
l = 3
[0 0 0 0 1 1 1 1 1 1]
[0 0 0 0 1 1 1 1 1 1]
[0 0 0 0 1 1 1 1 1 1]
[0 0 0 0 1 1 1 1 1 1]
[1 1 1 1 0 1 0 0 0 0]
[1 1 1 1 1 0 1 0 0 0]
[1 1 1 1 0 1 0 0 0 0]
[1 1 1 1 0 0 0 0 1 0]
[1 1 1 1 0 0 0 1 0 1]
[1 1 1 1 0 0 0 0 1 0]

Eigenvalues: 
1: -4.309899384394807
2: -1.414213562373095
3: -1.319035839190852
4: -4.716146729125489e-16
5: -7.108889660358794e-17
6: -4.292898157149419e-33
7: 5.824778173440768e-17
8: 1.338174922069065e-16
9: 1.4142135623730954
10: 5.628935223585657

n = 3
m = 4
l = 3
[0 0 0 0 1 1 1 1 1 1 1 1 1]
[0 0 0 0 1 1 1 1 1 1 1 1 1]
[0 0 0 0 1 1 1 1 1 1 1 1 1]
[0 0 0 0 1 1 1 1 1 1 1 1 1]
[1 1 1 1 0 1 0 0 0 0 0 0 0]
[1 1 1 1 1 0 1 0 0 0 0 0 0]
[1 1 1 1 0 1 0 0 0 0 0 0 0]
[1 1 1 1 0 0 0 0 1 0 0 0 0]
[1 1 1 1 0 0 0 1 0 1 0 0 0]
[1 1 1 1 0 0 0 0 1 0 0 0 0]
[1 1 1 1 0 0 0 0 0 0 0 1 0]
[1 1 1 1 0 0 0 0 0 0 1 0 1]
[1 1 1 1 0 0 0 0 0 0 0 1 0]

Eigenvalues: 
1: (-5.394655160920571+0j)
2: (-1.4142135623730954+0j)
3: (-1.4142135623730947+0j)
4: (-1.3242730674241752+0j)
5: (-2.9167068272671176e-16+0j)
6: (-2.827130143284337e-17+0j)
7: (-1.6383057910797183e-17+0j)
8: (-1.6383057910797183e-17+0j)
9: (6.546644854415829e-17+0j)
10: (6.546644854415829e-17+0j)
11: (1.4142135623730958+0j)
12: (1.414213562373097+0j)
13: (6.7189282283447485+0j)

n = 4
m = 4
l = 3
[0 0 0 0 1 1 1 1 1 1 1 1 1 1 1 1]
[0 0 0 0 1 1 1 1 1 1 1 1 1 1 1 1]
[0 0 0 0 1 1 1 1 1 1 1 1 1 1 1 1]
[0 0 0 0 1 1 1 1 1 1 1 1 1 1 1 1]
[1 1 1 1 0 1 0 0 0 0 0 0 0 0 0 0]
[1 1 1 1 1 0 1 0 0 0 0 0 0 0 0 0]
[1 1 1 1 0 1 0 0 0 0 0 0 0 0 0 0]
[1 1 1 1 0 0 0 0 1 0 0 0 0 0 0 0]
[1 1 1 1 0 0 0 1 0 1 0 0 0 0 0 0]
[1 1 1 1 0 0 0 0 1 0 0 0 0 0 0 0]
[1 1 1 1 0 0 0 0 0 0 0 1 0 0 0 0]
[1 1 1 1 0 0 0 0 0 0 1 0 1 0 0 0]
[1 1 1 1 0 0 0 0 0 0 0 1 0 0 0 0]
[1 1 1 1 0 0 0 0 0 0 0 0 0 0 1 0]
[1 1 1 1 0 0 0 0 0 0 0 0 0 1 0 1]
[1 1 1 1 0 0 0 0 0 0 0 0 0 0 1 0]

Eigenvalues: 
1: (-6.313745856015653+0j)
2: (-1.4142135623730954+0j)
3: (-1.414213562373095+0j)
4: (-1.4142135623730945+0j)
5: (-1.326703763567079+0j)
6: (-1.0378970217903958e-16+0j)
7: (-1.0278236595162582e-16+0j)
8: (-8.173159348349126e-17+0j)
9: (-8.173159348349126e-17+0j)
10: (-4.30433538086502e-17+0j)
11: (2.9489163644630573e-34+0j)
12: (3.129280218992797e-16+0j)
13: (1.4142135623730947+0j)
14: (1.4142135623730947+0j)
15: (1.414213562373095+0j)
16: (7.6404496195827445+0j)

n = 2
m = 2
l = 4
[0 0 1 1 1 1 1 1 1 1]
[0 0 1 1 1 1 1 1 1 1]
[1 1 0 1 0 0 0 0 0 0]
[1 1 1 0 1 0 0 0 0 0]
[1 1 0 1 0 1 0 0 0 0]
[1 1 0 0 1 0 0 0 0 0]
[1 1 0 0 0 0 0 1 0 0]
[1 1 0 0 0 0 1 0 1 0]
[1 1 0 0 0 0 0 1 0 1]
[1 1 0 0 0 0 0 0 1 0]

Eigenvalues: 
1: -3.3556391752385446
2: -1.6180339887498942
3: -1.618033988749894
4: -0.6180339887498945
5: -0.4918142274542563
6: -1.5199039652730168e-16
7: 0.6180339887498947
8: 0.618033988749895
9: 1.6180339887498956
10: 4.847453402692802

n = 3
m = 2
l = 4
[0 0 1 1 1 1 1 1 1 1 1 1 1 1]
[0 0 1 1 1 1 1 1 1 1 1 1 1 1]
[1 1 0 1 0 0 0 0 0 0 0 0 0 0]
[1 1 1 0 1 0 0 0 0 0 0 0 0 0]
[1 1 0 1 0 1 0 0 0 0 0 0 0 0]
[1 1 0 0 1 0 0 0 0 0 0 0 0 0]
[1 1 0 0 0 0 0 1 0 0 0 0 0 0]
[1 1 0 0 0 0 1 0 1 0 0 0 0 0]
[1 1 0 0 0 0 0 1 0 1 0 0 0 0]
[1 1 0 0 0 0 0 0 1 0 0 0 0 0]
[1 1 0 0 0 0 0 0 0 0 0 1 0 0]
[1 1 0 0 0 0 0 0 0 0 1 0 1 0]
[1 1 0 0 0 0 0 0 0 0 0 1 0 1]
[1 1 0 0 0 0 0 0 0 0 0 0 1 0]

Eigenvalues: 
1: -4.23457330430151
2: -1.6180339887498956
3: -1.6180339887498951
4: -1.618033988749895
5: -0.6180339887498947
6: -0.6180339887498945
7: -0.4946267537334816
8: 3.8462877507690104e-16
9: 0.6180339887498948
10: 0.6180339887498949
11: 0.618033988749896
12: 1.6180339887498958
13: 1.6180339887498958
14: 5.729200058034989

n = 4
m = 2
l = 4
[0 0 1 1 1 1 1 1 1 1 1 1 1 1 1 1 1 1]
[0 0 1 1 1 1 1 1 1 1 1 1 1 1 1 1 1 1]
[1 1 0 1 0 0 0 0 0 0 0 0 0 0 0 0 0 0]
[1 1 1 0 1 0 0 0 0 0 0 0 0 0 0 0 0 0]
[1 1 0 1 0 1 0 0 0 0 0 0 0 0 0 0 0 0]
[1 1 0 0 1 0 0 0 0 0 0 0 0 0 0 0 0 0]
[1 1 0 0 0 0 0 1 0 0 0 0 0 0 0 0 0 0]
[1 1 0 0 0 0 1 0 1 0 0 0 0 0 0 0 0 0]
[1 1 0 0 0 0 0 1 0 1 0 0 0 0 0 0 0 0]
[1 1 0 0 0 0 0 0 1 0 0 0 0 0 0 0 0 0]
[1 1 0 0 0 0 0 0 0 0 0 1 0 0 0 0 0 0]
[1 1 0 0 0 0 0 0 0 0 1 0 1 0 0 0 0 0]
[1 1 0 0 0 0 0 0 0 0 0 1 0 1 0 0 0 0]
[1 1 0 0 0 0 0 0 0 0 0 0 1 0 0 0 0 0]
[1 1 0 0 0 0 0 0 0 0 0 0 0 0 0 1 0 0]
[1 1 0 0 0 0 0 0 0 0 0 0 0 0 1 0 1 0]
[1 1 0 0 0 0 0 0 0 0 0 0 0 0 0 1 0 1]
[1 1 0 0 0 0 0 0 0 0 0 0 0 0 0 0 1 0]

Eigenvalues: 
1: -4.980654213248138
2: -1.618033988749895
3: -1.6180339887498947
4: -1.6180339887498942
5: -1.618033988749894
6: -0.6180339887498948
7: -0.6180339887498943
8: -0.6180339887498943
9: -0.4960012771367243
10: -2.456819112694249e-16
11: 0.6180339887498939
12: 0.6180339887498945
13: 0.6180339887498945
14: 0.6180339887498957
15: 1.618033988749894
16: 1.6180339887498947
17: 1.618033988749895
18: 6.476655490384865

n = 2
m = 3
l = 4
[0 0 0 1 1 1 1 1 1 1 1]
[0 0 0 1 1 1 1 1 1 1 1]
[0 0 0 1 1 1 1 1 1 1 1]
[1 1 1 0 1 0 0 0 0 0 0]
[1 1 1 1 0 1 0 0 0 0 0]
[1 1 1 0 1 0 1 0 0 0 0]
[1 1 1 0 0 1 0 0 0 0 0]
[1 1 1 0 0 0 0 0 1 0 0]
[1 1 1 0 0 0 0 1 0 1 0]
[1 1 1 0 0 0 0 0 1 0 1]
[1 1 1 0 0 0 0 0 0 1 0]

Eigenvalues: 
1: (-4.2345733043015175+0j)
2: (-1.6180339887498953+0j)
3: (-1.6180339887498951+0j)
4: (-0.6180339887498943+0j)
5: (-0.49462675373348186+0j)
6: (-1.5212712905071414e-16+0j)
7: (-1.5212712905071414e-16+0j)
8: (0.6180339887498949+0j)
9: (0.6180339887498949+0j)
10: (1.6180339887498933+0j)
11: (5.729200058034993+0j)

n = 3
m = 3
l = 4
[0 0 0 1 1 1 1 1 1 1 1 1 1 1 1]
[0 0 0 1 1 1 1 1 1 1 1 1 1 1 1]
[0 0 0 1 1 1 1 1 1 1 1 1 1 1 1]
[1 1 1 0 1 0 0 0 0 0 0 0 0 0 0]
[1 1 1 1 0 1 0 0 0 0 0 0 0 0 0]
[1 1 1 0 1 0 1 0 0 0 0 0 0 0 0]
[1 1 1 0 0 1 0 0 0 0 0 0 0 0 0]
[1 1 1 0 0 0 0 0 1 0 0 0 0 0 0]
[1 1 1 0 0 0 0 1 0 1 0 0 0 0 0]
[1 1 1 0 0 0 0 0 1 0 1 0 0 0 0]
[1 1 1 0 0 0 0 0 0 1 0 0 0 0 0]
[1 1 1 0 0 0 0 0 0 0 0 0 1 0 0]
[1 1 1 0 0 0 0 0 0 0 0 1 0 1 0]
[1 1 1 0 0 0 0 0 0 0 0 0 1 0 1]
[1 1 1 0 0 0 0 0 0 0 0 0 0 1 0]

Eigenvalues: 
1: -5.3194675610813205
2: -1.6180339887498956
3: -1.6180339887498942
4: -1.6180339887498933
5: -0.6180339887498946
6: -0.6180339887498945
7: -0.49645479082871424
8: 9.287328558623239e-17
9: 3.410847758005804e-16
10: 0.6180339887498949
11: 0.6180339887498951
12: 0.6180339887498951
13: 1.618033988749894
14: 1.6180339887498956
15: 6.815922351910036

n = 4
m = 3
l = 4
[0 0 0 1 1 1 1 1 1 1 1 1 1 1 1 1 1 1 1]
[0 0 0 1 1 1 1 1 1 1 1 1 1 1 1 1 1 1 1]
[0 0 0 1 1 1 1 1 1 1 1 1 1 1 1 1 1 1 1]
[1 1 1 0 1 0 0 0 0 0 0 0 0 0 0 0 0 0 0]
[1 1 1 1 0 1 0 0 0 0 0 0 0 0 0 0 0 0 0]
[1 1 1 0 1 0 1 0 0 0 0 0 0 0 0 0 0 0 0]
[1 1 1 0 0 1 0 0 0 0 0 0 0 0 0 0 0 0 0]
[1 1 1 0 0 0 0 0 1 0 0 0 0 0 0 0 0 0 0]
[1 1 1 0 0 0 0 1 0 1 0 0 0 0 0 0 0 0 0]
[1 1 1 0 0 0 0 0 1 0 1 0 0 0 0 0 0 0 0]
[1 1 1 0 0 0 0 0 0 1 0 0 0 0 0 0 0 0 0]
[1 1 1 0 0 0 0 0 0 0 0 0 1 0 0 0 0 0 0]
[1 1 1 0 0 0 0 0 0 0 0 1 0 1 0 0 0 0 0]
[1 1 1 0 0 0 0 0 0 0 0 0 1 0 1 0 0 0 0]
[1 1 1 0 0 0 0 0 0 0 0 0 0 1 0 0 0 0 0]
[1 1 1 0 0 0 0 0 0 0 0 0 0 0 0 0 1 0 0]
[1 1 1 0 0 0 0 0 0 0 0 0 0 0 0 1 0 1 0]
[1 1 1 0 0 0 0 0 0 0 0 0 0 0 0 0 1 0 1]
[1 1 1 0 0 0 0 0 0 0 0 0 0 0 0 0 0 1 0]

Eigenvalues: 
1: -6.238153118859627
2: -1.6180339887498962
3: -1.6180339887498958
4: -1.6180339887498933
5: -1.6180339887498927
6: -0.6180339887498955
7: -0.618033988749895
8: -0.6180339887498947
9: -0.4973548671600442
10: -8.874802910997042e-17
11: -1.0594264955817631e-18
12: 0.6180339887498941
13: 0.6180339887498941
14: 0.6180339887498946
15: 0.6180339887498951
16: 1.618033988749896
17: 1.618033988749897
18: 1.6180339887498973
19: 7.735507986019676

n = 2
m = 4
l = 4
[0 0 0 0 1 1 1 1 1 1 1 1]
[0 0 0 0 1 1 1 1 1 1 1 1]
[0 0 0 0 1 1 1 1 1 1 1 1]
[0 0 0 0 1 1 1 1 1 1 1 1]
[1 1 1 1 0 1 0 0 0 0 0 0]
[1 1 1 1 1 0 1 0 0 0 0 0]
[1 1 1 1 0 1 0 1 0 0 0 0]
[1 1 1 1 0 0 1 0 0 0 0 0]
[1 1 1 1 0 0 0 0 0 1 0 0]
[1 1 1 1 0 0 0 0 1 0 1 0]
[1 1 1 1 0 0 0 0 0 1 0 1]
[1 1 1 1 0 0 0 0 0 0 1 0]

Eigenvalues: 
1: -4.980654213248132
2: -1.618033988749897
3: -1.6180339887498942
4: -0.6180339887498955
5: -0.49600127713672404
6: -2.6609271978763293e-16
7: 2.1289623424768848e-17
8: 3.6022975472904214e-17
9: 0.6180339887498948
10: 0.6180339887498951
11: 1.6180339887498938
12: 6.476655490384859

n = 3
m = 4
l = 4
[0 0 0 0 1 1 1 1 1 1 1 1 1 1 1 1]
[0 0 0 0 1 1 1 1 1 1 1 1 1 1 1 1]
[0 0 0 0 1 1 1 1 1 1 1 1 1 1 1 1]
[0 0 0 0 1 1 1 1 1 1 1 1 1 1 1 1]
[1 1 1 1 0 1 0 0 0 0 0 0 0 0 0 0]
[1 1 1 1 1 0 1 0 0 0 0 0 0 0 0 0]
[1 1 1 1 0 1 0 1 0 0 0 0 0 0 0 0]
[1 1 1 1 0 0 1 0 0 0 0 0 0 0 0 0]
[1 1 1 1 0 0 0 0 0 1 0 0 0 0 0 0]
[1 1 1 1 0 0 0 0 1 0 1 0 0 0 0 0]
[1 1 1 1 0 0 0 0 0 1 0 1 0 0 0 0]
[1 1 1 1 0 0 0 0 0 0 1 0 0 0 0 0]
[1 1 1 1 0 0 0 0 0 0 0 0 0 1 0 0]
[1 1 1 1 0 0 0 0 0 0 0 0 1 0 1 0]
[1 1 1 1 0 0 0 0 0 0 0 0 0 1 0 1]
[1 1 1 1 0 0 0 0 0 0 0 0 0 0 1 0]

Eigenvalues: 
1: (-6.23815311885962+0j)
2: (-1.6180339887498967+0j)
3: (-1.618033988749895+0j)
4: (-1.6180339887498942+0j)
5: (-0.6180339887498953+0j)
6: (-0.6180339887498945+0j)
7: (-0.49735486716004407+0j)
8: (3.375769634355732e-17+0j)
9: (6.425673871956898e-17+0j)
10: (6.425673871956898e-17+0j)
11: (0.6180339887498947+0j)
12: (0.618033988749895+0j)
13: (0.6180339887498952+0j)
14: (1.6180339887498936+0j)
15: (1.6180339887498971+0j)
16: (7.735507986019665+0j)

n = 4
m = 4
l = 4
[0 0 0 0 1 1 1 1 1 1 1 1 1 1 1 1 1 1 1 1]
[0 0 0 0 1 1 1 1 1 1 1 1 1 1 1 1 1 1 1 1]
[0 0 0 0 1 1 1 1 1 1 1 1 1 1 1 1 1 1 1 1]
[0 0 0 0 1 1 1 1 1 1 1 1 1 1 1 1 1 1 1 1]
[1 1 1 1 0 1 0 0 0 0 0 0 0 0 0 0 0 0 0 0]
[1 1 1 1 1 0 1 0 0 0 0 0 0 0 0 0 0 0 0 0]
[1 1 1 1 0 1 0 1 0 0 0 0 0 0 0 0 0 0 0 0]
[1 1 1 1 0 0 1 0 0 0 0 0 0 0 0 0 0 0 0 0]
[1 1 1 1 0 0 0 0 0 1 0 0 0 0 0 0 0 0 0 0]
[1 1 1 1 0 0 0 0 1 0 1 0 0 0 0 0 0 0 0 0]
[1 1 1 1 0 0 0 0 0 1 0 1 0 0 0 0 0 0 0 0]
[1 1 1 1 0 0 0 0 0 0 1 0 0 0 0 0 0 0 0 0]
[1 1 1 1 0 0 0 0 0 0 0 0 0 1 0 0 0 0 0 0]
[1 1 1 1 0 0 0 0 0 0 0 0 1 0 1 0 0 0 0 0]
[1 1 1 1 0 0 0 0 0 0 0 0 0 1 0 1 0 0 0 0]
[1 1 1 1 0 0 0 0 0 0 0 0 0 0 1 0 0 0 0 0]
[1 1 1 1 0 0 0 0 0 0 0 0 0 0 0 0 0 1 0 0]
[1 1 1 1 0 0 0 0 0 0 0 0 0 0 0 0 1 0 1 0]
[1 1 1 1 0 0 0 0 0 0 0 0 0 0 0 0 0 1 0 1]
[1 1 1 1 0 0 0 0 0 0 0 0 0 0 0 0 0 0 1 0]

Eigenvalues: 
1: -7.301762390304907
2: -1.6180339887498965
3: -1.6180339887498953
4: -1.6180339887498953
5: -1.618033988749895
6: -0.6180339887498957
7: -0.6180339887498955
8: -0.6180339887498943
9: -0.4980238696444425
10: -1.2122311533425593e-16
11: -7.571221875742016e-17
12: -1.5816283188178478e-17
13: 0.6180339887498949
14: 0.618033988749895
15: 0.618033988749895
16: 0.6180339887498953
17: 1.6180339887498938
18: 1.6180339887498942
19: 1.6180339887498958
20: 8.799786259949345

