Tables using graphs:
n = 1
+---+---+---+---+---+---+---+
|   | m | 1 | 2 | 3 | 4 | 5 |
+---+---+---+---+---+---+---+
| l |   |   |   |   |   |   |
+---+---+---+---+---+---+---+
| 2 |   | 1 | 2 | 3 | 4 | 5 |
+---+---+---+---+---+---+---+
| 3 |   | 1 | 2 | 3 | 4 | 5 |
+---+---+---+---+---+---+---+
| 4 |   | 1 | 2 | 3 | 4 | 5 |
+---+---+---+---+---+---+---+
| 5 |   | 1 | 2 | 3 | 4 | 5 |
+---+---+---+---+---+---+---+

n = 2
+---+---+---+---+---+---+---+
|   | m | 1 | 2 | 3 | 4 | 5 |
+---+---+---+---+---+---+---+
| l |   |   |   |   |   |   |
+---+---+---+---+---+---+---+
| 2 |   | 1 | 1 | 1 | 3 | 4 |
+---+---+---+---+---+---+---+
| 3 |   | 1 | 1 | 1 | 2 | 2 |
+---+---+---+---+---+---+---+
| 4 |   | 1 | 1 | 1 | 2 | 2 |
+---+---+---+---+---+---+---+
| 5 |   | 1 | 1 | 1 | 2 | 2 |
+---+---+---+---+---+---+---+

n = 3
+---+---+---+---+---+---+---+
|   | m | 1 | 2 | 3 | 4 | 5 |
+---+---+---+---+---+---+---+
| l |   |   |   |   |   |   |
+---+---+---+---+---+---+---+
| 2 |   | 1 | 1 | 1 | 1 | 1 |
+---+---+---+---+---+---+---+
| 3 |   | 1 | 1 | 1 | 1 | 1 |
+---+---+---+---+---+---+---+
| 4 |   | 1 | 1 | 1 | 1 | 1 |
+---+---+---+---+---+---+---+
| 5 |   | 1 | 1 | 1 | 1 | 1 |
+---+---+---+---+---+---+---+

n = 4
+---+---+---+---+---+---+---+
|   | m | 1 | 2 | 3 | 4 | 5 |
+---+---+---+---+---+---+---+
| l |   |   |   |   |   |   |
+---+---+---+---+---+---+---+
| 2 |   | 1 | 1 | 1 | 1 | 1 |
+---+---+---+---+---+---+---+
| 3 |   | 1 | 1 | 1 | 1 | 1 |
+---+---+---+---+---+---+---+
| 4 |   | 1 | 1 | 1 | 1 | 1 |
+---+---+---+---+---+---+---+
| 5 |   | 1 | 1 | 1 | 1 | 1 |
+---+---+---+---+---+---+---+

n = 5
+---+---+---+---+---+---+---+
|   | m | 1 | 2 | 3 | 4 | 5 |
+---+---+---+---+---+---+---+
| l |   |   |   |   |   |   |
+---+---+---+---+---+---+---+
| 2 |   | 1 | 1 | 1 | 1 | 1 |
+---+---+---+---+---+---+---+
| 3 |   | 1 | 1 | 1 | 1 | 1 |
+---+---+---+---+---+---+---+
| 4 |   | 1 | 1 | 1 | 1 | 1 |
+---+---+---+---+---+---+---+
| 5 |   | 1 | 1 | 1 | 1 | 1 |
+---+---+---+---+---+---+---+

Tables using formulas:
n = 1
+---+---+---+---+---+---+---+
|   | m | 1 | 2 | 3 | 4 | 5 |
+---+---+---+---+---+---+---+
| l |   |   |   |   |   |   |
+---+---+---+---+---+---+---+
| 2 |   | 1 | 2 | 3 | 4 | 5 |
+---+---+---+---+---+---+---+
| 3 |   | 1 | 2 | 3 | 4 | 5 |
+---+---+---+---+---+---+---+
| 4 |   | 1 | 2 | 3 | 4 | 5 |
+---+---+---+---+---+---+---+
| 5 |   | 1 | 2 | 3 | 4 | 5 |
+---+---+---+---+---+---+---+

n = 2
+---+---+---+---+---+---+---+
|   | m | 1 | 2 | 3 | 4 | 5 |
+---+---+---+---+---+---+---+
| l |   |   |   |   |   |   |
+---+---+---+---+---+---+---+
| 2 |   | 1 | 1 | 1 | 3 | 4 |
+---+---+---+---+---+---+---+
| 3 |   | 1 | 1 | 1 | 2 | 2 |
+---+---+---+---+---+---+---+
| 4 |   | 1 | 1 | 1 | 2 | 2 |
+---+---+---+---+---+---+---+
| 5 |   | 1 | 1 | 1 | 2 | 2 |
+---+---+---+---+---+---+---+

n = 3
+---+---+---+---+---+---+---+
|   | m | 1 | 2 | 3 | 4 | 5 |
+---+---+---+---+---+---+---+
| l |   |   |   |   |   |   |
+---+---+---+---+---+---+---+
| 2 |   | 1 | 1 | 1 | 1 | 1 |
+---+---+---+---+---+---+---+
| 3 |   | 1 | 1 | 1 | 1 | 1 |
+---+---+---+---+---+---+---+
| 4 |   | 1 | 1 | 1 | 1 | 1 |
+---+---+---+---+---+---+---+
| 5 |   | 1 | 1 | 1 | 1 | 1 |
+---+---+---+---+---+---+---+

n = 4
+---+---+---+---+---+---+---+
|   | m | 1 | 2 | 3 | 4 | 5 |
+---+---+---+---+---+---+---+
| l |   |   |   |   |   |   |
+---+---+---+---+---+---+---+
| 2 |   | 1 | 1 | 1 | 1 | 1 |
+---+---+---+---+---+---+---+
| 3 |   | 1 | 1 | 1 | 1 | 1 |
+---+---+---+---+---+---+---+
| 4 |   | 1 | 1 | 1 | 1 | 1 |
+---+---+---+---+---+---+---+
| 5 |   | 1 | 1 | 1 | 1 | 1 |
+---+---+---+---+---+---+---+

n = 5
+---+---+---+---+---+---+---+
|   | m | 1 | 2 | 3 | 4 | 5 |
+---+---+---+---+---+---+---+
| l |   |   |   |   |   |   |
+---+---+---+---+---+---+---+
| 2 |   | 1 | 1 | 1 | 1 | 1 |
+---+---+---+---+---+---+---+
| 3 |   | 1 | 1 | 1 | 1 | 1 |
+---+---+---+---+---+---+---+
| 4 |   | 1 | 1 | 1 | 1 | 1 |
+---+---+---+---+---+---+---+
| 5 |   | 1 | 1 | 1 | 1 | 1 |
+---+---+---+---+---+---+---+

