Tables using graphs:
m = 1
+---+---+---+----+----+----+
|   | n | 1 | 2  | 3  | 4  |
+---+---+---+----+----+----+
| l |   |   |    |    |    |
+---+---+---+----+----+----+
| 1 |   | 1 | 2  | 3  | 4  |
+---+---+---+----+----+----+
| 2 |   | 2 | 4  | 6  | 8  |
+---+---+---+----+----+----+
| 3 |   | 3 | 6  | 9  | 12 |
+---+---+---+----+----+----+
| 4 |   | 4 | 8  | 12 | 16 |
+---+---+---+----+----+----+
| 5 |   | 5 | 10 | 15 | 20 |
+---+---+---+----+----+----+

m = 2
+---+---+---+---+----+----+
|   | n | 1 | 2 | 3  | 4  |
+---+---+---+---+----+----+
| l |   |   |   |    |    |
+---+---+---+---+----+----+
| 1 |   | 2 | 2 | 2  | 3  |
+---+---+---+---+----+----+
| 2 |   | 2 | 3 | 5  | 7  |
+---+---+---+---+----+----+
| 3 |   | 2 | 5 | 8  | 11 |
+---+---+---+---+----+----+
| 4 |   | 3 | 7 | 11 | 15 |
+---+---+---+---+----+----+
| 5 |   | 4 | 9 | 14 | 19 |
+---+---+---+---+----+----+

m = 3
+---+---+---+---+----+----+
|   | n | 1 | 2 | 3  | 4  |
+---+---+---+---+----+----+
| l |   |   |   |    |    |
+---+---+---+---+----+----+
| 1 |   | 3 | 2 | 2  | 3  |
+---+---+---+---+----+----+
| 2 |   | 2 | 3 | 4  | 6  |
+---+---+---+---+----+----+
| 3 |   | 2 | 4 | 7  | 10 |
+---+---+---+---+----+----+
| 4 |   | 3 | 6 | 10 | 14 |
+---+---+---+---+----+----+
| 5 |   | 3 | 8 | 13 | 18 |
+---+---+---+---+----+----+

m = 4
+---+---+---+---+----+----+
|   | n | 1 | 2 | 3  | 4  |
+---+---+---+---+----+----+
| l |   |   |   |    |    |
+---+---+---+---+----+----+
| 1 |   | 4 | 3 | 3  | 3  |
+---+---+---+---+----+----+
| 2 |   | 3 | 3 | 4  | 5  |
+---+---+---+---+----+----+
| 3 |   | 3 | 4 | 6  | 9  |
+---+---+---+---+----+----+
| 4 |   | 3 | 5 | 9  | 13 |
+---+---+---+---+----+----+
| 5 |   | 3 | 7 | 12 | 17 |
+---+---+---+---+----+----+

m = 5
+---+---+---+---+----+----+
|   | n | 1 | 2 | 3  | 4  |
+---+---+---+---+----+----+
| l |   |   |   |    |    |
+---+---+---+---+----+----+
| 1 |   | 5 | 4 | 3  | 3  |
+---+---+---+---+----+----+
| 2 |   | 4 | 3 | 4  | 5  |
+---+---+---+---+----+----+
| 3 |   | 3 | 4 | 5  | 8  |
+---+---+---+---+----+----+
| 4 |   | 3 | 5 | 8  | 12 |
+---+---+---+---+----+----+
| 5 |   | 3 | 6 | 11 | 16 |
+---+---+---+---+----+----+

Tables using formulas:
m = 1
+---+---+---+----+----+----+
|   | n | 1 | 2  | 3  | 4  |
+---+---+---+----+----+----+
| l |   |   |    |    |    |
+---+---+---+----+----+----+
| 1 |   | 1 | 2  | 3  | 4  |
+---+---+---+----+----+----+
| 2 |   | 2 | 4  | 6  | 8  |
+---+---+---+----+----+----+
| 3 |   | 3 | 6  | 9  | 12 |
+---+---+---+----+----+----+
| 4 |   | 4 | 8  | 12 | 16 |
+---+---+---+----+----+----+
| 5 |   | 5 | 10 | 15 | 20 |
+---+---+---+----+----+----+

m = 2
+---+---+---+---+----+----+
|   | n | 1 | 2 | 3  | 4  |
+---+---+---+---+----+----+
| l |   |   |   |    |    |
+---+---+---+---+----+----+
| 1 |   | 2 | 2 | 2  | 3  |
+---+---+---+---+----+----+
| 2 |   | 2 | 3 | 5  | 7  |
+---+---+---+---+----+----+
| 3 |   | 2 | 5 | 8  | 11 |
+---+---+---+---+----+----+
| 4 |   | 3 | 7 | 11 | 15 |
+---+---+---+---+----+----+
| 5 |   | 4 | 9 | 14 | 19 |
+---+---+---+---+----+----+

m = 3
+---+---+---+---+----+----+
|   | n | 1 | 2 | 3  | 4  |
+---+---+---+---+----+----+
| l |   |   |   |    |    |
+---+---+---+---+----+----+
| 1 |   | 3 | 2 | 2  | 3  |
+---+---+---+---+----+----+
| 2 |   | 2 | 3 | 4  | 6  |
+---+---+---+---+----+----+
| 3 |   | 2 | 4 | 7  | 10 |
+---+---+---+---+----+----+
| 4 |   | 3 | 6 | 10 | 14 |
+---+---+---+---+----+----+
| 5 |   | 3 | 8 | 13 | 18 |
+---+---+---+---+----+----+

m = 4
+---+---+---+---+----+----+
|   | n | 1 | 2 | 3  | 4  |
+---+---+---+---+----+----+
| l |   |   |   |    |    |
+---+---+---+---+----+----+
| 1 |   | 4 | 3 | 3  | 3  |
+---+---+---+---+----+----+
| 2 |   | 3 | 3 | 4  | 5  |
+---+---+---+---+----+----+
| 3 |   | 3 | 4 | 6  | 9  |
+---+---+---+---+----+----+
| 4 |   | 3 | 5 | 9  | 13 |
+---+---+---+---+----+----+
| 5 |   | 3 | 7 | 12 | 17 |
+---+---+---+---+----+----+

m = 5
+---+---+---+---+----+----+
|   | n | 1 | 2 | 3  | 4  |
+---+---+---+---+----+----+
| l |   |   |   |    |    |
+---+---+---+---+----+----+
| 1 |   | 5 | 4 | 3  | 3  |
+---+---+---+---+----+----+
| 2 |   | 4 | 3 | 4  | 5  |
+---+---+---+---+----+----+
| 3 |   | 3 | 4 | 5  | 8  |
+---+---+---+---+----+----+
| 4 |   | 3 | 5 | 8  | 12 |
+---+---+---+---+----+----+
| 5 |   | 3 | 6 | 11 | 16 |
+---+---+---+---+----+----+

