 Tables using graphs: 
  n   |V|   |E|   deg   alpha   sigma
  1   2     1     1     1       1
  2   4     4     2     2       2
  3   8     12    3     4       2
  4   16    32    4     8       2
  5   32    80    5     16      3
  
  Table using formulas: 
  n   deg            alpha          sigma
  1   not finished   not finished   not finished
  2   not finished   not finished   not finished
  3   not finished   not finished   not finished
  4   not finished   not finished   not finished
  5   not finished   not finished   not finished
  
Adjacency matrices: 
n = 3
[0 1 1 0 1 0 0 0]
[1 0 0 1 0 1 0 0]
[1 0 0 1 0 0 1 0]
[0 1 1 0 0 0 0 1]
[1 0 0 0 0 1 1 0]
[0 1 0 0 1 0 0 1]
[0 0 1 0 1 0 0 1]
[0 0 0 1 0 1 1 0]

Eigenvalues: 
1: -2.999999999999999
2: -1.0
3: -0.9999999999999998
4: -0.9999999999999997
5: 0.9999999999999993
6: 0.9999999999999996
7: 1.0000000000000002
8: 3.0

n = 4
[0 1 1 0 1 0 0 0 1 0 0 0 0 0 0 0]
[1 0 0 1 0 1 0 0 0 1 0 0 0 0 0 0]
[1 0 0 1 0 0 1 0 0 0 1 0 0 0 0 0]
[0 1 1 0 0 0 0 1 0 0 0 1 0 0 0 0]
[1 0 0 0 0 1 1 0 0 0 0 0 1 0 0 0]
[0 1 0 0 1 0 0 1 0 0 0 0 0 1 0 0]
[0 0 1 0 1 0 0 1 0 0 0 0 0 0 1 0]
[0 0 0 1 0 1 1 0 0 0 0 0 0 0 0 1]
[1 0 0 0 0 0 0 0 0 1 1 0 1 0 0 0]
[0 1 0 0 0 0 0 0 1 0 0 1 0 1 0 0]
[0 0 1 0 0 0 0 0 1 0 0 1 0 0 1 0]
[0 0 0 1 0 0 0 0 0 1 1 0 0 0 0 1]
[0 0 0 0 1 0 0 0 1 0 0 0 0 1 1 0]
[0 0 0 0 0 1 0 0 0 1 0 0 1 0 0 1]
[0 0 0 0 0 0 1 0 0 0 1 0 1 0 0 1]
[0 0 0 0 0 0 0 1 0 0 0 1 0 1 1 0]

Eigenvalues: 
1: -3.999999999999999
2: -2.000000000000001
3: -2.0
4: -1.9999999999999987
5: -1.9999999999999982
6: -2.7485091060286107e-16
7: -6.234652059593961e-17
8: -6.023521122402028e-17
9: -1.1026708882241713e-17
10: 6.113389091635523e-18
11: 4.440892098500626e-16
12: 2.0
13: 2.0000000000000004
14: 2.000000000000001
15: 2.000000000000001
16: 3.999999999999994

n = 5
[0 1 1 0 1 0 0 0 1 0 0 0 0 0 0 0 1 0 0 0 0 0 0 0 0 0 0 0 0 0 0 0]
[1 0 0 1 0 1 0 0 0 1 0 0 0 0 0 0 0 1 0 0 0 0 0 0 0 0 0 0 0 0 0 0]
[1 0 0 1 0 0 1 0 0 0 1 0 0 0 0 0 0 0 1 0 0 0 0 0 0 0 0 0 0 0 0 0]
[0 1 1 0 0 0 0 1 0 0 0 1 0 0 0 0 0 0 0 1 0 0 0 0 0 0 0 0 0 0 0 0]
[1 0 0 0 0 1 1 0 0 0 0 0 1 0 0 0 0 0 0 0 1 0 0 0 0 0 0 0 0 0 0 0]
[0 1 0 0 1 0 0 1 0 0 0 0 0 1 0 0 0 0 0 0 0 1 0 0 0 0 0 0 0 0 0 0]
[0 0 1 0 1 0 0 1 0 0 0 0 0 0 1 0 0 0 0 0 0 0 1 0 0 0 0 0 0 0 0 0]
[0 0 0 1 0 1 1 0 0 0 0 0 0 0 0 1 0 0 0 0 0 0 0 1 0 0 0 0 0 0 0 0]
[1 0 0 0 0 0 0 0 0 1 1 0 1 0 0 0 0 0 0 0 0 0 0 0 1 0 0 0 0 0 0 0]
[0 1 0 0 0 0 0 0 1 0 0 1 0 1 0 0 0 0 0 0 0 0 0 0 0 1 0 0 0 0 0 0]
[0 0 1 0 0 0 0 0 1 0 0 1 0 0 1 0 0 0 0 0 0 0 0 0 0 0 1 0 0 0 0 0]
[0 0 0 1 0 0 0 0 0 1 1 0 0 0 0 1 0 0 0 0 0 0 0 0 0 0 0 1 0 0 0 0]
[0 0 0 0 1 0 0 0 1 0 0 0 0 1 1 0 0 0 0 0 0 0 0 0 0 0 0 0 1 0 0 0]
[0 0 0 0 0 1 0 0 0 1 0 0 1 0 0 1 0 0 0 0 0 0 0 0 0 0 0 0 0 1 0 0]
[0 0 0 0 0 0 1 0 0 0 1 0 1 0 0 1 0 0 0 0 0 0 0 0 0 0 0 0 0 0 1 0]
[0 0 0 0 0 0 0 1 0 0 0 1 0 1 1 0 0 0 0 0 0 0 0 0 0 0 0 0 0 0 0 1]
[1 0 0 0 0 0 0 0 0 0 0 0 0 0 0 0 0 1 1 0 1 0 0 0 1 0 0 0 0 0 0 0]
[0 1 0 0 0 0 0 0 0 0 0 0 0 0 0 0 1 0 0 1 0 1 0 0 0 1 0 0 0 0 0 0]
[0 0 1 0 0 0 0 0 0 0 0 0 0 0 0 0 1 0 0 1 0 0 1 0 0 0 1 0 0 0 0 0]
[0 0 0 1 0 0 0 0 0 0 0 0 0 0 0 0 0 1 1 0 0 0 0 1 0 0 0 1 0 0 0 0]
[0 0 0 0 1 0 0 0 0 0 0 0 0 0 0 0 1 0 0 0 0 1 1 0 0 0 0 0 1 0 0 0]
[0 0 0 0 0 1 0 0 0 0 0 0 0 0 0 0 0 1 0 0 1 0 0 1 0 0 0 0 0 1 0 0]
[0 0 0 0 0 0 1 0 0 0 0 0 0 0 0 0 0 0 1 0 1 0 0 1 0 0 0 0 0 0 1 0]
[0 0 0 0 0 0 0 1 0 0 0 0 0 0 0 0 0 0 0 1 0 1 1 0 0 0 0 0 0 0 0 1]
[0 0 0 0 0 0 0 0 1 0 0 0 0 0 0 0 1 0 0 0 0 0 0 0 0 1 1 0 1 0 0 0]
[0 0 0 0 0 0 0 0 0 1 0 0 0 0 0 0 0 1 0 0 0 0 0 0 1 0 0 1 0 1 0 0]
[0 0 0 0 0 0 0 0 0 0 1 0 0 0 0 0 0 0 1 0 0 0 0 0 1 0 0 1 0 0 1 0]
[0 0 0 0 0 0 0 0 0 0 0 1 0 0 0 0 0 0 0 1 0 0 0 0 0 1 1 0 0 0 0 1]
[0 0 0 0 0 0 0 0 0 0 0 0 1 0 0 0 0 0 0 0 1 0 0 0 1 0 0 0 0 1 1 0]
[0 0 0 0 0 0 0 0 0 0 0 0 0 1 0 0 0 0 0 0 0 1 0 0 0 1 0 0 1 0 0 1]
[0 0 0 0 0 0 0 0 0 0 0 0 0 0 1 0 0 0 0 0 0 0 1 0 0 0 1 0 1 0 0 1]
[0 0 0 0 0 0 0 0 0 0 0 0 0 0 0 1 0 0 0 0 0 0 0 1 0 0 0 1 0 1 1 0]

Eigenvalues: 
1: (-5.000000000000003+0j)
2: (-3.0000000000000044+0j)
3: (-3.0000000000000027+0j)
4: (-3.0000000000000027+0j)
5: (-3.0000000000000013+0j)
6: (-2.9999999999999996+0j)
7: (-1.0000000000000024+0j)
8: (-1.000000000000001+0j)
9: (-1.0000000000000009+0j)
10: (-1.0000000000000007+0j)
11: (-1+0j)
12: (-1+0j)
13: (-0.9999999999999998+0j)
14: (-0.9999999999999998+0j)
15: (-0.9999999999999996+0j)
16: (-0.9999999999999996+0j)
17: (0.9999999999999989+0j)
18: (0.9999999999999996+0j)
19: (0.9999999999999998+0j)
20: (1+0j)
21: (1+0j)
22: (1.0000000000000004+0j)
23: (1.0000000000000004+0j)
24: (1.0000000000000004+0j)
25: (1.0000000000000009+0j)
26: (1.000000000000002+0j)
27: (2.999999999999999+0j)
28: (3+0j)
29: (3+0j)
30: (3.0000000000000018+0j)
31: (3.000000000000002+0j)
32: (5.000000000000002+0j)

