+----+---+---+---+---+---+---+---+---+---+---+----+
|    | m | 1 | 2 | 3 | 4 | 5 | 6 | 7 | 8 | 9 | 10 |
+----+---+---+---+---+---+---+---+---+---+---+----+
| n  |   |   |   |   |   |   |   |   |   |   |    |
+----+---+---+---+---+---+---+---+---+---+---+----+
| 3  |   | 1 | 1 | 1 | 1 | 1 | 1 | 1 | 1 | 1 | 1  |
+----+---+---+---+---+---+---+---+---+---+---+----+
| 4  |   | 2 | 2 | 2 | 2 | 2 | 2 | 2 | 2 | 2 | 2  |
+----+---+---+---+---+---+---+---+---+---+---+----+
| 5  |   | 1 | 1 | 1 | 1 | 1 | 1 | 1 | 1 | 1 | 1  |
+----+---+---+---+---+---+---+---+---+---+---+----+
| 6  |   | 1 | 1 | 1 | 1 | 1 | 1 | 1 | 1 | 1 | 1  |
+----+---+---+---+---+---+---+---+---+---+---+----+
| 7  |   | 1 | 1 | 1 | 1 | 1 | 1 | 1 | 1 | 1 | 1  |
+----+---+---+---+---+---+---+---+---+---+---+----+
| 8  |   | 1 | 1 | 1 | 1 | 1 | 1 | 1 | 1 | 1 | 1  |
+----+---+---+---+---+---+---+---+---+---+---+----+
| 9  |   | 1 | 1 | 1 | 1 | 1 | 1 | 1 | 1 | 1 | 1  |
+----+---+---+---+---+---+---+---+---+---+---+----+
| 10 |   | 1 | 1 | 1 | 1 | 1 | 1 | 1 | 1 | 1 | 1  |
+----+---+---+---+---+---+---+---+---+---+---+----+