Tables using graphs: 
  n    |V|   |E|   deg   alpha   sigma
  2    2     1     1     1       1
  3    3     2     2     2       2
  4    4     3     2     2       1
  5    5     4     2     3       1
  6    6     5     2     3       1
  7    7     6     2     4       1
  8    8     7     2     4       1
  9    9     8     2     5       1
  10   10    9     2     5       1

Table using formulas: 
  n    deg   alpha   sigma
  2    1     1       1
  3    2     2       2
  4    2     2       1
  5    2     3       1
  6    2     3       1
  7    2     4       1
  8    2     4       1
  9    2     5       1
  10   2     5       1

Adjacency matrices: 
n = 6
[0 1 0 0 0 0]
[1 0 1 0 0 0]
[0 1 0 1 0 0]
[0 0 1 0 1 0]
[0 0 0 1 0 1]
[0 0 0 0 1 0]

Eigenvalues: 
1: -1.8019377358048356
2: -1.2469796037174654
3: -0.4450418679126282
4: 0.4450418679126292
5: 1.2469796037174672
6: 1.8019377358048398

Eigenvectors: 
1: [-0.23192061 -0.41790651 -0.52112089 -0.23192061  0.52112089 -0.41790651]
2: [ 0.41790651  0.52112089  0.23192061 -0.41790651  0.23192061 -0.52112089]
3: [-0.52112089 -0.23192061  0.41790651 -0.52112089 -0.41790651 -0.23192061]
4: [-0.41790651  0.52112089 -0.23192061 -0.41790651  0.23192061  0.52112089]
5: [ 0.23192061 -0.41790651  0.52112089 -0.23192061  0.52112089  0.41790651]
6: [ 0.52112089 -0.23192061 -0.41790651 -0.52112089 -0.41790651  0.23192061]

n = 7
[0 1 0 0 0 0 0]
[1 0 1 0 0 0 0]
[0 1 0 1 0 0 0]
[0 0 1 0 1 0 0]
[0 0 0 1 0 1 0]
[0 0 0 0 1 0 1]
[0 0 0 0 0 1 0]

Eigenvalues: 
1: -1.8477590650225717
2: -1.414213562373095
3: -0.7653668647301789
4: -4.258216405276988e-17
5: 0.7653668647301797
6: 1.4142135623730945
7: 1.847759065022573

Eigenvectors: 
1: [-0.19134172 -0.35355339  0.46193977 -0.5        -0.19134172  0.35355339
  0.46193977]
2: [ 3.53553391e-01  5.00000000e-01 -3.53553391e-01  5.66955707e-17
 -3.53553391e-01  5.00000000e-01  3.53553391e-01]
3: [-0.46193977 -0.35355339 -0.19134172  0.5        -0.46193977  0.35355339
 -0.19134172]
4: [ 5.00000000e-01  4.77199999e-16  5.00000000e-01 -2.36569575e-17
 -5.00000000e-01 -4.80483259e-16 -5.00000000e-01]
5: [-0.19134172  0.35355339  0.46193977  0.5        -0.19134172 -0.35355339
  0.46193977]
6: [ 3.53553391e-01 -5.00000000e-01 -3.53553391e-01 -3.81348014e-17
 -3.53553391e-01 -5.00000000e-01  3.53553391e-01]
7: [-0.46193977  0.35355339 -0.19134172 -0.5        -0.46193977 -0.35355339
 -0.19134172]

n = 8
[0 1 0 0 0 0 0 0]
[1 0 1 0 0 0 0 0]
[0 1 0 1 0 0 0 0]
[0 0 1 0 1 0 0 0]
[0 0 0 1 0 1 0 0]
[0 0 0 0 1 0 1 0]
[0 0 0 0 0 1 0 1]
[0 0 0 0 0 0 1 0]

Eigenvalues: 
1: -1.879385241571816
2: -1.5320888862379538
3: -0.9999999999999988
4: -0.34729635533386
5: 0.3472963553338606
6: 1.0
7: 1.5320888862379558
8: 1.879385241571817

Eigenvectors: 
1: [ 0.16122984  0.30301299 -0.40824829  0.46424283  0.46424283  0.16122984
  0.30301299  0.40824829]
2: [-0.30301299 -0.46424283  0.40824829 -0.16122984  0.16122984  0.30301299
  0.46424283  0.40824829]
3: [ 4.08248290e-01  4.08248290e-01  2.55026228e-17 -4.08248290e-01
 -4.08248290e-01  4.08248290e-01  4.08248290e-01 -1.74583615e-17]
4: [-0.46424283 -0.16122984 -0.40824829  0.30301299 -0.30301299  0.46424283
  0.16122984 -0.40824829]
5: [ 0.46424283 -0.16122984  0.40824829  0.30301299  0.30301299  0.46424283
 -0.16122984 -0.40824829]
6: [-0.16122984  0.30301299  0.40824829  0.46424283 -0.46424283  0.16122984
 -0.30301299  0.40824829]
7: [ 0.30301299 -0.46424283 -0.40824829 -0.16122984 -0.16122984  0.30301299
 -0.46424283  0.40824829]
8: [-4.08248290e-01  4.08248290e-01 -9.49007983e-17 -4.08248290e-01
  4.08248290e-01  4.08248290e-01 -4.08248290e-01 -7.02048757e-17]

