+---+---+---+---+---+---+---+
|   | m | 2 | 3 | 4 | 5 | 6 |
+---+---+---+---+---+---+---+
| n |   |   |   |   |   |   |
+---+---+---+---+---+---+---+
| 1 |   | 1 | 2 | 1 | 1 | 1 |
+---+---+---+---+---+---+---+
| 2 |   | 2 | 3 | 2 | 2 | 2 |
+---+---+---+---+---+---+---+
| 3 |   | 2 | 4 | 2 | 3 | 2 |
+---+---+---+---+---+---+---+
| 4 |   | 3 | 5 | 3 | 4 | 3 |
+---+---+---+---+---+---+---+
| 5 |   | 3 | 6 | 3 | 4 | 3 |
+---+---+---+---+---+---+---+
| 6 |   | 4 | 7 | 4 | 5 | 4 |
+---+---+---+---+---+---+---+
| 7 |   | 4 | 8 | 4 | 6 | 4 |
+---+---+---+---+---+---+---+