Tables using graphs: 
  n    m   |V|   |E|   deg   alpha   sigma
  1    1   2     1     1     1       1
  2    1   3     2     2     2       2
  3    1   4     3     3     3       3
  4    1   5     4     4     4       4
  5    1   6     5     5     5       5
  6    1   7     6     6     6       6
  7    1   8     7     7     7       7
  8    1   9     8     8     8       8
  9    1   10    9     9     9       9
  10   1   11    10    10    10      10

  n    m   |V|   |E|   deg   alpha   sigma
  1    2   3     2     2     2       2
  2    2   4     3     3     3       3
  3    2   5     4     4     4       4
  4    2   6     5     5     5       5
  5    2   7     6     6     6       6
  6    2   8     7     7     7       7
  7    2   9     8     8     8       8
  8    2   10    9     9     9       9
  9    2   11    10    10    10      10
  10   2   12    11    11    11      11

  n    m   |V|   |E|   deg   alpha   sigma
  1    3   4     4     3     2       1
  2    3   5     5     4     3       1
  3    3   6     6     5     4       1
  4    3   7     7     6     5       1
  5    3   8     8     7     6       1
  6    3   9     9     8     7       1
  7    3   10    10    9     8       1
  8    3   11    11    10    9       1
  9    3   12    12    11    10      1
  10   3   13    13    12    11      1

  n    m   |V|   |E|   deg   alpha   sigma
  1    4   5     7     4     2       1
  2    4   6     8     5     3       1
  3    4   7     9     6     4       1
  4    4   8     10    7     5       1
  5    4   9     11    8     6       1
  6    4   10    12    9     7       1
  7    4   11    13    10    8       1
  8    4   12    14    11    9       1
  9    4   13    15    12    10      1
  10   4   14    16    13    11      1

  n    m   |V|   |E|   deg   alpha   sigma
  1    5   6     11    5     2       1
  2    5   7     12    6     3       1
  3    5   8     13    7     4       1
  4    5   9     14    8     5       1
  5    5   10    15    9     6       1
  6    5   11    16    10    7       1
  7    5   12    17    11    8       1
  8    5   13    18    12    9       1
  9    5   14    19    13    10      1
  10   5   15    20    14    11      1

  n    m   |V|   |E|   deg   alpha   sigma
  1    6   7     16    6     2       1
  2    6   8     17    7     3       1
  3    6   9     18    8     4       1
  4    6   10    19    9     5       1
  5    6   11    20    10    6       1
  6    6   12    21    11    7       1
  7    6   13    22    12    8       1
  8    6   14    23    13    9       1
  9    6   15    24    14    10      1
  10   6   16    25    15    11      1

  n    m   |V|   |E|   deg   alpha   sigma
  1    7   8     22    7     2       1
  2    7   9     23    8     3       1
  3    7   10    24    9     4       1
  4    7   11    25    10    5       1
  5    7   12    26    11    6       1
  6    7   13    27    12    7       1
  7    7   14    28    13    8       1
  8    7   15    29    14    9       1
  9    7   16    30    15    10      1
  10   7   17    31    16    11      1

  n    m   |V|   |E|   deg   alpha   sigma
  1    8   9     29    8     2       1
  2    8   10    30    9     3       1
  3    8   11    31    10    4       1
  4    8   12    32    11    5       1
  5    8   13    33    12    6       1
  6    8   14    34    13    7       1
  7    8   15    35    14    8       1
  8    8   16    36    15    9       1
  9    8   17    37    16    10      1
  10   8   18    38    17    11      1

  n    m   |V|   |E|   deg   alpha   sigma
  1    9   10    37    9     2       1
  2    9   11    38    10    3       1
  3    9   12    39    11    4       1
  4    9   13    40    12    5       1
  5    9   14    41    13    6       1
  6    9   15    42    14    7       1
  7    9   16    43    15    8       1
  8    9   17    44    16    9       1
  9    9   18    45    17    10      1
  10   9   19    46    18    11      1

  n    m    |V|   |E|   deg   alpha   sigma
  1    10   11    46    10    2       1
  2    10   12    47    11    3       1
  3    10   13    48    12    4       1
  4    10   14    49    13    5       1
  5    10   15    50    14    6       1
  6    10   16    51    15    7       1
  7    10   17    52    16    8       1
  8    10   18    53    17    9       1
  9    10   19    54    18    10      1
  10   10   20    55    19    11      1


Tables using formulas: 
  n    m   deg   alpha   sigma
  1    1   1     1       1
  2    1   2     2       2
  3    1   3     3       3
  4    1   4     4       4
  5    1   5     5       5
  6    1   6     6       6
  7    1   7     7       7
  8    1   8     8       8
  9    1   9     9       9
  10   1   10    10      10

  n    m   deg   alpha   sigma
  1    2   2     2       2
  2    2   3     3       3
  3    2   4     4       4
  4    2   5     5       5
  5    2   6     6       6
  6    2   7     7       7
  7    2   8     8       8
  8    2   9     9       9
  9    2   10    10      10
  10   2   11    11      11

  n    m   deg   alpha   sigma
  1    3   3     2       1
  2    3   4     3       1
  3    3   5     4       1
  4    3   6     5       1
  5    3   7     6       1
  6    3   8     7       1
  7    3   9     8       1
  8    3   10    9       1
  9    3   11    10      1
  10   3   12    11      1

  n    m   deg   alpha   sigma
  1    4   4     2       1
  2    4   5     3       1
  3    4   6     4       1
  4    4   7     5       1
  5    4   8     6       1
  6    4   9     7       1
  7    4   10    8       1
  8    4   11    9       1
  9    4   12    10      1
  10   4   13    11      1

  n    m   deg   alpha   sigma
  1    5   5     2       1
  2    5   6     3       1
  3    5   7     4       1
  4    5   8     5       1
  5    5   9     6       1
  6    5   10    7       1
  7    5   11    8       1
  8    5   12    9       1
  9    5   13    10      1
  10   5   14    11      1

  n    m   deg   alpha   sigma
  1    6   6     2       1
  2    6   7     3       1
  3    6   8     4       1
  4    6   9     5       1
  5    6   10    6       1
  6    6   11    7       1
  7    6   12    8       1
  8    6   13    9       1
  9    6   14    10      1
  10   6   15    11      1

  n    m   deg   alpha   sigma
  1    7   7     2       1
  2    7   8     3       1
  3    7   9     4       1
  4    7   10    5       1
  5    7   11    6       1
  6    7   12    7       1
  7    7   13    8       1
  8    7   14    9       1
  9    7   15    10      1
  10   7   16    11      1

  n    m   deg   alpha   sigma
  1    8   8     2       1
  2    8   9     3       1
  3    8   10    4       1
  4    8   11    5       1
  5    8   12    6       1
  6    8   13    7       1
  7    8   14    8       1
  8    8   15    9       1
  9    8   16    10      1
  10   8   17    11      1

  n    m   deg   alpha   sigma
  1    9   9     2       1
  2    9   10    3       1
  3    9   11    4       1
  4    9   12    5       1
  5    9   13    6       1
  6    9   14    7       1
  7    9   15    8       1
  8    9   16    9       1
  9    9   17    10      1
  10   9   18    11      1

  n    m    deg   alpha   sigma
  1    10   10    2       1
  2    10   11    3       1
  3    10   12    4       1
  4    10   13    5       1
  5    10   14    6       1
  6    10   15    7       1
  7    10   16    8       1
  8    10   17    9       1
  9    10   18    10      1
  10   10   19    11      1


Adjacency matrices: 
n = 6
m = 6
[0 1 1 1 1 1 1 1 1 1 1 1]
[1 0 1 1 1 1 0 0 0 0 0 0]
[1 1 0 1 1 1 0 0 0 0 0 0]
[1 1 1 0 1 1 0 0 0 0 0 0]
[1 1 1 1 0 1 0 0 0 0 0 0]
[1 1 1 1 1 0 0 0 0 0 0 0]
[1 0 0 0 0 0 0 0 0 0 0 0]
[1 0 0 0 0 0 0 0 0 0 0 0]
[1 0 0 0 0 0 0 0 0 0 0 0]
[1 0 0 0 0 0 0 0 0 0 0 0]
[1 0 0 0 0 0 0 0 0 0 0 0]
[1 0 0 0 0 0 0 0 0 0 0 0]

Eigenvalues: 
1: -2.8419836602132795
2: -1.0000000000000007
3: -1.0000000000000004
4: -1.0
5: -0.9999999999999998
6: -5.058348540374418e-81
7: 0.0
8: 7.596454196607839e-65
9: 7.934097344171302e-49
10: 1.2224066983401328e-32
11: 1.6158936787907625
12: 5.226089981422514

Eigenvectors: 
1: [ 7.35280114e-01 -4.89260027e-01 -4.69028549e-01 -4.82858112e-17
  1.69651383e-17  3.68893607e-17  7.28051126e-17  1.67372418e-17
  6.03292123e-18 -2.47656997e-17  1.79088424e-32  6.43494651e-18]
2: [-2.58720740e-01 -3.02779838e-01 -8.97475073e-02 -3.09462706e-18
 -3.48987282e-18  1.49210043e-17  3.72935952e-16  9.12870929e-01
  7.09068920e-02 -2.91079351e-01  1.31928395e-16  7.56320263e-02]
3: [-1.07465927e-01  2.05217369e-01 -3.82540071e-01 -2.48084734e-01
 -7.83833737e-02 -7.96220900e-01  1.88108778e-01  2.13046117e-17
 -1.62191476e-17  8.48101347e-18  3.61756635e-18 -1.45398910e-17]
4: [-1.07465927e-01  2.05217369e-01 -3.82540071e-01 -2.48084734e-01
 -7.44352761e-01  4.63997514e-01 -3.67635875e-01 -9.31435194e-17
 -2.88399353e-17  6.36917674e-17 -2.26877619e-18 -2.94185977e-17]
5: [-1.07465927e-01  2.05217369e-01 -3.82540071e-01 -2.48084734e-01
  6.36514144e-01 -9.10217122e-03 -4.92969834e-01 -1.42372492e-16
 -5.97748602e-17  8.85516779e-17  1.44775542e-17 -5.72818108e-17]
6: [-2.58720740e-01 -3.02779838e-01 -8.97475073e-02 -3.09462706e-18
 -3.48987282e-18  1.49210043e-17 -3.94651553e-17 -1.82574186e-01
 -6.58086734e-02  2.70150692e-01  7.07106781e-01 -7.01940696e-02]
7: [-2.58720740e-01 -3.02779838e-01 -8.97475073e-02 -3.09462706e-18
 -3.48987282e-18  1.49210043e-17 -3.94651553e-17 -1.82574186e-01
 -6.58086734e-02  2.70150692e-01 -7.07106781e-01 -7.01940696e-02]
8: [-2.58720740e-01 -3.02779838e-01 -8.97475073e-02 -3.09462706e-18
 -3.48987282e-18  1.49210043e-17 -3.94651553e-17 -1.82574186e-01
 -6.34585807e-01  2.70150692e-01 -7.96421800e-16 -5.25705232e-01]
9: [-2.58720740e-01 -3.02779838e-01 -8.97475073e-02 -3.09462706e-18
 -3.48987282e-18  1.49210043e-17 -3.94651553e-17 -1.82574186e-01
 -6.58086734e-02  2.70150692e-01 -4.99167808e-16 -2.21362539e-01]
10: [-2.58720740e-01 -3.02779838e-01 -8.97475073e-02 -3.09462706e-18
 -3.48987282e-18  1.49210043e-17 -3.94651553e-17 -1.82574186e-01
  7.61104935e-01 -7.89523417e-01  1.34184923e-15  8.11823883e-01]
11: [-1.07465927e-01  2.05217369e-01 -3.82540071e-01  8.90974254e-01
  9.09889354e-05 -4.42839221e-02 -8.82003736e-02 -4.86179640e-17
 -2.72516968e-17  3.88251626e-17 -2.87726695e-17 -2.35397501e-17]
12: [-1.07465927e-01  2.05217369e-01 -3.82540071e-01 -1.46720052e-01
  1.86131002e-01  3.85609479e-01  7.60697304e-01  1.62987010e-16
 -7.68824853e-19 -3.42420397e-17  1.83627016e-17 -5.61378860e-18]

n = 7
m = 6
[0 1 1 1 1 1 1 1 1 1 1 1 1]
[1 0 1 1 1 1 0 0 0 0 0 0 0]
[1 1 0 1 1 1 0 0 0 0 0 0 0]
[1 1 1 0 1 1 0 0 0 0 0 0 0]
[1 1 1 1 0 1 0 0 0 0 0 0 0]
[1 1 1 1 1 0 0 0 0 0 0 0 0]
[1 0 0 0 0 0 0 0 0 0 0 0 0]
[1 0 0 0 0 0 0 0 0 0 0 0 0]
[1 0 0 0 0 0 0 0 0 0 0 0 0]
[1 0 0 0 0 0 0 0 0 0 0 0 0]
[1 0 0 0 0 0 0 0 0 0 0 0 0]
[1 0 0 0 0 0 0 0 0 0 0 0 0]
[1 0 0 0 0 0 0 0 0 0 0 0 0]

Eigenvalues: 
1: -3.0254251252143702
2: -1.0000000000000007
3: -1.0000000000000002
4: -1.0
5: -0.9999999999999998
6: -4.4081905641786276e-64
7: -1.0354031165344432e-80
8: 4.1329853961282925e-82
9: 9.549630625435113e-65
10: 9.12303687711469e-49
11: 2.6281675046834656e-32
12: 1.7565087423282064
13: 5.268916382886165

Eigenvectors: 
1: [ 7.32043300e-01 -4.84376550e-01 -4.79053197e-01 -4.86331354e-17
  1.44353541e-17 -3.72597632e-17 -8.19305356e-17  4.54111284e-33
 -2.93048519e-49  4.50718523e-64 -3.47142236e-64  6.50266575e-67
 -1.80492975e-64]
2: [-1.04199146e-01  2.15903025e-01 -3.77529365e-01 -4.20032354e-01
 -3.82080237e-01  1.53102146e-01  9.46268657e-02 -2.96301647e-17
 -4.50313117e-18 -4.01142560e-18  1.56266057e-18 -3.36745068e-18
  8.51791002e-20]
3: [-1.04199146e-01  2.15903025e-01 -3.77529365e-01  2.26139527e-01
  2.36428592e-01  8.81893381e-02  7.65149375e-01 -1.34979934e-16
 -1.03109430e-17 -6.26522122e-18 -5.44317806e-17 -3.37341598e-18
 -4.55180215e-17]
4: [-1.04199146e-01  2.15903025e-01 -3.77529365e-01 -4.20032354e-01
 -3.82080237e-01 -8.58559691e-01 -6.03970038e-01  3.34595235e-17
 -9.96517682e-18 -8.19294488e-18  2.05708059e-17 -3.50514634e-18
  1.06863538e-17]
5: [-2.41963780e-01 -2.75760967e-01 -9.09206299e-02  1.69650720e-18
  2.28025125e-17  3.04844279e-17 -2.67541370e-16 -9.25820100e-01
  2.00849483e-17 -6.07847143e-17  7.29250572e-17  1.95707872e-17
  2.76549388e-17]
6: [-2.41963780e-01 -2.75760967e-01 -9.09206299e-02  1.69650720e-18
  2.28025125e-17  3.04844279e-17  9.35049820e-17  1.54303350e-01
 -1.82574186e-01 -2.45058076e-01 -3.10670621e-01  2.48391333e-03
 -6.91711048e-01]
7: [-2.41963780e-01 -2.75760967e-01 -9.09206299e-02  1.69650720e-18
  2.28025125e-17  3.04844279e-17  9.35049820e-17  1.54303350e-01
  9.12870929e-01  8.91800356e-01  9.44361277e-02  9.17865776e-04
 -2.55603885e-01]
8: [-2.41963780e-01 -2.75760967e-01 -9.09206299e-02  1.69650720e-18
  2.28025125e-17  3.04844279e-17  9.35049820e-17  1.54303350e-01
 -1.82574186e-01 -2.45058076e-01 -3.10670621e-01 -7.08816878e-01
  4.68865588e-01]
9: [-2.41963780e-01 -2.75760967e-01 -9.09206299e-02  1.69650720e-18
  2.28025125e-17  3.04844279e-17  9.35049820e-17  1.54303350e-01
 -1.82574186e-01 -2.45058076e-01 -3.10670621e-01  7.05387568e-01
  4.86115997e-01]
10: [-2.41963780e-01 -2.75760967e-01 -9.09206299e-02  1.69650720e-18
  2.28025125e-17  3.04844279e-17  9.35049820e-17  1.54303350e-01
 -1.82574186e-01 -1.56626127e-01  8.37575736e-01  2.75307127e-05
 -7.66665159e-03]
11: [-2.41963780e-01 -2.75760967e-01 -9.09206299e-02  1.69650720e-18
  2.28025125e-17  3.04844279e-17  9.35049820e-17  1.54303350e-01
 -1.82574186e-01  1.89726534e-16 -2.04443995e-16 -3.02398543e-17
 -9.19376517e-17]
12: [-1.04199146e-01  2.15903025e-01 -3.77529365e-01 -1.44454343e-01
  7.70265209e-01  1.65198385e-01 -1.91519049e-01  1.08190362e-16
 -3.77485844e-17 -2.46887864e-17  6.78843215e-17 -1.97005593e-20
  5.48613928e-18]
13: [-1.04199146e-01  2.15903025e-01 -3.77529365e-01  7.58379523e-01
 -2.42533326e-01  4.52069823e-01 -6.42871539e-02  3.36224966e-17
 -5.45386581e-18 -1.31915006e-17  1.30020011e-17 -1.70131027e-17
  3.67972589e-17]

n = 8
m = 6
[0 1 1 1 1 1 1 1 1 1 1 1 1 1]
[1 0 1 1 1 1 0 0 0 0 0 0 0 0]
[1 1 0 1 1 1 0 0 0 0 0 0 0 0]
[1 1 1 0 1 1 0 0 0 0 0 0 0 0]
[1 1 1 1 0 1 0 0 0 0 0 0 0 0]
[1 1 1 1 1 0 0 0 0 0 0 0 0 0]
[1 0 0 0 0 0 0 0 0 0 0 0 0 0]
[1 0 0 0 0 0 0 0 0 0 0 0 0 0]
[1 0 0 0 0 0 0 0 0 0 0 0 0 0]
[1 0 0 0 0 0 0 0 0 0 0 0 0 0]
[1 0 0 0 0 0 0 0 0 0 0 0 0 0]
[1 0 0 0 0 0 0 0 0 0 0 0 0 0]
[1 0 0 0 0 0 0 0 0 0 0 0 0 0]
[1 0 0 0 0 0 0 0 0 0 0 0 0 0]

Eigenvalues: 
1: -3.1970424992900863
2: -1.0000000000000004
3: -0.9999999999999997
4: -0.9999999999999996
5: -0.9999999999999993
6: -7.525122401647148e-18
7: 0.0
8: 0.0
9: 2.328539373216012e-51
10: 4.624268193917569e-49
11: 2.311115933264683e-33
12: 2.6381390365487118e-33
13: 1.8838479732685878
14: 5.313194526021498

Eigenvectors: 
1: [ 7.29475136e-01 -4.78322439e-01  4.88951603e-01  3.93622718e-32
 -2.70097731e-17 -1.29192538e-17  4.54365321e-32 -1.08641948e-18
  2.96086163e-18  3.47777972e-32  5.40199878e-33  3.47082403e-32
  3.85510813e-32  4.52315845e-32]
2: [-2.28171861e-01 -2.53907133e-01  9.20259179e-02 -2.04124145e-01
  1.18076331e-16  8.34227800e-17 -2.04124145e-01 -4.08613364e-17
  8.12571254e-17 -2.24670698e-01 -6.72622631e-01 -2.27287999e-01
 -2.04124145e-01 -2.04124145e-01]
3: [-2.28171861e-01 -2.53907133e-01  9.20259179e-02 -2.04124145e-01
  1.18076331e-16  8.34227800e-17 -2.04124145e-01  5.61230751e-17
  4.69478976e-17 -2.24670698e-01 -1.66532755e-02 -2.27287999e-01
 -2.04124145e-01 -2.04124145e-01]
4: [-1.01357625e-01  2.26034062e-01  3.72337528e-01  3.29418276e-17
  3.00712469e-01 -1.53581922e-01  3.29418276e-17  3.82374809e-01
 -7.54005183e-01  2.24163279e-17 -6.91350456e-17  2.09149300e-17
  3.29418276e-17  3.29418276e-17]
5: [-1.01357625e-01  2.26034062e-01  3.72337528e-01 -2.25693237e-17
  3.00712469e-01 -2.60324233e-03 -2.25693237e-17  3.88499600e-01
  3.86569502e-01 -1.92114123e-17  2.19820135e-17 -1.87183402e-17
 -2.25693237e-17 -2.25693237e-17]
6: [-2.28171861e-01 -2.53907133e-01  9.20259179e-02 -2.04124145e-01
  1.18076331e-16  8.34227800e-17 -2.04124145e-01  6.95002353e-17
  7.73735158e-18 -2.24670698e-01 -1.66532755e-02 -2.27287999e-01
 -2.04124145e-01 -2.04124145e-01]
7: [-1.01357625e-01  2.26034062e-01  3.72337528e-01 -2.25693237e-17
  3.00712469e-01  8.54949865e-01 -2.25693237e-17 -1.16309494e-01
  4.51609940e-01 -2.05301800e-17  2.84776356e-17 -2.02204011e-17
 -2.25693237e-17 -2.25693237e-17]
8: [-2.28171861e-01 -2.53907133e-01  9.20259179e-02 -2.04124145e-01
  1.18076331e-16  8.34227800e-17 -2.04124145e-01 -4.34664738e-16
 -2.29343246e-16 -9.24352385e-02  7.39235733e-01 -7.66733716e-02
 -2.04124145e-01 -2.04124145e-01]
9: [-2.28171861e-01 -2.53907133e-01  9.20259179e-02  6.12372436e-01
 -3.31319063e-16 -2.19689152e-16  6.12372436e-01  3.99414889e-17
  2.42610404e-18  6.07894364e-01 -2.72484397e-15  6.06556684e-01
  6.12372436e-01  6.12372436e-01]
10: [-2.28171861e-01 -2.53907133e-01  9.20259179e-02  6.12372436e-01
 -3.31319063e-16 -2.19689152e-16  6.12372436e-01  3.99414889e-17
  2.42610404e-18  6.07894364e-01 -2.72484397e-15  6.06556684e-01
  6.12372436e-01  6.12372436e-01]
11: [-2.28171861e-01 -2.53907133e-01  9.20259179e-02 -2.04124145e-01
  1.18076331e-16  8.34227800e-17 -2.04124145e-01  6.95002353e-17
  7.73735158e-18 -2.24670698e-01 -1.66532755e-02 -2.27287999e-01
 -2.04124145e-01 -2.04124145e-01]
12: [-2.28171861e-01 -2.53907133e-01  9.20259179e-02 -2.04124145e-01
  1.18076331e-16  8.34227800e-17 -2.04124145e-01  6.95002353e-17
  7.73735158e-18 -2.24670698e-01 -1.66532755e-02 -2.27287999e-01
 -2.04124145e-01 -2.04124145e-01]
13: [-1.01357625e-01  2.26034062e-01  3.72337528e-01  8.30601344e-17
 -8.52185945e-01 -3.23589986e-01  8.30601344e-17  1.60109609e-01
  1.50975053e-01  8.24794557e-17  1.59091918e-17  8.23017299e-17
  8.30601344e-17  8.30601344e-17]
14: [-1.01357625e-01  2.26034062e-01  3.72337528e-01 -2.50828603e-17
 -4.99514621e-02 -3.75174715e-01 -2.50828603e-17 -8.14674524e-01
 -2.35149313e-01 -2.95609408e-18  1.53041248e-16  1.48563321e-19
 -2.50828603e-17 -2.50828603e-17]

n = 6
m = 7
[0 1 1 1 1 1 1 1 1 1 1 1 1]
[1 0 1 1 1 1 1 0 0 0 0 0 0]
[1 1 0 1 1 1 1 0 0 0 0 0 0]
[1 1 1 0 1 1 1 0 0 0 0 0 0]
[1 1 1 1 0 1 1 0 0 0 0 0 0]
[1 1 1 1 1 0 1 0 0 0 0 0 0]
[1 1 1 1 1 1 0 0 0 0 0 0 0]
[1 0 0 0 0 0 0 0 0 0 0 0 0]
[1 0 0 0 0 0 0 0 0 0 0 0 0]
[1 0 0 0 0 0 0 0 0 0 0 0 0]
[1 0 0 0 0 0 0 0 0 0 0 0 0]
[1 0 0 0 0 0 0 0 0 0 0 0 0]
[1 0 0 0 0 0 0 0 0 0 0 0 0]

Eigenvalues: 
1: -2.860688827972151
2: -1.0000000000000004
3: -1.0000000000000002
4: -1.0
5: -1.0
6: -0.9999999999999998
7: -6.110053457758663e-18
8: -4.970558291490541e-18
9: -7.927210605422752e-35
10: 5.1228009300328784e-33
11: 5.2938425145696955e-17
12: 1.703098917367864
13: 6.157589910604282

Eigenvectors: 
1: [-3.63887506e-01  9.40330367e-02  1.59406203e-01 -4.80387830e-01
 -8.92044570e-17 -8.64461268e-01  5.59887111e-01 -2.87151303e-01
  4.58625512e-01 -8.85147892e-17 -2.29901211e-17 -6.99795075e-17
  3.26594372e-18]
2: [-3.63887506e-01  9.40330367e-02  1.59406203e-01  4.06462425e-01
 -1.48500879e-17  1.54282652e-01 -2.60414648e-01  2.42062925e-01
  4.40850814e-01 -2.15927322e-17  1.02110261e-16  8.98059460e-17
  3.37047781e-17]
3: [-6.84086651e-02  2.58386873e-01 -3.08582477e-01 -4.75444462e-17
  1.82574186e-01  3.16399656e-18  7.18700973e-17 -5.95049527e-17
 -3.79612992e-17  2.23297838e-01  2.65411256e-01 -7.17447823e-01
  3.34832909e-02]
4: [-3.63887506e-01  9.40330367e-02  1.59406203e-01  4.06462425e-01
 -1.48500879e-17  9.51383266e-02 -3.25343558e-01 -4.32749256e-01
 -1.78675973e-01 -9.38350376e-18 -4.20162259e-17 -6.45237972e-17
 -2.42064054e-17]
5: [-6.84086651e-02  2.58386873e-01 -3.08582477e-01 -4.75444462e-17
  1.82574186e-01  3.16399656e-18  7.18700973e-17 -3.59746761e-17
  5.85908384e-17  1.71495292e-01  7.68370362e-01  9.27311840e-02
 -4.32776449e-03]
6: [-3.63887506e-01  9.40330367e-02  1.59406203e-01 -3.85814365e-01
  6.15793509e-17  1.80056574e-01 -2.09029643e-01 -2.28891417e-02
  2.60827444e-01  6.02299305e-17  6.66285546e-17  4.33527402e-17
 -2.14196077e-17]
7: [-3.63887506e-01  9.40330367e-02  1.59406203e-01  4.06462425e-01
 -4.26056636e-17  2.05452179e-03 -3.52432400e-01  7.72757007e-01
 -4.08471400e-01 -4.06795171e-17 -1.37858807e-16 -6.62896779e-17
 -3.00667726e-17]
8: [-6.84086651e-02  2.58386873e-01 -3.08582477e-01 -4.75444462e-17
  1.82574186e-01  3.16399656e-18  7.18700973e-17 -5.95049527e-17
 -5.79923240e-17  1.72373977e-01 -1.80992331e-01  6.84979917e-01
 -3.19680137e-02]
9: [-6.84086651e-02  2.58386873e-01 -3.08582477e-01  1.90487228e-16
 -9.12870929e-01 -7.22109928e-17 -3.31895023e-16  2.46369811e-16
  8.31940767e-17 -9.11915060e-01 -4.90804626e-01 -8.39664690e-02
  3.91871523e-03]
10: [-6.84086651e-02  2.58386873e-01 -3.08582477e-01 -4.75444462e-17
  1.82574186e-01  3.16399656e-18  7.18700973e-17 -5.95049527e-17
 -1.79302744e-17  1.72373977e-01 -1.80992331e-01  3.46189560e-03
  7.05783285e-01]
11: [-6.84086651e-02  2.58386873e-01 -3.08582477e-01 -4.75444462e-17
  1.82574186e-01  3.16399656e-18  7.18700973e-17 -5.95049527e-17
 -1.79302744e-17  1.72373977e-01 -1.80992331e-01  2.02412952e-02
 -7.06889513e-01]
12: [-3.63887506e-01  9.40330367e-02  1.59406203e-01 -3.53185079e-01
 -1.32434558e-17  4.32929195e-01  5.87333138e-01 -2.72030231e-01
 -5.73156397e-01 -1.19648948e-17 -4.01439421e-17  1.35347724e-17
 -1.43619445e-17]
13: [-4.21232506e-01 -7.39164441e-01 -5.25546482e-01  3.24526378e-17
 -1.17027782e-17 -1.62344299e-16 -9.78821267e-17  4.27407465e-17
  2.03940865e-16 -1.10489575e-17  1.16013833e-17 -7.59672523e-19
  3.54539178e-20]

n = 7
m = 7
[0 1 1 1 1 1 1 1 1 1 1 1 1 1]
[1 0 1 1 1 1 1 0 0 0 0 0 0 0]
[1 1 0 1 1 1 1 0 0 0 0 0 0 0]
[1 1 1 0 1 1 1 0 0 0 0 0 0 0]
[1 1 1 1 0 1 1 0 0 0 0 0 0 0]
[1 1 1 1 1 0 1 0 0 0 0 0 0 0]
[1 1 1 1 1 1 0 0 0 0 0 0 0 0]
[1 0 0 0 0 0 0 0 0 0 0 0 0 0]
[1 0 0 0 0 0 0 0 0 0 0 0 0 0]
[1 0 0 0 0 0 0 0 0 0 0 0 0 0]
[1 0 0 0 0 0 0 0 0 0 0 0 0 0]
[1 0 0 0 0 0 0 0 0 0 0 0 0 0]
[1 0 0 0 0 0 0 0 0 0 0 0 0 0]
[1 0 0 0 0 0 0 0 0 0 0 0 0 0]

Eigenvalues: 
1: -3.0448135111873125
2: -1.0000000000000004
3: -1.0000000000000002
4: -1.0
5: -1.0
6: -0.9999999999999992
7: -1.8706486650314588e-19
8: -1.6370404527291505e-33
9: 0.0
10: 1.305060893599705e-54
11: 2.1557586700567785e-38
12: 3.469446951953614e-18
13: 1.857967051282151
14: 6.186846459905169

Eigenvectors: 
1: [ 7.35660117e-01 -5.24463658e-01  4.28651448e-01 -1.71906694e-32
 -7.76757942e-17  1.85557027e-17 -7.29743681e-17 -3.39844623e-18
  1.36132461e-17 -4.62061510e-33 -1.95756880e-32  5.09144000e-33
  1.77951169e-32  1.85262470e-32]
2: [-2.41610895e-01 -2.82278234e-01  6.92843196e-02 -2.39045722e-01
  9.01388741e-17  6.05360029e-17  5.09903461e-17  9.61871016e-17
 -3.55996387e-17  8.94427191e-01 -4.39937020e-01 -8.28724058e-01
  2.39042369e-01  2.39036975e-01]
3: [-9.14452667e-02  1.66918574e-01  3.61168409e-01 -1.16640075e-17
  5.23702811e-02 -1.54325386e-01  2.37128127e-03 -7.91230087e-03
 -6.37371398e-01 -4.24900684e-17 -3.70394361e-18 -1.61001403e-17
  1.16632971e-17  1.15332767e-17]
4: [-9.14452667e-02  1.66918574e-01  3.61168409e-01  1.27113871e-16
  5.23702811e-02  8.50573740e-02 -2.39996685e-01  8.09430251e-01
  3.26642278e-02  4.41924759e-17  1.12147488e-16 -3.19891860e-17
 -1.27109229e-16 -1.27584932e-16]
5: [-2.41610895e-01 -2.82278234e-01  6.92843196e-02 -2.39045722e-01
  9.01388741e-17  6.05360029e-17 -1.14924562e-17  3.31759837e-17
  6.81457069e-17 -2.23606798e-01 -2.06941084e-01 -1.18610958e-01
  2.39045703e-01  2.39036975e-01]
6: [-9.14452667e-02  1.66918574e-01  3.61168409e-01 -1.16640075e-17
  5.23702811e-02 -9.11741526e-02 -7.45660965e-01 -5.57435356e-01
  1.36595017e-01 -1.08624952e-16  2.09888798e-17  1.15042293e-16
  1.16643171e-17  1.22018977e-17]
7: [-2.41610895e-01 -2.82278234e-01  6.92843196e-02 -2.39045722e-01
  9.01388741e-17  6.05360029e-17 -1.14924562e-17  3.31759837e-17
 -4.07420044e-17 -2.23606798e-01 -2.83312530e-02  3.15778338e-01
  2.39975093e-01  2.39036975e-01]
8: [-2.41610895e-01 -2.82278234e-01  6.92843196e-02 -2.39045722e-01
  9.01388741e-17  6.05360029e-17 -1.14924562e-17  3.31759837e-17
 -4.07420044e-17 -2.23606798e-01 -2.83312530e-02  3.15778338e-01
  2.38121425e-01  2.39036975e-01]
9: [-9.14452667e-02  1.66918574e-01  3.61168409e-01 -1.08808522e-16
  5.23702811e-02 -2.79150032e-01  4.91950107e-01  1.25356954e-02
  6.61044603e-01  5.92604766e-17 -1.05110928e-16 -4.83657188e-18
  1.08808329e-16  1.08399025e-16]
10: [-2.41610895e-01 -2.82278234e-01  6.92843196e-02  5.97614305e-01
 -2.13133241e-16 -1.35938706e-16  5.04519205e-17 -1.26674690e-16
  1.60788527e-17  8.73216202e-16  5.49959171e-01  1.47055690e-14
 -5.97613791e-01 -5.91543635e-01]
11: [-2.41610895e-01 -2.82278234e-01  6.92843196e-02  5.97614305e-01
 -2.13133241e-16 -1.35938706e-16  5.04519205e-17 -1.26674690e-16
  1.60788527e-17  8.73216202e-16  5.49959171e-01  1.47055690e-14
 -5.97613791e-01 -6.03641243e-01]
12: [-2.41610895e-01 -2.82278234e-01  6.92843196e-02 -2.39045722e-01
  9.01388741e-17  6.05360029e-17 -1.14924562e-17  3.31759837e-17
 -5.88899563e-17 -2.23606798e-01 -3.96377732e-01  3.15778338e-01
  2.39042992e-01  2.39036975e-01]
13: [-9.14452667e-02  1.66918574e-01  3.61168409e-01 -2.46649671e-17
  5.90632806e-01  8.46729429e-01  3.54445711e-01 -1.50014804e-01
 -3.39818972e-01  2.04395428e-18 -2.24498845e-17 -3.64233460e-19
  2.46648190e-17  2.48414735e-17]
14: [-9.14452667e-02  1.66918574e-01  3.61168409e-01 -9.28645357e-17
 -8.00113931e-01 -4.07137232e-01  1.36890550e-01 -1.06603485e-01
  1.46886522e-01  3.11077470e-17 -8.76935407e-17 -1.46717593e-17
  9.28643957e-17  9.28996586e-17]

n = 8
m = 7
[0 1 1 1 1 1 1 1 1 1 1 1 1 1 1]
[1 0 1 1 1 1 1 0 0 0 0 0 0 0 0]
[1 1 0 1 1 1 1 0 0 0 0 0 0 0 0]
[1 1 1 0 1 1 1 0 0 0 0 0 0 0 0]
[1 1 1 1 0 1 1 0 0 0 0 0 0 0 0]
[1 1 1 1 1 0 1 0 0 0 0 0 0 0 0]
[1 1 1 1 1 1 0 0 0 0 0 0 0 0 0]
[1 0 0 0 0 0 0 0 0 0 0 0 0 0 0]
[1 0 0 0 0 0 0 0 0 0 0 0 0 0 0]
[1 0 0 0 0 0 0 0 0 0 0 0 0 0 0]
[1 0 0 0 0 0 0 0 0 0 0 0 0 0 0]
[1 0 0 0 0 0 0 0 0 0 0 0 0 0 0]
[1 0 0 0 0 0 0 0 0 0 0 0 0 0 0]
[1 0 0 0 0 0 0 0 0 0 0 0 0 0 0]
[1 0 0 0 0 0 0 0 0 0 0 0 0 0 0]

Eigenvalues: 
1: (-3.2169905660283016+0j)
2: (-1.0000000000000004+0j)
3: (-1+0j)
4: (-0.9999999999999998+0j)
5: (-0.9999999999999998+0j)
6: (-0.9999999999999996+0j)
7: (-1.1374611031517016e-16+0j)
8: (-3.815014184564266e-34+0j)
9: (-2.287402502840433e-50+0j)
10: 0j
11: (3.411216351838232e-18+0j)
12: (3.411216351838232e-18+0j)
13: (8.326577269795288e-17+0j)
14: (2.000000000000002+0j)
15: (6.2169905660283+0j)

Eigenvectors: 
1: [ 7.32864627e-01+0.j -5.22232968e-01+0.j -4.36098802e-01+0.j
  4.27935517e-33+0.j  3.92953932e-17+0.j  1.36337035e-16+0.j
 -2.65388919e-17+0.j -5.90581667e-18+0.j  4.35028454e-17+0.j
  3.45883046e-33+0.j -1.76134579e-35+0.j -1.76134579e-35+0.j
  3.95134817e-49+0.j  1.17948970e-33+0.j  1.63201539e-48+0.j]
2: [-8.91889338e-02+0.j  1.74077656e-01+0.j -3.58341974e-01+0.j
 -1.99703241e-33+0.j  3.82856000e-02+0.j  1.62541132e-01+0.j
  1.98520883e-01+0.j -1.72732025e-01+0.j  6.81374422e-01+0.j
  5.57041293e-18+0.j  5.28072305e-17+0.j  5.28072305e-17+0.j
  3.35981651e-17+0.j -1.89400178e-19+0.j -6.00448435e-17+0.j]
3: [-8.91889338e-02+0.j  1.74077656e-01+0.j -3.58341974e-01+0.j
 -6.93889390e-18+0.j  6.93661344e-01+0.j  6.96334255e-02+0.j
  8.80865809e-02+0.j  1.03013138e-01+0.j  4.49482081e-01+0.j
  5.21658375e-17+0.j -3.83084299e-17+0.j -3.83084299e-17+0.j
 -1.31422466e-17+0.j  3.71368484e-17+0.j  1.72397440e-17+0.j]
4: [-8.91889338e-02+0.j  1.74077656e-01+0.j -3.58341974e-01+0.j
  5.55111512e-17+0.j  1.24917262e-01+0.j  1.76783290e-01+0.j
 -9.07825348e-01+0.j -8.75898436e-02+0.j -2.32042118e-01+0.j
 -6.94468074e-17+0.j  4.92145097e-17+0.j  4.92145097e-17+0.j
  2.32137168e-17+0.j -1.62334850e-17+0.j  1.84814371e-17+0.j]
5: [-2.27810624e-01+0.j         -2.61116484e-01+0.j
 -7.01462866e-02+0.j          2.73861279e-01+0.j
  3.28340879e-17+0.j          8.29297969e-17+0.j
 -3.56425666e-17+0.j         -6.37472645e-17+0.j
  7.10092041e-17+0.j          2.25955030e-02+0.j
 -3.39617608e-01+0.39779972j -3.39617608e-01-0.39779972j
 -4.05050424e-16+0.j         -1.15730021e-01+0.j
 -1.06968166e-16+0.j        ]
6: [-2.27810624e-01+0.j         -2.61116484e-01+0.j
 -7.01462866e-02+0.j          2.73861279e-01+0.j
  3.28340879e-17+0.j          8.29297969e-17+0.j
 -3.56425666e-17+0.j         -6.37472645e-17+0.j
 -2.42132318e-16+0.j          5.84013753e-01+0.j
 -5.14416649e-02+0.19512712j -5.14416649e-02-0.19512712j
 -6.39100226e-17+0.j         -1.59763658e-16+0.j
 -5.01436601e-17+0.j        ]
7: [-2.27810624e-01+0.j -2.61116484e-01+0.j -7.01462866e-02+0.j
  2.73861279e-01+0.j  3.28340879e-17+0.j  8.29297969e-17+0.j
 -3.56425666e-17+0.j -6.37472645e-17+0.j  7.10092041e-17+0.j
 -7.99842395e-01+0.j  6.83488110e-01+0.j  6.83488110e-01+0.j
  4.06800932e-17+0.j  4.97965425e-02+0.j  2.55337797e-17+0.j]
8: [-2.27810624e-01+0.j -2.61116484e-01+0.j -7.01462866e-02+0.j
 -4.56435465e-01+0.j -7.07093991e-18+0.j  3.31709902e-17+0.j
  6.12341694e-17+0.j  8.34725901e-17+0.j  5.62218398e-17+0.j
  1.04500900e-17+0.j -3.18067090e-17+0.j -3.18067090e-17+0.j
 -1.64434773e-16+0.j -2.58182615e-01+0.j -2.07359955e-16+0.j]
9: [-2.27810624e-01+0.j -2.61116484e-01+0.j -7.01462866e-02+0.j
 -4.56435465e-01+0.j -7.07093991e-18+0.j  3.31709902e-17+0.j
  6.12341694e-17+0.j  8.34725901e-17+0.j  5.62218398e-17+0.j
  1.04500900e-17+0.j -3.18067090e-17+0.j -3.18067090e-17+0.j
  8.82994136e-17+0.j  1.29091308e-01+0.j -7.07106781e-01+0.j]
10: [-2.27810624e-01+0.j -2.61116484e-01+0.j -7.01462866e-02+0.j
 -4.56435465e-01+0.j -7.07093991e-18+0.j  3.31709902e-17+0.j
  6.12341694e-17+0.j  8.34725901e-17+0.j  5.62218398e-17+0.j
  1.04500900e-17+0.j -3.18067090e-17+0.j -3.18067090e-17+0.j
  8.82994136e-17+0.j  1.29091308e-01+0.j  7.07106781e-01+0.j]
11: [-2.27810624e-01+0.j         -2.61116484e-01+0.j
 -7.01462866e-02+0.j          2.73861279e-01+0.j
  3.28340879e-17+0.j          8.29297969e-17+0.j
 -3.56425666e-17+0.j         -6.37472645e-17+0.j
  1.22951687e-17+0.j          9.66165697e-02+0.j
 -1.46214418e-01-0.29646342j -1.46214418e-01+0.29646342j
 -7.07106781e-01+0.j          6.97032195e-01+0.j
  8.51751026e-16+0.j        ]
12: [-2.27810624e-01+0.j         -2.61116484e-01+0.j
 -7.01462866e-02+0.j          2.73861279e-01+0.j
  3.28340879e-17+0.j          8.29297969e-17+0.j
 -3.56425666e-17+0.j         -6.37472645e-17+0.j
  1.22951687e-17+0.j          9.66165697e-02+0.j
 -1.46214418e-01-0.29646342j -1.46214418e-01+0.29646342j
  7.07106781e-01+0.j         -6.31098717e-01+0.j
 -7.69396766e-16+0.j        ]
13: [-8.91889338e-02+0.j  1.74077656e-01+0.j -3.58341974e-01+0.j
 -1.99703241e-33+0.j -6.55466697e-01+0.j  2.49139773e-01+0.j
  2.01975386e-01+0.j  7.81247561e-01+0.j -2.15868588e-01+0.j
  6.16842363e-17+0.j -3.51344708e-17+0.j -3.51344708e-17+0.j
 -2.32496487e-18+0.j -3.01134291e-17+0.j  8.84204992e-18+0.j]
14: [-8.91889338e-02+0.j  1.74077656e-01+0.j -3.58341974e-01+0.j
 -5.55111512e-17+0.j  6.03086379e-02+0.j  2.44912151e-01+0.j
  2.07729428e-01+0.j -5.82969763e-01+0.j -3.36756725e-01+0.j
  1.15744804e-17+0.j -3.53820127e-17+0.j -3.53820127e-17+0.j
 -2.47372300e-17+0.j  1.96299106e-18+0.j  2.53521812e-17+0.j]
15: [-8.91889338e-02+0.j  1.74077656e-01+0.j -3.58341974e-01+0.j
 -1.11022302e-16+0.j -2.61706147e-01+0.j -9.03009771e-01+0.j
  2.11513070e-01+0.j -4.09690676e-02+0.j -3.46189071e-01+0.j
  3.29767748e-17+0.j -3.40164849e-17+0.j -3.40164849e-17+0.j
  9.55087882e-18+0.j -2.76169944e-17+0.j  2.31953732e-17+0.j]

n = 6
m = 8
[0 1 1 1 1 1 1 1 1 1 1 1 1 1]
[1 0 1 1 1 1 1 1 0 0 0 0 0 0]
[1 1 0 1 1 1 1 1 0 0 0 0 0 0]
[1 1 1 0 1 1 1 1 0 0 0 0 0 0]
[1 1 1 1 0 1 1 1 0 0 0 0 0 0]
[1 1 1 1 1 0 1 1 0 0 0 0 0 0]
[1 1 1 1 1 1 0 1 0 0 0 0 0 0]
[1 1 1 1 1 1 1 0 0 0 0 0 0 0]
[1 0 0 0 0 0 0 0 0 0 0 0 0 0]
[1 0 0 0 0 0 0 0 0 0 0 0 0 0]
[1 0 0 0 0 0 0 0 0 0 0 0 0 0]
[1 0 0 0 0 0 0 0 0 0 0 0 0 0]
[1 0 0 0 0 0 0 0 0 0 0 0 0 0]
[1 0 0 0 0 0 0 0 0 0 0 0 0 0]

Eigenvalues: 
1: -2.8753796372244462
2: -1.0000000000000007
3: -1.0000000000000004
4: -1.0000000000000002
5: -1.0
6: -0.9999999999999998
7: -0.9999999999999996
8: -1.1102230246251565e-16
9: -2.6876085663883738e-17
10: -2.063656846382204e-32
11: -1.1107874296800649e-36
12: 0.0
13: 1.7594431823401082
14: 7.115936454884346

Eigenvectors: 
1: [-3.45179239e-01  8.36423468e-02  1.29276424e-01 -1.79788850e-16
 -7.65330931e-01 -6.65592150e-02 -1.99045097e-01  5.31400650e-02
 -4.62196600e-01  2.43002330e-17 -1.48751843e-01 -7.15775884e-17
  1.03848587e-16 -1.79819883e-16]
2: [-5.41317504e-02  2.58177241e-01 -3.11578132e-01  2.88675135e-01
 -2.20268459e-16  5.32664918e-18  1.85008396e-18  1.22575527e-17
 -3.73487127e-17 -2.88675135e-01  9.19085167e-17  4.93398123e-01
 -8.93878604e-01  2.88762675e-01]
3: [-3.45179239e-01  8.36423468e-02  1.29276424e-01  9.44865533e-18
 -5.58309316e-02  7.69437734e-01  6.25460927e-01 -3.52832045e-01
  5.28301192e-01 -1.66938310e-17 -2.92630157e-01 -5.55696751e-18
  1.30885221e-18  9.47464877e-18]
4: [-3.45179239e-01  8.36423468e-02  1.29276424e-01  2.38730489e-17
  4.66972473e-02 -3.40958838e-01  3.37044299e-01  6.78747094e-01
 -1.40881399e-01  3.91965643e-17  4.60669372e-01 -1.36869922e-17
  3.26383962e-18  2.39114019e-17]
5: [-3.45179239e-01  8.36423468e-02  1.29276424e-01  1.69341550e-17
  4.66972473e-02 -3.50087173e-01 -6.48863050e-01  3.59242877e-01
  5.56100767e-01  1.07810987e-17  1.87604118e-01  2.42407175e-18
 -1.01813097e-17  1.68841371e-17]
6: [-3.45179239e-01  8.36423468e-02  1.29276424e-01 -1.08214206e-17
  4.66972473e-02 -3.33253636e-01  1.03348345e-01 -4.90053890e-01
  9.65805172e-02  1.47615438e-17 -3.66182854e-01 -7.49314655e-18
  1.87321840e-17 -1.09136560e-17]
7: [-5.41317504e-02  2.58177241e-01 -3.11578132e-01  2.88675135e-01
 -2.20268459e-16  5.32664918e-18  1.85008396e-18  8.88187079e-17
  2.72118641e-17  8.66025404e-01 -1.20523055e-16 -3.78870468e-01
  1.25631827e-01  2.88643703e-01]
8: [-5.41317504e-02  2.58177241e-01 -3.11578132e-01  2.88675135e-01
 -2.20268459e-16  5.32664918e-18  1.85008396e-18  1.22575527e-17
 -3.73487127e-17 -2.88675135e-01  1.38829807e-16 -6.07925778e-01
  2.95085948e-02  2.88654920e-01]
9: [-5.41317504e-02  2.58177241e-01 -3.11578132e-01  2.88675135e-01
 -2.20268459e-16  5.32664918e-18  1.85008396e-18  1.22575527e-17
 -3.73487127e-17 -2.88675135e-01  9.19085167e-17  4.93398123e-01
  2.06131668e-01  2.88634309e-01]
10: [-5.41317504e-02  2.58177241e-01 -3.11578132e-01 -5.77350269e-01
  4.21398073e-16 -7.21000194e-18  2.97284929e-17 -4.37946792e-17
  7.16468415e-17  4.84459112e-17 -1.59296799e-16 -5.79009703e-17
  2.67255838e-01 -5.79413008e-01]
11: [-5.41317504e-02  2.58177241e-01 -3.11578132e-01 -5.77350269e-01
  4.21398073e-16 -7.21000194e-18  2.97284929e-17 -4.37946792e-17
  7.16468415e-17  4.84459112e-17 -1.59296799e-16  7.56007129e-17
  2.65350676e-01 -5.75282600e-01]
12: [-3.45179239e-01  8.36423468e-02  1.29276424e-01 -3.88252674e-18
  4.66972473e-02  1.92394392e-01 -1.01017308e-01 -2.01475906e-01
 -2.58440488e-01  3.20000467e-17  5.78670809e-01  8.25251073e-17
  1.22873538e-17 -4.08490966e-18]
13: [-3.45179239e-01  8.36423468e-02  1.29276424e-01  8.38366174e-17
  6.34372873e-01  1.29026736e-01 -1.16928117e-01 -4.67681943e-02
 -3.19463989e-01 -7.70892564e-17 -4.19379444e-01 -9.86121120e-18
 -3.16025722e-17  8.40237689e-17]
14: [-3.85198096e-01 -7.42357581e-01 -5.48204021e-01  1.10364734e-31
  5.48160106e-17  1.21973433e-17 -1.41046532e-17 -4.07984627e-18
 -3.75757167e-17 -1.97994170e-32 -4.39401611e-17  1.65926426e-32
 -6.61625903e-32  1.11813754e-31]

n = 7
m = 8
[0 1 1 1 1 1 1 1 1 1 1 1 1 1 1]
[1 0 1 1 1 1 1 1 0 0 0 0 0 0 0]
[1 1 0 1 1 1 1 1 0 0 0 0 0 0 0]
[1 1 1 0 1 1 1 1 0 0 0 0 0 0 0]
[1 1 1 1 0 1 1 1 0 0 0 0 0 0 0]
[1 1 1 1 1 0 1 1 0 0 0 0 0 0 0]
[1 1 1 1 1 1 0 1 0 0 0 0 0 0 0]
[1 1 1 1 1 1 1 0 0 0 0 0 0 0 0]
[1 0 0 0 0 0 0 0 0 0 0 0 0 0 0]
[1 0 0 0 0 0 0 0 0 0 0 0 0 0 0]
[1 0 0 0 0 0 0 0 0 0 0 0 0 0 0]
[1 0 0 0 0 0 0 0 0 0 0 0 0 0 0]
[1 0 0 0 0 0 0 0 0 0 0 0 0 0 0]
[1 0 0 0 0 0 0 0 0 0 0 0 0 0 0]
[1 0 0 0 0 0 0 0 0 0 0 0 0 0 0]

Eigenvalues: 
1: -3.0601138301956783
2: -1.0000000000000002
3: -1.0
4: -1.0
5: -0.9999999999999997
6: -0.9999999999999996
7: -0.9999999999999991
8: -5.3926038442842604e-33
9: 0.0
10: 0.0
11: 0.0
12: 1.773943561933613e-50
13: 9.896192417336828e-18
14: 1.9230594047237237
15: 7.13705442547195

Eigenvectors: 
1: [ 7.38657025e-01 -5.49319787e-01 -3.90683466e-01 -1.86637785e-33
 -1.94582335e-16  6.24226551e-17  7.42302797e-18  1.39192724e-17
  9.69298336e-18 -3.17144754e-17 -1.86637785e-33 -3.52535154e-33
  1.11027276e-32  1.86637785e-33  1.86637785e-33]
2: [-8.15284486e-02  1.34738237e-01 -3.43592582e-01 -2.57106212e-19
 -1.61139052e-01 -2.52087257e-01 -6.03262105e-01 -1.04792684e-01
  8.40642868e-02 -7.37545018e-01 -2.57106212e-19 -1.83296648e-17
  1.18126920e-16  2.57106212e-19  2.57106212e-19]
3: [-2.41382205e-01 -2.85648891e-01 -5.47401551e-02  3.27326835e-01
  1.10283454e-16 -5.95229808e-17 -3.56474621e-18  7.34431884e-18
 -3.93713849e-17  9.11914791e-17  3.27326835e-01  4.56376262e-01
 -8.44698543e-01 -3.27326835e-01 -3.27326835e-01]
4: [-2.41382205e-01 -2.85648891e-01 -5.47401551e-02  3.27326835e-01
  1.10283454e-16 -5.95229808e-17 -3.56474621e-18  7.34431884e-18
  1.17121069e-17 -1.83102044e-17  3.27326835e-01  2.79138522e-01
  4.61651027e-01 -3.27326835e-01 -3.27326835e-01]
5: [-8.15284486e-02  1.34738237e-01 -3.43592582e-01  1.01512346e-17
 -1.61139052e-01 -1.28425700e-01  3.50580182e-02 -9.13902303e-02
 -8.88643968e-01  4.25757839e-01  1.01512346e-17  1.13574186e-17
 -1.19370813e-17 -1.01512346e-17 -1.01512346e-17]
6: [-8.15284486e-02  1.34738237e-01 -3.43592582e-01 -7.19600012e-18
 -1.61139052e-01 -3.01713278e-01  6.93280170e-01  1.37086976e-01
  1.18625627e-01 -1.27117213e-01 -7.19600012e-18 -1.60125604e-18
 -3.95006925e-17  7.19600012e-18  7.19600012e-18]
7: [-8.15284486e-02  1.34738237e-01 -3.43592582e-01 -7.19600012e-18
 -1.61139052e-01  6.73444864e-01  2.21434848e-01 -7.98784164e-01
  6.03385376e-02  4.28404794e-01 -7.19600012e-18 -2.51213292e-18
 -2.35223330e-17  7.19600012e-18  7.19600012e-18]
8: [-2.41382205e-01 -2.85648891e-01 -5.47401551e-02  3.27326835e-01
  1.10283454e-16 -5.95229808e-17 -3.56474621e-18  7.34431884e-18
  1.17121069e-17 -1.53126819e-17  3.27326835e-01  2.79138522e-01
  1.91523758e-01 -3.27326835e-01 -3.27326835e-01]
9: [-8.15284486e-02  1.34738237e-01 -3.43592582e-01  1.74476930e-17
 -1.61139052e-01 -4.10483631e-01 -3.22539497e-01  4.92581223e-01
  3.88363150e-01  1.79941677e-01  1.74476930e-17  2.63113635e-17
 -4.44347573e-17 -1.74476930e-17 -1.74476930e-17]
10: [-2.41382205e-01 -2.85648891e-01 -5.47401551e-02  3.27326835e-01
  1.10283454e-16 -5.95229808e-17 -3.56474621e-18  7.34431884e-18
  1.17121069e-17 -2.65803550e-17  3.27326835e-01  2.79138522e-01
  1.91523758e-01 -3.27326835e-01 -3.27326835e-01]
11: [-2.41382205e-01 -2.85648891e-01 -5.47401551e-02 -4.36435780e-01
  1.46475028e-17  3.99299011e-17 -1.87235550e-17  8.16653530e-17
  3.16036716e-17  4.79238179e-18 -4.36435780e-01 -4.31263943e-01
 -1.47518569e-15  4.36435780e-01  4.36435780e-01]
12: [-2.41382205e-01 -2.85648891e-01 -5.47401551e-02 -4.36435780e-01
  1.46475028e-17  3.99299011e-17 -1.87235550e-17  8.16653530e-17
  3.16036716e-17  4.79238179e-18 -4.36435780e-01 -4.31263943e-01
 -1.47518569e-15  4.36435780e-01  4.36435780e-01]
13: [-2.41382205e-01 -2.85648891e-01 -5.47401551e-02 -4.36435780e-01
  1.46475028e-17  3.99299011e-17 -1.87235550e-17  8.16653530e-17
  3.16036716e-17  4.79238179e-18 -4.36435780e-01 -4.31263943e-01
 -1.46359169e-15  4.36435780e-01  4.36435780e-01]
14: [-8.15284486e-02  1.34738237e-01 -3.43592582e-01 -9.25478164e-17
  9.25149556e-01 -3.43055909e-02 -3.26731504e-02  9.76216731e-02
  6.13460089e-02  3.43038318e-02 -9.25478164e-17 -9.31008368e-17
  1.08885610e-17  9.25478164e-17  9.25478164e-17]
15: [-8.15284486e-02  1.34738237e-01 -3.43592582e-01 -4.69837199e-17
 -1.19454298e-01  4.53570593e-01  8.70171525e-03  2.67677206e-01
  1.75906357e-01 -2.03745910e-01 -4.69837199e-17 -5.56657879e-17
  5.47959001e-17  4.69837199e-17  4.69837199e-17]

n = 8
m = 8
[0 1 1 1 1 1 1 1 1 1 1 1 1 1 1 1]
[1 0 1 1 1 1 1 1 0 0 0 0 0 0 0 0]
[1 1 0 1 1 1 1 1 0 0 0 0 0 0 0 0]
[1 1 1 0 1 1 1 1 0 0 0 0 0 0 0 0]
[1 1 1 1 0 1 1 1 0 0 0 0 0 0 0 0]
[1 1 1 1 1 0 1 1 0 0 0 0 0 0 0 0]
[1 1 1 1 1 1 0 1 0 0 0 0 0 0 0 0]
[1 1 1 1 1 1 1 0 0 0 0 0 0 0 0 0]
[1 0 0 0 0 0 0 0 0 0 0 0 0 0 0 0]
[1 0 0 0 0 0 0 0 0 0 0 0 0 0 0 0]
[1 0 0 0 0 0 0 0 0 0 0 0 0 0 0 0]
[1 0 0 0 0 0 0 0 0 0 0 0 0 0 0 0]
[1 0 0 0 0 0 0 0 0 0 0 0 0 0 0 0]
[1 0 0 0 0 0 0 0 0 0 0 0 0 0 0 0]
[1 0 0 0 0 0 0 0 0 0 0 0 0 0 0 0]
[1 0 0 0 0 0 0 0 0 0 0 0 0 0 0 0]

Eigenvalues: 
1: -3.232800827040067
2: -1.0000000000000009
3: -1.0000000000000004
4: -1.0
5: -1.0
6: -1.0
7: -0.9999999999999997
8: -6.274713953344195e-32
9: -1.2345949336776447e-79
10: -4.366431372198871e-114
11: 0.0
12: 0.0
13: 4.1780498081343114e-64
14: 3.672533250769852e-49
15: 2.0740891366704366
16: 7.1587116903696275

Eigenvectors: 
1: [ 7.35693271e-01 -5.49331527e-01  3.96219995e-01  5.90486493e-17
  6.49068547e-17  1.43153957e-16 -4.63657751e-17 -1.83321743e-17
 -1.99261214e-17  7.16645881e-18 -1.98066829e-18  7.62114054e-18
 -1.98478076e-18 -1.70683379e-18  1.49149610e-18 -1.79882170e-18]
2: [-7.96825671e-02  1.39924605e-01  3.41948733e-01 -6.45804152e-01
  1.95492256e-01  4.99917445e-01  1.52712150e-01  3.56182880e-01
 -2.05907952e-01 -4.99586961e-17 -6.47414836e-18  1.38403473e-17
 -1.04710319e-17 -3.03697698e-17  3.18859089e-17 -2.93362651e-17]
3: [-7.96825671e-02  1.39924605e-01  3.41948733e-01  7.68169181e-02
  5.11861964e-01 -8.09355277e-02 -2.84401516e-01  6.14135767e-01
 -1.62699195e-01  4.90214890e-17 -2.39320657e-18  8.94991657e-19
  3.22754408e-18 -6.75049184e-18  6.91012733e-18 -6.60933266e-18]
4: [-7.96825671e-02  1.39924605e-01  3.41948733e-01 -3.50699404e-01
 -5.04379621e-01 -3.13711356e-01 -4.75659048e-01 -5.89192887e-01
  7.40191441e-01  5.79531681e-17  1.18484715e-17 -1.34828424e-17
  4.09702482e-18  4.24639595e-18 -2.42415893e-18  5.11764177e-18]
5: [-7.96825671e-02  1.39924605e-01  3.41948733e-01  3.45324562e-03
  2.16515755e-01 -2.04975754e-01 -2.86183024e-01 -3.61304912e-01
 -5.87339475e-01 -7.48232398e-17 -5.45113504e-18  5.77394609e-18
 -6.88278959e-18 -6.91229237e-18  6.51798150e-18 -7.04626305e-18]
6: [-2.27571481e-01 -2.64854349e-01  5.53479470e-02  1.47784798e-17
 -4.31322890e-17 -6.47641024e-17  6.45177151e-18  3.84362143e-18
  1.29717625e-18 -9.35414347e-01 -2.11229470e-02  8.12760764e-02
 -2.11668047e-02 -1.82026237e-02  1.59061429e-02 -1.91836339e-02]
7: [-7.96825671e-02  1.39924605e-01  3.41948733e-01  3.45324562e-03
  2.16515755e-01 -2.04975754e-01  7.14387554e-01  3.04989637e-02
  1.63496953e-01  2.66268874e-17  8.94910989e-18 -1.56437065e-17
 -1.86619084e-18 -1.34028684e-18  3.12385153e-18 -4.37497001e-19]
8: [-2.27571481e-01 -2.64854349e-01  5.53479470e-02  1.47784798e-17
 -4.31322890e-17 -6.47641024e-17  6.45177151e-18  3.84362143e-18
  4.12166672e-18  1.33630621e-01  7.99872652e-01 -9.33929614e-01
  8.01533432e-01  6.89287387e-01 -6.02325459e-01  7.26435764e-01]
9: [-2.27571481e-01 -2.64854349e-01  5.53479470e-02  1.47784798e-17
 -4.31322890e-17 -6.47641024e-17  6.45177151e-18  3.84362143e-18
  4.12166672e-18  1.33630621e-01 -3.69328759e-02  1.42108923e-01
 -3.70095598e-02 -7.14989007e-01  7.72150849e-01 -6.79937932e-01]
10: [-2.27571481e-01 -2.64854349e-01  5.53479470e-02  1.47784798e-17
 -4.31322890e-17 -6.47641024e-17  6.45177151e-18  3.84362143e-18
  4.12166672e-18  1.33630621e-01 -3.69328759e-02  1.42108923e-01
 -3.70095598e-02 -3.18267733e-02  2.78114414e-02 -3.35420418e-02]
11: [-2.27571481e-01 -2.64854349e-01  5.53479470e-02  1.47784798e-17
 -4.31322890e-17 -6.47641024e-17  6.45177151e-18  3.84362143e-18
  4.12166672e-18  1.33630621e-01 -3.69328759e-02  1.42108923e-01
 -3.70095598e-02 -3.18267733e-02  2.78114414e-02 -3.35420418e-02]
12: [-2.27571481e-01 -2.64854349e-01  5.53479470e-02  1.47784798e-17
 -4.31322890e-17 -6.47641024e-17  6.45177151e-18  3.84362143e-18
  4.12166672e-18  1.33630621e-01 -3.69328759e-02  1.42108923e-01
 -3.70095598e-02 -3.18267733e-02  2.78114414e-02 -3.35420418e-02]
13: [-2.27571481e-01 -2.64854349e-01  5.53479470e-02  1.47784798e-17
 -4.31322890e-17 -6.47641024e-17  6.45177151e-18  3.84362143e-18
  4.12166672e-18  1.33630621e-01 -5.94085326e-01  1.42108923e-01
 -4.07574967e-02  5.25251011e-02 -1.67662713e-01 -5.44482502e-03]
14: [-2.27571481e-01 -2.64854349e-01  5.53479470e-02  1.47784798e-17
 -4.31322890e-17 -6.47641024e-17  6.45177151e-18  3.84362143e-18
  4.12166672e-18  1.33630621e-01 -3.69328759e-02  1.42108923e-01
 -5.91570892e-01  8.68594616e-02 -1.01503145e-01  7.87567514e-02]
15: [-7.96825671e-02  1.39924605e-01  3.41948733e-01  3.19571876e-01
 -5.91289787e-01 -3.54942393e-01  2.64567202e-01  6.45208854e-02
  9.74843666e-02 -2.42566780e-17 -2.22394548e-17  1.09688601e-17
 -1.16782111e-17 -8.36770711e-18  4.98296292e-18 -9.98164615e-18]
16: [-7.96825671e-02  1.39924605e-01  3.41948733e-01  5.93208271e-01
 -4.47163228e-02  6.59623341e-01 -8.54233177e-02 -1.14840698e-01
 -4.52261389e-02  6.84258530e-17  1.36082075e-17  4.63096249e-18
  1.39267976e-17 -2.09266064e-17  2.53302014e-17 -1.85372638e-17]

