Notation = Pn x K2

Tables using graphs: 
  n    |V|   |E|   deg   alpha   sigma
  2    4     2     1     2       1
  3    6     4     2     4       2
  4    8     6     2     4       1
  5    10    8     2     6       1
  6    12    10    2     6       1
  7    14    12    2     8       1
  8    16    14    2     8       1
  9    18    16    2     10      1
  10   20    18    2     10      1

Table using formulas: 
  n    deg   alpha   sigma
  2    1     2       1
  3    2     4       2
  4    2     4       1
  5    2     6       1
  6    2     6       1
  7    2     8       1
  8    2     8       1
  9    2     10      1
  10   2     10      1

Adjacency matrices: 
n = 6
[0 0 0 1 0 0 0 0 0 0 0 0]
[0 0 1 0 0 0 0 0 0 0 0 0]
[0 1 0 0 0 1 0 0 0 0 0 0]
[1 0 0 0 1 0 0 0 0 0 0 0]
[0 0 0 1 0 0 0 1 0 0 0 0]
[0 0 1 0 0 0 1 0 0 0 0 0]
[0 0 0 0 0 1 0 0 0 1 0 0]
[0 0 0 0 1 0 0 0 1 0 0 0]
[0 0 0 0 0 0 0 1 0 0 0 1]
[0 0 0 0 0 0 1 0 0 0 1 0]
[0 0 0 0 0 0 0 0 0 1 0 0]
[0 0 0 0 0 0 0 0 1 0 0 0]

Eigenvalues: 
1: -1.8019377358048385
2: -1.8019377358048356
3: -1.2469796037174685
4: -1.2469796037174654
5: -0.44504186791262995
6: -0.4450418679126282
7: 0.44504186791262884
8: 0.4450418679126292
9: 1.2469796037174672
10: 1.2469796037174672
11: 1.8019377358048376
12: 1.8019377358048398

Eigenvectors: 
1: [ 0.          0.          0.          0.          0.          0.
 -0.52112089  0.23192061  0.41790651 -0.52112089 -0.41790651  0.23192061]
2: [-0.23192061  0.41790651 -0.52112089  0.23192061  0.52112089  0.41790651
  0.          0.          0.          0.          0.          0.        ]
3: [ 0.52112089  0.23192061 -0.41790651  0.52112089 -0.41790651 -0.23192061
  0.          0.          0.          0.          0.          0.        ]
4: [ 0.          0.          0.          0.          0.          0.
  0.23192061  0.41790651  0.52112089 -0.23192061  0.52112089 -0.41790651]
5: [-0.41790651 -0.52112089 -0.23192061  0.41790651  0.23192061 -0.52112089
  0.          0.          0.          0.          0.          0.        ]
6: [ 0.          0.          0.          0.          0.          0.
 -0.41790651 -0.52112089 -0.23192061 -0.41790651  0.23192061 -0.52112089]
7: [ 0.          0.          0.          0.          0.          0.
 -0.23192061  0.41790651 -0.52112089 -0.23192061  0.52112089  0.41790651]
8: [-0.52112089  0.23192061  0.41790651  0.52112089 -0.41790651  0.23192061
  0.          0.          0.          0.          0.          0.        ]
9: [ 0.          0.          0.          0.          0.          0.
  0.52112089  0.23192061 -0.41790651 -0.52112089 -0.41790651 -0.23192061]
10: [ 0.23192061  0.41790651  0.52112089  0.23192061  0.52112089 -0.41790651
  0.          0.          0.          0.          0.          0.        ]
11: [ 0.          0.          0.          0.          0.          0.
  0.41790651 -0.52112089  0.23192061 -0.41790651  0.23192061  0.52112089]
12: [ 0.41790651 -0.52112089  0.23192061  0.41790651  0.23192061  0.52112089
  0.          0.          0.          0.          0.          0.        ]

n = 7
[0 0 0 1 0 0 0 0 0 0 0 0 0 0]
[0 0 1 0 0 0 0 0 0 0 0 0 0 0]
[0 1 0 0 0 1 0 0 0 0 0 0 0 0]
[1 0 0 0 1 0 0 0 0 0 0 0 0 0]
[0 0 0 1 0 0 0 1 0 0 0 0 0 0]
[0 0 1 0 0 0 1 0 0 0 0 0 0 0]
[0 0 0 0 0 1 0 0 0 1 0 0 0 0]
[0 0 0 0 1 0 0 0 1 0 0 0 0 0]
[0 0 0 0 0 0 0 1 0 0 0 1 0 0]
[0 0 0 0 0 0 1 0 0 0 1 0 0 0]
[0 0 0 0 0 0 0 0 0 1 0 0 0 1]
[0 0 0 0 0 0 0 0 1 0 0 0 1 0]
[0 0 0 0 0 0 0 0 0 0 0 1 0 0]
[0 0 0 0 0 0 0 0 0 0 1 0 0 0]

Eigenvalues: 
1: -1.8477590650225717
2: -1.8477590650225717
3: -1.414213562373095
4: -1.414213562373095
5: -0.7653668647301789
6: -0.7653668647301789
7: -4.258216405276988e-17
8: -4.258216405276988e-17
9: 0.7653668647301797
10: 0.7653668647301797
11: 1.4142135623730945
12: 1.4142135623730945
13: 1.847759065022573
14: 1.847759065022573

Eigenvectors: 
1: [-0.19134172  0.35355339  0.46193977  0.5        -0.19134172 -0.35355339
  0.46193977  0.          0.          0.          0.          0.
  0.          0.        ]
2: [ 5.00000000e-01 -4.77199999e-16  5.00000000e-01  2.36569575e-17
 -5.00000000e-01  4.80483259e-16 -5.00000000e-01  0.00000000e+00
  0.00000000e+00  0.00000000e+00  0.00000000e+00  0.00000000e+00
  0.00000000e+00  0.00000000e+00]
3: [ 0.          0.          0.          0.          0.          0.
  0.         -0.19134172 -0.35355339 -0.46193977 -0.5        -0.19134172
  0.35355339  0.46193977]
4: [-0.46193977 -0.35355339 -0.19134172  0.5        -0.46193977  0.35355339
 -0.19134172  0.          0.          0.          0.          0.
  0.          0.        ]
5: [ 0.00000000e+00  0.00000000e+00  0.00000000e+00  0.00000000e+00
  0.00000000e+00  0.00000000e+00  0.00000000e+00  3.53553391e-01
  5.00000000e-01  3.53553391e-01  5.66955707e-17 -3.53553391e-01
  5.00000000e-01  3.53553391e-01]
6: [ 0.          0.          0.          0.          0.          0.
  0.         -0.46193977  0.35355339  0.19134172 -0.5        -0.46193977
 -0.35355339 -0.19134172]
7: [ 3.53553391e-01 -5.00000000e-01 -3.53553391e-01 -5.66955707e-17
 -3.53553391e-01 -5.00000000e-01  3.53553391e-01  0.00000000e+00
  0.00000000e+00  0.00000000e+00  0.00000000e+00  0.00000000e+00
  0.00000000e+00  0.00000000e+00]
8: [ 0.00000000e+00  0.00000000e+00  0.00000000e+00  0.00000000e+00
  0.00000000e+00  0.00000000e+00  0.00000000e+00  3.53553391e-01
 -5.00000000e-01  3.53553391e-01 -3.81348014e-17 -3.53553391e-01
 -5.00000000e-01  3.53553391e-01]
9: [ 0.00000000e+00  0.00000000e+00  0.00000000e+00  0.00000000e+00
  0.00000000e+00  0.00000000e+00  0.00000000e+00  5.00000000e-01
  4.77199999e-16 -5.00000000e-01 -2.36569575e-17 -5.00000000e-01
 -4.80483259e-16 -5.00000000e-01]
10: [ 0.          0.          0.          0.          0.          0.
  0.         -0.19134172  0.35355339 -0.46193977  0.5        -0.19134172
 -0.35355339  0.46193977]
11: [ 0.          0.          0.          0.          0.          0.
  0.         -0.46193977 -0.35355339  0.19134172  0.5        -0.46193977
  0.35355339 -0.19134172]
12: [-0.19134172 -0.35355339  0.46193977 -0.5        -0.19134172  0.35355339
  0.46193977  0.          0.          0.          0.          0.
  0.          0.        ]
13: [-0.46193977  0.35355339 -0.19134172 -0.5        -0.46193977 -0.35355339
 -0.19134172  0.          0.          0.          0.          0.
  0.          0.        ]
14: [ 3.53553391e-01  5.00000000e-01 -3.53553391e-01  3.81348014e-17
 -3.53553391e-01  5.00000000e-01  3.53553391e-01  0.00000000e+00
  0.00000000e+00  0.00000000e+00  0.00000000e+00  0.00000000e+00
  0.00000000e+00  0.00000000e+00]

n = 8
[0 0 0 1 0 0 0 0 0 0 0 0 0 0 0 0]
[0 0 1 0 0 0 0 0 0 0 0 0 0 0 0 0]
[0 1 0 0 0 1 0 0 0 0 0 0 0 0 0 0]
[1 0 0 0 1 0 0 0 0 0 0 0 0 0 0 0]
[0 0 0 1 0 0 0 1 0 0 0 0 0 0 0 0]
[0 0 1 0 0 0 1 0 0 0 0 0 0 0 0 0]
[0 0 0 0 0 1 0 0 0 1 0 0 0 0 0 0]
[0 0 0 0 1 0 0 0 1 0 0 0 0 0 0 0]
[0 0 0 0 0 0 0 1 0 0 0 1 0 0 0 0]
[0 0 0 0 0 0 1 0 0 0 1 0 0 0 0 0]
[0 0 0 0 0 0 0 0 0 1 0 0 0 1 0 0]
[0 0 0 0 0 0 0 0 1 0 0 0 1 0 0 0]
[0 0 0 0 0 0 0 0 0 0 0 1 0 0 0 1]
[0 0 0 0 0 0 0 0 0 0 1 0 0 0 1 0]
[0 0 0 0 0 0 0 0 0 0 0 0 0 1 0 0]
[0 0 0 0 0 0 0 0 0 0 0 0 1 0 0 0]

Eigenvalues: 
1: -1.8793852415718195
2: -1.879385241571816
3: -1.5320888862379538
4: -1.532088886237952
5: -0.9999999999999996
6: -0.9999999999999988
7: -0.34729635533386066
8: -0.34729635533386
9: 0.3472963553338606
10: 0.3472963553338607
11: 1.0
12: 1.0
13: 1.5320888862379558
14: 1.532088886237956
15: 1.8793852415718162
16: 1.879385241571817

Eigenvectors: 
1: [ 0.46424283  0.16122984  0.40824829 -0.30301299  0.30301299 -0.46424283
 -0.16122984  0.40824829  0.          0.          0.          0.
  0.          0.          0.          0.        ]
2: [ 0.16122984 -0.30301299 -0.40824829 -0.46424283  0.46424283 -0.16122984
  0.30301299 -0.40824829  0.          0.          0.          0.
  0.          0.          0.          0.        ]
3: [ 0.          0.          0.          0.          0.          0.
  0.          0.         -0.16122984  0.30301299 -0.40824829  0.16122984
  0.30301299 -0.46424283 -0.40824829 -0.46424283]
4: [ 0.          0.          0.          0.          0.          0.
  0.          0.         -0.46424283 -0.16122984  0.40824829  0.46424283
 -0.16122984 -0.30301299  0.40824829 -0.30301299]
5: [ 0.00000000e+00  0.00000000e+00  0.00000000e+00  0.00000000e+00
  0.00000000e+00  0.00000000e+00  0.00000000e+00  0.00000000e+00
  4.08248290e-01  4.08248290e-01  3.98247845e-16  4.08248290e-01
 -4.08248290e-01  4.08248290e-01 -3.64385341e-17 -4.08248290e-01]
6: [ 0.          0.          0.          0.          0.          0.
  0.          0.          0.30301299 -0.46424283  0.40824829  0.30301299
  0.46424283  0.16122984 -0.40824829 -0.16122984]
7: [ 0.          0.          0.          0.          0.          0.
  0.          0.         -0.30301299 -0.46424283 -0.40824829  0.30301299
 -0.46424283  0.16122984 -0.40824829  0.16122984]
8: [-0.30301299  0.46424283  0.40824829  0.16122984  0.16122984 -0.30301299
  0.46424283 -0.40824829  0.          0.          0.          0.
  0.          0.          0.          0.        ]
9: [ 4.08248290e-01 -4.08248290e-01  2.55026228e-17  4.08248290e-01
 -4.08248290e-01 -4.08248290e-01  4.08248290e-01  1.74583615e-17
  0.00000000e+00  0.00000000e+00  0.00000000e+00  0.00000000e+00
  0.00000000e+00  0.00000000e+00  0.00000000e+00  0.00000000e+00]
10: [-0.16122984 -0.30301299  0.40824829 -0.46424283 -0.46424283 -0.16122984
 -0.30301299 -0.40824829  0.          0.          0.          0.
  0.          0.          0.          0.        ]
11: [-0.46424283  0.16122984 -0.40824829 -0.30301299 -0.30301299 -0.46424283
  0.16122984  0.40824829  0.          0.          0.          0.
  0.          0.          0.          0.        ]
12: [ 0.          0.          0.          0.          0.          0.
  0.          0.          0.16122984  0.30301299  0.40824829  0.16122984
 -0.30301299 -0.46424283 -0.40824829  0.46424283]
13: [ 0.          0.          0.          0.          0.          0.
  0.          0.          0.46424283 -0.16122984 -0.40824829  0.46424283
  0.16122984 -0.30301299  0.40824829  0.30301299]
14: [ 0.30301299  0.46424283 -0.40824829  0.16122984 -0.16122984 -0.30301299
 -0.46424283 -0.40824829  0.          0.          0.          0.
  0.          0.          0.          0.        ]
15: [-4.08248290e-01 -4.08248290e-01 -9.49007983e-17  4.08248290e-01
  4.08248290e-01 -4.08248290e-01 -4.08248290e-01  7.02048757e-17
  0.00000000e+00  0.00000000e+00  0.00000000e+00  0.00000000e+00
  0.00000000e+00  0.00000000e+00  0.00000000e+00  0.00000000e+00]
16: [ 0.00000000e+00  0.00000000e+00  0.00000000e+00  0.00000000e+00
  0.00000000e+00  0.00000000e+00  0.00000000e+00  0.00000000e+00
 -4.08248290e-01  4.08248290e-01  1.35585774e-16  4.08248290e-01
  4.08248290e-01  4.08248290e-01 -1.77040645e-16  4.08248290e-01]

