Tables using graphs: 
  n    |V|   |E|   deg   alpha   sigma
  1    2     1     1     1       1
  2    3     2     2     2       2
  3    4     3     3     3       3
  4    5     4     4     4       4
  5    6     5     5     5       5
  6    7     6     6     6       6
  7    8     7     7     7       7
  8    9     8     8     8       8
  9    10    9     9     9       9
  10   11    10    10    10      10

Table using formulas: 
  n    deg   alpha   sigma
  1    1     1       1
  2    2     2       2
  3    3     3       3
  4    4     4       4
  5    5     5       5
  6    6     6       6
  7    7     7       7
  8    8     8       8
  9    9     9       9
  10   10    10      10

Adjacency matrices: 
n = 6
[0 1 1 1 1 1 1]
[1 0 0 0 0 0 0]
[1 0 0 0 0 0 0]
[1 0 0 0 0 0 0]
[1 0 0 0 0 0 0]
[1 0 0 0 0 0 0]
[1 0 0 0 0 0 0]

Eigenvalues: 
1: -2.4494897427831783
2: 0.0
3: 0.0
4: 0.0
5: 0.0
6: 0.0
7: 2.4494897427831788

Eigenvectors: 
1: [ 0.28867513 -0.28867513 -0.40824829 -0.40824829 -0.40824829 -0.40824829
 -0.40824829]
2: [ 0.28867513 -0.28867513  0.88164966 -0.11835034 -0.11835034 -0.11835034
 -0.11835034]
3: [ 0.28867513 -0.28867513 -0.11835034  0.88164966 -0.11835034 -0.11835034
 -0.11835034]
4: [ 0.28867513 -0.28867513 -0.11835034 -0.11835034  0.88164966 -0.11835034
 -0.11835034]
5: [ 0.28867513 -0.28867513 -0.11835034 -0.11835034 -0.11835034  0.88164966
 -0.11835034]
6: [ 0.28867513 -0.28867513 -0.11835034 -0.11835034 -0.11835034 -0.11835034
  0.88164966]
7: [7.07106781e-01 7.07106781e-01 7.06673158e-33 7.06673158e-33
 7.06673158e-33 7.06673158e-33 7.06673158e-33]

n = 7
[0 1 1 1 1 1 1 1]
[1 0 0 0 0 0 0 0]
[1 0 0 0 0 0 0 0]
[1 0 0 0 0 0 0 0]
[1 0 0 0 0 0 0 0]
[1 0 0 0 0 0 0 0]
[1 0 0 0 0 0 0 0]
[1 0 0 0 0 0 0 0]

Eigenvalues: 
1: -2.6457513110645903
2: 0.0
3: 0.0
4: 0.0
5: 0.0
6: 0.0
7: 0.0
8: 2.6457513110645903

Eigenvectors: 
1: [ 0.26726124 -0.26726124 -0.37796447 -0.37796447 -0.37796447 -0.37796447
 -0.37796447 -0.37796447]
2: [ 0.26726124 -0.26726124  0.89632741 -0.10367259 -0.10367259 -0.10367259
 -0.10367259 -0.10367259]
3: [ 0.26726124 -0.26726124 -0.10367259  0.89632741 -0.10367259 -0.10367259
 -0.10367259 -0.10367259]
4: [ 0.26726124 -0.26726124 -0.10367259 -0.10367259  0.89632741 -0.10367259
 -0.10367259 -0.10367259]
5: [ 0.26726124 -0.26726124 -0.10367259 -0.10367259 -0.10367259  0.89632741
 -0.10367259 -0.10367259]
6: [ 0.26726124 -0.26726124 -0.10367259 -0.10367259 -0.10367259 -0.10367259
  0.89632741 -0.10367259]
7: [ 0.26726124 -0.26726124 -0.10367259 -0.10367259 -0.10367259 -0.10367259
 -0.10367259  0.89632741]
8: [ 7.07106781e-01  7.07106781e-01 -2.60500324e-33 -2.60500324e-33
 -2.60500324e-33 -2.60500324e-33 -2.60500324e-33 -2.60500324e-33]

n = 8
[0 1 1 1 1 1 1 1 1]
[1 0 0 0 0 0 0 0 0]
[1 0 0 0 0 0 0 0 0]
[1 0 0 0 0 0 0 0 0]
[1 0 0 0 0 0 0 0 0]
[1 0 0 0 0 0 0 0 0]
[1 0 0 0 0 0 0 0 0]
[1 0 0 0 0 0 0 0 0]
[1 0 0 0 0 0 0 0 0]

Eigenvalues: 
1: -2.8284271247461903
2: 0.0
3: 0.0
4: 0.0
5: 0.0
6: 0.0
7: 0.0
8: 0.0
9: 2.8284271247461907

Eigenvectors: 
1: [ 0.25       -0.25       -0.35355339 -0.35355339 -0.35355339 -0.35355339
 -0.35355339 -0.35355339 -0.35355339]
2: [ 0.25       -0.25        0.90765048 -0.09234952 -0.09234952 -0.09234952
 -0.09234952 -0.09234952 -0.09234952]
3: [ 0.25       -0.25       -0.09234952  0.90765048 -0.09234952 -0.09234952
 -0.09234952 -0.09234952 -0.09234952]
4: [ 0.25       -0.25       -0.09234952 -0.09234952  0.90765048 -0.09234952
 -0.09234952 -0.09234952 -0.09234952]
5: [ 0.25       -0.25       -0.09234952 -0.09234952 -0.09234952  0.90765048
 -0.09234952 -0.09234952 -0.09234952]
6: [ 0.25       -0.25       -0.09234952 -0.09234952 -0.09234952 -0.09234952
  0.90765048 -0.09234952 -0.09234952]
7: [ 0.25       -0.25       -0.09234952 -0.09234952 -0.09234952 -0.09234952
 -0.09234952  0.90765048 -0.09234952]
8: [ 0.25       -0.25       -0.09234952 -0.09234952 -0.09234952 -0.09234952
 -0.09234952 -0.09234952  0.90765048]
9: [ 7.07106781e-01  7.07106781e-01 -1.25902402e-33 -1.25902402e-33
 -1.25902402e-33 -1.25902402e-33 -1.25902402e-33 -1.25902402e-33
 -1.25902402e-33]

