Tables using graphs: 
  n    |V|   |E|   deg   alpha   sigma
  1    3     3     2     1       1
  2    4     5     3     2       2
  3    5     7     4     3       3
  4    6     9     5     4       4
  5    7     11    6     5       5
  6    8     13    7     6       6
  7    9     15    8     7       7
  8    10    17    9     8       8
  9    11    19    10    9       9
  10   12    21    11    10      10

Table using formulas: 
  n    deg   alpha   sigma
  1    2     1       1
  2    3     2       2
  3    4     3       3
  4    5     4       4
  5    6     5       5
  6    7     6       6
  7    8     7       7
  8    9     8       8
  9    10    9       9
  10   11    10      10

Adjacency matrices: 
n = 6
[0 1 1 1 1 1 1 1]
[1 0 0 0 0 0 0 1]
[1 0 0 0 0 0 0 1]
[1 0 0 0 0 0 0 1]
[1 0 0 0 0 0 0 1]
[1 0 0 0 0 0 0 1]
[1 0 0 0 0 0 0 1]
[1 1 1 1 1 1 1 0]

Eigenvalues: 
1: -3.000000000000001
2: -1.0000000000000007
3: -4.6215395353366156e-17
4: -2.816285840049685e-50
5: 4.3970148888486235e-49
6: 5.8777115069042274e-33
7: 1.1093356479670479e-31
8: 3.9999999999999987

Eigenvectors: 
1: [-2.67261242e-01  8.56113428e-18  3.08606700e-01 -7.83037249e-01
  1.82574186e-01 -9.25237449e-02 -4.42202896e-03  1.12119178e-02]
2: [-2.67261242e-01  1.74159447e-16  3.08606700e-01  6.16366691e-01
 -9.12870929e-01  7.28299382e-02  3.48079400e-03 -8.82544562e-03]
3: [-2.67261242e-01  1.19339480e-16  3.08606700e-01  4.16676396e-02
  1.82574186e-01 -2.81729386e-01 -2.81127925e-01  7.12791167e-01]
4: [-2.67261242e-01  1.19339480e-16  3.08606700e-01  4.16676396e-02
  1.82574186e-01 -2.81729386e-01 -5.17590427e-01 -6.99954965e-01]
5: [-5.34522484e-01  7.07106781e-01 -4.62910050e-01 -1.19703992e-16
  3.91189358e-17 -3.49033310e-18 -3.17940333e-18  9.61975333e-18]
6: [-2.67261242e-01  1.19339480e-16  3.08606700e-01  4.16676396e-02
  1.82574186e-01 -2.81729386e-01  8.08062474e-01 -3.65279332e-02]
7: [-2.67261242e-01  1.19339480e-16  3.08606700e-01  4.16676396e-02
  1.82574186e-01  8.64881966e-01 -8.40288676e-03  2.13052597e-02]
8: [-5.34522484e-01 -7.07106781e-01 -4.62910050e-01  6.39389224e-18
  1.20128000e-17  7.55502826e-19  3.61080864e-20 -9.15509373e-20]

n = 7
[0 1 1 1 1 1 1 1 1]
[1 0 0 0 0 0 0 0 1]
[1 0 0 0 0 0 0 0 1]
[1 0 0 0 0 0 0 0 1]
[1 0 0 0 0 0 0 0 1]
[1 0 0 0 0 0 0 0 1]
[1 0 0 0 0 0 0 0 1]
[1 0 0 0 0 0 0 0 1]
[1 1 1 1 1 1 1 1 0]

Eigenvalues: 
1: -3.274917217635376
2: -1.0000000000000004
3: -1.3067678377562316e-16
4: -1.232595164407831e-32
5: 2.3738919364399497e-66
6: 1.3502197394026747e-50
7: 3.4211388289180104e-49
8: 7.4298702031269855e-34
9: 4.274917217635373

Eigenvectors: 
1: [-2.48932975e-01 -5.66926840e-17 -2.84410824e-01 -8.98839652e-01
  1.54303350e-01  3.39679216e-01 -1.72484439e-01 -1.37815667e-02
  1.10137165e-02]
2: [-2.48932975e-01 -4.97537914e-17 -2.84410824e-01 -6.89686957e-02
 -9.25820100e-01  2.60638618e-02 -1.32348709e-02 -1.05747080e-03
  8.45091403e-04]
3: [-2.48932975e-01  5.75734918e-18 -2.84410824e-01  1.93561669e-01
  1.54303350e-01  1.33876154e-01 -8.23741005e-01 -6.58171931e-02
  5.25986573e-02]
4: [-2.48932975e-01  5.75734918e-18 -2.84410824e-01  1.93561669e-01
  1.54303350e-01 -9.01247694e-01  4.18434751e-01  3.34330823e-02
 -2.67184782e-02]
5: [-2.48932975e-01  5.75734918e-18 -2.84410824e-01  1.93561669e-01
  1.54303350e-01  1.33876154e-01  1.97008521e-01 -6.94615479e-01
  3.94835512e-01]
6: [-5.32083930e-01  7.07106781e-01  4.65710952e-01 -3.15318572e-17
 -2.21943802e-16  1.84795925e-17 -4.00037098e-18  6.14032745e-18
 -1.36255547e-17]
7: [-2.48932975e-01  5.75734918e-18 -2.84410824e-01  1.93561669e-01
  1.54303350e-01  1.33876154e-01  1.97008521e-01  7.14944268e-01
  3.94835512e-01]
8: [-2.48932975e-01  5.75734918e-18 -2.84410824e-01  1.93561669e-01
  1.54303350e-01  1.33876154e-01  1.97008521e-01  2.68943589e-02
 -8.27410010e-01]
9: [-5.32083930e-01 -7.07106781e-01  4.65710952e-01 -3.21206062e-17
  8.87407818e-17  1.21386527e-17 -6.16384105e-18 -4.92493046e-19
  3.93582159e-19]

n = 8
[0 1 1 1 1 1 1 1 1 1]
[1 0 0 0 0 0 0 0 0 1]
[1 0 0 0 0 0 0 0 0 1]
[1 0 0 0 0 0 0 0 0 1]
[1 0 0 0 0 0 0 0 0 1]
[1 0 0 0 0 0 0 0 0 1]
[1 0 0 0 0 0 0 0 0 1]
[1 0 0 0 0 0 0 0 0 1]
[1 0 0 0 0 0 0 0 0 1]
[1 1 1 1 1 1 1 1 1 0]

Eigenvalues: 
1: -3.531128874149274
2: -0.9999999999999991
3: -1.1446649613047422e-16
4: -4.930380657631324e-32
5: -1.3221670931058952e-34
6: -3.62241253736178e-49
7: -4.1934165515904723e-50
8: 5.4794411631306335e-49
9: 1.1779754612323346e-33
10: 4.531128874149268

Eigenvectors: 
1: [-2.33982540e-01  1.59238860e-16  2.65051261e-01 -1.33630621e-01
 -8.91962216e-01  1.77127763e-03 -5.94970578e-02 -2.36076870e-17
 -1.54227642e-17  5.14834734e-17]
2: [-2.33982540e-01  2.11928630e-17  2.65051261e-01  9.35414347e-01
 -1.51472733e-01  3.00797791e-04 -1.01037710e-02  3.08436913e-18
 -3.57781020e-17  2.28851026e-17]
3: [-2.33982540e-01 -1.37455409e-17  2.65051261e-01 -1.33630621e-01
  1.73905825e-01 -2.20623274e-02 -1.98168853e-01  9.67636455e-17
  4.28404501e-17  3.67797806e-17]
4: [-2.33982540e-01 -1.37455409e-17  2.65051261e-01 -1.33630621e-01
  1.73905825e-01  2.27541123e-01 -1.63557440e-01 -1.53250266e-15
  5.02984236e-16  6.12845436e-16]
5: [-2.33982540e-01 -1.37455409e-17  2.65051261e-01 -1.33630621e-01
  1.73905825e-01  2.27541123e-01 -1.63557440e-01  3.49350123e-01
  6.24567575e-03 -5.19037707e-01]
6: [-2.33982540e-01 -1.37455409e-17  2.65051261e-01 -1.33630621e-01
  1.73905825e-01 -8.90174239e-01  9.21999444e-01 -8.49273345e-01
  8.13073750e-01  3.97167433e-01]
7: [-5.30102522e-01  7.07106781e-01 -4.67965080e-01  1.15056523e-16
  1.24467082e-16  9.93060058e-18 -4.86185591e-19  9.46742953e-18
 -8.50165469e-18 -5.74313728e-18]
8: [-2.33982540e-01 -1.37455409e-17  2.65051261e-01 -1.33630621e-01
  1.73905825e-01  2.27541123e-01 -1.63557440e-01  1.24009909e-01
 -4.49846200e-01 -4.70775173e-01]
9: [-2.33982540e-01 -1.37455409e-17  2.65051261e-01 -1.33630621e-01
  1.73905825e-01  2.27541123e-01 -1.63557440e-01  3.75913313e-01
 -3.69473226e-01  5.92645447e-01]
10: [-5.30102522e-01 -7.07106781e-01 -4.67965080e-01  1.62577923e-17
 -3.84848892e-17  7.64241154e-20 -2.56707923e-18 -1.00951592e-33
  3.46453125e-35  1.64046022e-33]

