Tables using graphs: 
  n    |V|   |E|   deg   alpha   sigma
  3    4     6     3     1       1
  4    5     8     4     2       2
  5    6     10    5     2       1
  6    7     12    6     3       1
  7    8     14    7     3       1
  8    9     16    8     4       1
  9    10    18    9     4       1
  10   11    20    10    5       1

Table using formulas: 
  n    deg   alpha   sigma
  3    3     1       1
  4    4     2       2
  5    5     2       1
  6    6     3       1
  7    7     3       1
  8    8     4       1
  9    9     4       1
  10   10    5       1

Adjacency matrices: 
n = 6
[0 1 1 1 1 1 1]
[1 0 1 0 0 0 1]
[1 1 0 1 0 0 0]
[1 0 1 0 1 0 0]
[1 0 0 1 0 1 0]
[1 0 0 0 1 0 1]
[1 1 0 0 0 1 0]

Eigenvalues: 
1: -1.9999999999999987
2: -1.6457513110645912
3: -0.9999999999999996
4: -0.9999999999999992
5: 0.9999999999999991
6: 0.9999999999999997
7: 3.645751311064591

Eigenvectors: 
1: [ 0.22767585  0.33886631  0.40824829 -0.28867513  0.5703878   0.28867513
 -0.40672491]
2: [-8.30049539e-01  5.57689666e-01  8.17256937e-16  2.05158016e-17
 -1.64449254e-17 -5.23889626e-16 -1.59344577e-16]
3: [ 0.22767585  0.33886631  0.40824829 -0.28867513 -0.36261041  0.28867513
  0.55823023]
4: [ 0.22767585  0.33886631 -0.40824829  0.28867513 -0.5703878   0.28867513
 -0.40672491]
5: [ 0.22767585  0.33886631  0.40824829  0.57735027 -0.20777739 -0.57735027
 -0.15150531]
6: [ 0.22767585  0.33886631 -0.40824829  0.28867513  0.36261041  0.28867513
  0.55823023]
7: [ 0.22767585  0.33886631 -0.40824829 -0.57735027  0.20777739 -0.57735027
 -0.15150531]

n = 7
[0 1 1 1 1 1 1 1]
[1 0 1 0 0 0 0 1]
[1 1 0 1 0 0 0 0]
[1 0 1 0 1 0 0 0]
[1 0 0 1 0 1 0 0]
[1 0 0 0 1 0 1 0]
[1 0 0 0 0 1 0 1]
[1 1 0 0 0 0 1 0]

Eigenvalues: 
1: -1.8284271247461903
2: -1.80193773580484
3: -1.8019377358048374
4: -0.4450418679126292
5: -0.4450418679126288
6: 1.2469796037174667
7: 1.246979603717469
8: 3.8284271247461894

Eigenvectors: 
1: [-8.22664388e-01  5.68527312e-01 -8.88368233e-17  2.14522451e-18
  3.26137799e-17 -5.49966217e-15 -5.35288549e-16  2.42844574e-18]
2: [ 0.21488313  0.31093791  0.33326932 -0.23192061  0.45612112 -0.11894244
  0.51441496 -0.40735033]
3: [ 0.21488313  0.31093791 -0.48158812 -0.52112089  0.06649869  0.33326932
 -0.40045925 -0.24677122]
4: [ 0.21488313  0.31093791 -0.11894244  0.41790651 -0.29003211 -0.48158812
 -0.25605615 -0.52456476]
5: [ 0.21488313  0.31093791 -0.11894244 -0.41790651 -0.37319862 -0.48158812
  0.20718768  0.51717386]
6: [ 0.21488313  0.31093791  0.33326932  0.23192061  0.50227505 -0.11894244
 -0.52648447  0.42805918]
7: [ 0.21488313  0.31093791 -0.48158812  0.52112089  0.17020562  0.33326932
  0.43427728  0.21684608]
8: [ 2.14883126e-01  3.10937912e-01  5.34522484e-01 -1.34815437e-14
 -5.31869750e-01  5.34522484e-01  2.71199542e-02  1.66072037e-02]

n = 8
[0 1 1 1 1 1 1 1 1]
[1 0 1 0 0 0 0 0 1]
[1 1 0 1 0 0 0 0 0]
[1 0 1 0 1 0 0 0 0]
[1 0 0 1 0 1 0 0 0]
[1 0 0 0 1 0 1 0 0]
[1 0 0 0 0 1 0 1 0]
[1 0 0 0 0 0 1 0 1]
[1 1 0 0 0 0 0 1 0]

Eigenvalues: 
1: -2.0000000000000004
2: -1.999999999999999
3: -1.4142135623730951
4: -1.414213562373095
5: -1.6439714231383109e-16
6: -1.3698894449354349e-16
7: 1.4142135623730945
8: 1.4142135623730954
9: 4.0

Eigenvectors: 
1: [-8.16496581e-01  5.77350269e-01  1.10114702e-17 -2.44257119e-17
 -1.93871691e-02  9.25715534e-17 -5.17747295e-18 -1.99732363e-17
  2.47906079e-17]
2: [ 2.04124145e-01  2.88675135e-01 -3.53553391e-01  2.26249889e-16
  3.58300503e-01  3.53553391e-01 -2.79991669e-01  2.28514812e-01
  4.93269758e-02]
3: [ 2.04124145e-01  2.88675135e-01  1.01421739e-16  5.00000000e-01
 -3.48606919e-01 -1.88656644e-16  4.90904360e-01  4.76052957e-01
 -4.97560900e-01]
4: [ 0.20412415  0.28867513 -0.5        -0.5        -0.34860692 -0.5
  0.09493634  0.15288421  0.4975609 ]
5: [ 2.04124145e-01  2.88675135e-01  3.53553391e-01  7.10045347e-17
  3.58300503e-01 -3.53553391e-01  2.79991669e-01 -2.28514812e-01
  4.93269758e-02]
6: [ 2.04124145e-01  2.88675135e-01 -1.30644532e-17  5.00000000e-01
 -3.48606919e-01 -2.58044948e-16 -4.90904360e-01 -4.76052957e-01
 -4.97560900e-01]
7: [ 2.04124145e-01  2.88675135e-01  3.53553391e-01 -1.95262384e-16
  3.58300503e-01 -3.53553391e-01 -4.14251935e-01  4.44725737e-01
 -4.93269758e-02]
8: [ 2.04124145e-01  2.88675135e-01 -3.53553391e-01 -1.28050120e-16
  3.58300503e-01  3.53553391e-01  4.14251935e-01 -4.44725737e-01
 -4.93269758e-02]
9: [ 0.20412415  0.28867513  0.5        -0.5        -0.34860692  0.5
 -0.09493634 -0.15288421  0.4975609 ]

