Notation: K_{1,1,m} ⊙ K'_n 

+----+---+---+---+---+---+---+
|    | m | 1 | 2 | 3 | 4 | 5 | 
+----+---+---+---+---+---+---+
| n  |   |   |   |   |   |   | 
+----+---+---+---+---+---+---+
| 1  |   | 1 | 1 | 1 | 1 | 1 |
+----+---+---+---+---+---+---+
| 2  |   | 2 | 2 | 2 | 2 | 2 | 
+----+---+---+---+---+---+---+
| 3  |   | 3 | 3 | 3 | 3 | 3 | 
+----+---+---+---+---+---+---+
| 4  |   | 4 | 4 | 4 | 4 | 4 | 
+----+---+---+---+---+---+---+
| 5  |   | 5 | 5 | 5 | 5 | 5 | 
+----+---+---+---+---+---+---+
