Tables using graphs: 
  n    |V|   |E|   deg   alpha   sigma
  4    7     6     2     4       1
  4    7     6     3     4       1
  4    7     6     3     4       1
  4    7     6     4     4       1
  5    8     7     2     4       1
  5    8     7     3     4       1
  5    8     7     3     5       1
  5    8     7     4     5       1
  6    9     8     2     5       1
  6    9     8     3     5       1
  6    9     8     3     5       1
  6    9     8     4     5       1
  7    10    9     2     5       1
  7    10    9     3     5       1
  7    10    9     3     6       1
  7    10    9     4     6       1
  8    11    10    2     6       1
  8    11    10    3     6       1
  8    11    10    3     6       1
  8    11    10    4     6       1
  9    12    11    2     6       1
  9    12    11    3     6       1
  9    12    11    3     7       1
  9    12    11    4     7       1
  10   13    12    2     7       1
  10   13    12    3     7       1
  10   13    12    3     7       1
  10   13    12    4     7       1

Table using formulas: 
  n    deg            alpha          sigma
  4    not finished   not finished   not finished
  5    not finished   not finished   not finished
  6    not finished   not finished   not finished
  7    not finished   not finished   not finished
  8    not finished   not finished   not finished
  9    not finished   not finished   not finished
  10   not finished   not finished   not finished

Adjacency matrices: 
n = 6
[0 1 0 0 0 0 1 0 0]
[1 0 1 0 0 0 0 0 0]
[0 1 0 1 0 0 0 0 0]
[0 0 1 0 1 0 0 0 0]
[0 0 0 1 0 1 0 0 0]
[0 0 0 0 1 0 0 0 0]
[1 0 0 0 0 0 0 1 0]
[0 0 0 0 0 0 1 0 1]
[0 0 0 0 0 0 0 1 0]

Eigenvalues: 
1: -1.9021130325903068
2: -1.618033988749896
3: -1.1755705045849478
4: -0.6180339887498961
5: 0.0
6: 0.6180339887498945
7: 1.1755705045849456
8: 1.6180339887498958
9: 1.9021130325903093

Eigenvectors: 
1: [ 4.25325404e-01 -2.62865556e-01  2.62865556e-01  4.25325404e-01
 -4.25325404e-01  4.25325404e-01  2.62865556e-01 -2.62865556e-01
  9.26374617e-33]
2: [-4.47213595e-01  1.08740496e-15 -4.47213595e-01 -6.45257158e-17
  3.57252119e-16  4.47213595e-01 -5.80802914e-16 -4.47213595e-01
  4.47213595e-01]
3: [ 4.25325404e-01  2.62865556e-01  2.62865556e-01 -4.25325404e-01
  4.25325404e-01  4.25325404e-01 -2.62865556e-01 -2.62865556e-01
 -3.38230834e-32]
4: [-0.3618034  -0.4253254   0.1381966   0.26286556  0.26286556  0.3618034
 -0.4253254   0.1381966  -0.4472136 ]
5: [-0.1381966   0.26286556  0.3618034   0.4253254   0.4253254   0.1381966
  0.26286556  0.3618034   0.4472136 ]
6: [ 2.62865556e-01  4.25325404e-01 -4.25325404e-01  2.62865556e-01
 -2.62865556e-01  2.62865556e-01 -4.25325404e-01  4.25325404e-01
  7.99468040e-33]
7: [ 2.62865556e-01 -4.25325404e-01 -4.25325404e-01 -2.62865556e-01
  2.62865556e-01  2.62865556e-01  4.25325404e-01  4.25325404e-01
  3.93103086e-33]
8: [-0.3618034   0.4253254   0.1381966  -0.26286556 -0.26286556  0.3618034
  0.4253254   0.1381966  -0.4472136 ]
9: [-0.1381966  -0.26286556  0.3618034  -0.4253254  -0.4253254   0.1381966
 -0.26286556  0.3618034   0.4472136 ]

n = 6
[0 1 0 0 0 0 1 1 0]
[1 0 1 0 0 0 0 0 0]
[0 1 0 1 0 0 0 0 0]
[0 0 1 0 1 0 0 0 0]
[0 0 0 1 0 1 0 0 0]
[0 0 0 0 1 0 0 0 0]
[1 0 0 0 0 0 0 0 0]
[1 0 0 0 0 0 0 0 1]
[0 0 0 0 0 0 0 1 0]

Eigenvalues: 
1: -2.0
2: -1.6180339887498938
3: -1.0
4: -0.6180339887498956
5: -1.1961038852765505e-18
6: 0.6180339887498957
7: 0.9999999999999998
8: 1.6180339887498951
9: 2.000000000000001

Eigenvectors: 
1: [-5.47722558e-01  3.16227766e-01 -3.16227766e-01  3.16227766e-01
  5.47722558e-01  3.16227766e-01  5.10652343e-17  5.10652343e-17
 -5.67375833e-33]
2: [ 4.56435465e-01  2.69014532e-16 -2.52514906e-16 -5.27649665e-17
  4.56435465e-01  7.62578004e-17  4.08248290e-01 -4.08248290e-01
 -5.00000000e-01]
3: [ 3.65148372e-01 -3.16227766e-01 -3.16227766e-01 -3.16227766e-01
  3.65148372e-01  3.16227766e-01 -4.08248290e-01  4.08248290e-01
 -2.83051409e-17]
4: [-3.65148372e-01 -3.16227766e-01  3.16227766e-01 -3.16227766e-01
  3.65148372e-01 -3.16227766e-01  4.08248290e-01  4.08248290e-01
 -3.12695072e-20]
5: [-1.82574186e-01  1.95439508e-01  5.11667274e-01 -5.11667274e-01
  1.82574186e-01  1.95439508e-01 -4.08248290e-01 -4.08248290e-01
  3.12695072e-20]
6: [ 2.73861279e-01  5.11667274e-01 -1.95439508e-01 -1.95439508e-01
  2.73861279e-01 -5.11667274e-01 -1.12936826e-16 -4.39537661e-17
  5.00000000e-01]
7: [ 2.73861279e-01 -1.95439508e-01  5.11667274e-01  5.11667274e-01
  2.73861279e-01  1.95439508e-01  3.24322811e-17 -1.89322873e-16
  5.00000000e-01]
8: [ 0.09128709  0.31622777  0.31622777  0.31622777  0.09128709 -0.31622777
 -0.40824829  0.40824829 -0.5       ]
9: [-1.82574186e-01 -5.11667274e-01 -1.95439508e-01  1.95439508e-01
  1.82574186e-01 -5.11667274e-01 -4.08248290e-01 -4.08248290e-01
  3.12695072e-20]

n = 6
[0 1 0 0 0 0 0 0 0]
[1 0 1 0 0 0 1 0 0]
[0 1 0 1 0 0 0 0 0]
[0 0 1 0 1 0 0 0 0]
[0 0 0 1 0 1 0 0 0]
[0 0 0 0 1 0 0 0 0]
[0 1 0 0 0 0 0 1 0]
[0 0 0 0 0 0 1 0 1]
[0 0 0 0 0 0 0 1 0]

Eigenvalues: 
1: -2.0153160671926
2: -1.5480111533882648
3: -1.1428812464536702
4: -0.48578295030334046
5: 3.836838593070852e-16
6: 0.4857829503033406
7: 1.1428812464536673
8: 1.548011153388263
9: 2.0153160671925976

Eigenvectors: 
1: [-0.27712378 -0.0970413   0.3165006   0.27712378 -0.3833355  -0.57735027
 -0.3833355  -0.0970413  -0.3165006 ]
2: [ 5.58492009e-01  1.50221015e-01 -3.61722595e-01  5.58492009e-01
  1.86217848e-01  2.58410335e-16 -1.86217848e-01 -1.50221015e-01
 -3.61722595e-01]
3: [-4.36862059e-01  2.06383270e-01  2.36574211e-01  4.36862059e-01
  4.58901003e-01  2.11688496e-16  4.58901003e-01  2.06383270e-01
 -2.36574211e-01]
4: [-2.11914772e-01  5.20724717e-01 -3.40972260e-01  2.11914772e-01
 -2.60145760e-01  7.98992119e-17 -2.60145760e-01  5.20724717e-01
  3.40972260e-01]
5: [ 1.05152127e-01 -3.36383053e-01  2.98344435e-01  1.05152127e-01
  5.35518506e-01  2.72152816e-16 -5.35518506e-01  3.36383053e-01
  2.98344435e-01]
6: [-0.41155208 -0.34188578 -0.13966884  0.41155208 -0.16602696  0.57735027
 -0.16602696 -0.34188578  0.13966884]
7: [-0.1344283  -0.24484448 -0.45616943  0.1344283   0.21730853 -0.57735027
  0.21730853 -0.24484448  0.45616943]
8: [ 2.70915508e-01  3.79021979e-01  5.21347488e-01  2.70915508e-01
 -1.05564780e-01  4.27754380e-17  1.05564780e-01 -3.79021979e-01
  5.21347488e-01]
9: [ 3.21923117e-01 -4.69704618e-01  9.13463662e-02  3.21923117e-01
 -4.09144131e-01 -2.38581694e-16  4.09144131e-01  4.69704618e-01
  9.13463662e-02]

n = 6
[0 1 0 0 0 0 0 0 0]
[1 0 1 0 0 0 1 1 0]
[0 1 0 1 0 0 0 0 0]
[0 0 1 0 1 0 0 0 0]
[0 0 0 1 0 1 0 0 0]
[0 0 0 0 1 0 0 0 0]
[0 1 0 0 0 0 0 0 0]
[0 1 0 0 0 0 0 0 1]
[0 0 0 0 0 0 0 1 0]

Eigenvalues: 
1: -2.1646117279250774
2: -1.528039261725111
3: -0.8536214791711265
4: -0.5008816749028441
5: -1.216044699248974e-17
6: 0.5008816749028436
7: 0.8536214791711271
8: 1.5280392617251126
9: 2.1646117279250796

Eigenvectors: 
1: [-0.2912695  -0.2912695  -0.14173074  0.14173074  0.20040479  0.32390183
  0.70710678 -0.20040479 -0.32390183]
2: [-4.11917277e-01 -4.11917277e-01  2.00437539e-01 -2.00437539e-01
  2.83415167e-01 -4.58066363e-01 -5.91898153e-17 -2.83415167e-01
  4.58066363e-01]
3: [-1.53383183e-01 -1.53383183e-01  5.98492546e-01 -5.98492546e-01
 -2.22928024e-01  2.61884265e-01 -1.68034587e-16  2.22928024e-01
 -2.61884265e-01]
4: [ 7.08594438e-02 -7.08594438e-02 -3.91673539e-01 -3.91673539e-01
  2.61155593e-01 -5.22846568e-01  9.35915353e-17  2.61155593e-01
 -5.22846568e-01]
5: [-0.2912695  -0.2912695  -0.14173074  0.14173074  0.20040479  0.32390183
 -0.70710678 -0.20040479 -0.32390183]
6: [ 1.71069830e-01 -1.71069830e-01  1.62236492e-01  1.62236492e-01
  6.30485375e-01  2.16570140e-01 -6.55245018e-17  6.30485375e-01
  2.16570140e-01]
7: [-3.70299761e-01 -3.70299761e-01 -2.47903729e-01  2.47903729e-01
 -5.38195859e-01 -1.08476014e-01  1.79966613e-16  5.38195859e-01
  1.08476014e-01]
8: [ 2.61155593e-01 -2.61155593e-01 -5.22846568e-01 -5.22846568e-01
 -7.08594438e-02  3.91673539e-01 -8.90557408e-17 -7.08594438e-02
  3.91673539e-01]
9: [ 6.30485375e-01 -6.30485375e-01  2.16570140e-01  2.16570140e-01
 -1.71069830e-01 -1.62236492e-01  7.68724494e-17 -1.71069830e-01
 -1.62236492e-01]

n = 7
[0 1 0 0 0 0 0 1 0 0]
[1 0 1 0 0 0 0 0 0 0]
[0 1 0 1 0 0 0 0 0 0]
[0 0 1 0 1 0 0 0 0 0]
[0 0 0 1 0 1 0 0 0 0]
[0 0 0 0 1 0 1 0 0 0]
[0 0 0 0 0 1 0 0 0 0]
[1 0 0 0 0 0 0 0 1 0]
[0 0 0 0 0 0 0 1 0 1]
[0 0 0 0 0 0 0 0 1 0]

Eigenvalues: 
1: -1.9189859472289943
2: -1.6825070656623604
3: -1.30972146789057
4: -0.8308300260037729
5: -0.2846296765465704
6: 0.2846296765465707
7: 0.8308300260037726
8: 1.3097214678905702
9: 1.6825070656623617
10: 1.9189859472289925

Eigenvectors: 
1: [-0.38786839  0.3222527   0.12013117 -0.42206128  0.23053002 -0.38786839
  0.3222527   0.23053002 -0.12013117  0.42206128]
2: [ 0.42206128 -0.12013117 -0.38786839  0.23053002  0.3222527  -0.42206128
  0.12013117 -0.3222527  -0.38786839  0.23053002]
3: [-0.42206128 -0.12013117  0.38786839  0.23053002 -0.3222527  -0.42206128
 -0.12013117 -0.3222527  -0.38786839 -0.23053002]
4: [ 0.38786839  0.3222527  -0.12013117 -0.42206128 -0.23053002 -0.38786839
 -0.3222527   0.23053002 -0.12013117 -0.42206128]
5: [-0.3222527  -0.42206128 -0.23053002  0.12013117  0.38786839 -0.3222527
 -0.42206128  0.38786839  0.23053002 -0.12013117]
6: [ 0.3222527  -0.42206128  0.23053002  0.12013117 -0.38786839 -0.3222527
  0.42206128  0.38786839  0.23053002  0.12013117]
7: [ 0.12013117 -0.23053002  0.3222527  -0.38786839  0.42206128 -0.12013117
  0.23053002 -0.42206128  0.3222527  -0.38786839]
8: [-0.23053002  0.38786839 -0.42206128  0.3222527  -0.12013117 -0.23053002
  0.38786839 -0.12013117  0.42206128 -0.3222527 ]
9: [-0.12013117 -0.23053002 -0.3222527  -0.38786839 -0.42206128 -0.12013117
 -0.23053002 -0.42206128  0.3222527   0.38786839]
10: [ 0.23053002  0.38786839  0.42206128  0.3222527   0.12013117 -0.23053002
 -0.38786839 -0.12013117  0.42206128  0.3222527 ]

n = 7
[0 1 0 0 0 0 0 1 1 0]
[1 0 1 0 0 0 0 0 0 0]
[0 1 0 1 0 0 0 0 0 0]
[0 0 1 0 1 0 0 0 0 0]
[0 0 0 1 0 1 0 0 0 0]
[0 0 0 0 1 0 1 0 0 0]
[0 0 0 0 0 1 0 0 0 0]
[1 0 0 0 0 0 0 0 0 0]
[1 0 0 0 0 0 0 0 0 1]
[0 0 0 0 0 0 0 0 1 0]

Eigenvalues: 
1: -2.0065936183460207
2: -1.7069656415164474
3: -1.1896789501999965
4: -0.7287825396484797
5: -0.3367348435341053
6: 0.3367348435341064
7: 0.7287825396484797
8: 1.189678950199995
9: 1.7069656415164447
10: 2.0065936183460136

Eigenvectors: 
1: [ 0.52994199 -0.32522945 -0.52994199  0.32522945  0.11980595  0.26567364
  0.16867526 -0.11980595 -0.16867526  0.26567364]
2: [-0.44791262  0.07453418 -0.44791262  0.07453418  0.30134324 -0.24201523
  0.38005238  0.30134324  0.38005238  0.24201523]
3: [ 0.21747515  0.50615029 -0.21747515 -0.50615029  0.15984332 -0.13450718
  0.39099152 -0.15984332 -0.39099152 -0.13450718]
4: [-0.14419167 -0.4514641  -0.14419167 -0.4514641  -0.45785155 -0.20906696
  0.1484988  -0.45785155  0.1484988   0.20906696]
5: [ 0.07185893  0.26448341 -0.07185893 -0.26448341  0.38485303  0.28687153
 -0.44099625 -0.38485303  0.44099625  0.28687153]
6: [-0.35136529  0.29009056 -0.35136529  0.29009056 -0.34316942  0.41294138
  0.06406296 -0.34316942  0.06406296 -0.41294138]
7: [ 0.17510536 -0.16994516 -0.17510536  0.16994516  0.28845549 -0.56661811
 -0.19024749 -0.28845549  0.19024749 -0.56661811]
8: [-0.26410031  0.19053075 -0.26410031  0.19053075 -0.10070444 -0.36454446
 -0.50091418 -0.10070444 -0.50091418  0.36454446]
9: [-0.29219258 -0.41251706 -0.29219258 -0.41251706  0.26768932  0.30709344
 -0.28015927  0.26768932 -0.28015927 -0.30709344]
10: [ 0.36883662  0.19800215 -0.36883662 -0.19800215 -0.47830767 -0.08929716
 -0.29665214  0.47830767  0.29665214 -0.08929716]

n = 7
[0 1 0 0 0 0 0 0 0 0]
[1 0 1 0 0 0 0 1 0 0]
[0 1 0 1 0 0 0 0 0 0]
[0 0 1 0 1 0 0 0 0 0]
[0 0 0 1 0 1 0 0 0 0]
[0 0 0 0 1 0 1 0 0 0]
[0 0 0 0 0 1 0 0 0 0]
[0 1 0 0 0 0 0 0 1 0]
[0 0 0 0 0 0 0 1 0 1]
[0 0 0 0 0 0 0 0 1 0]

Eigenvalues: 
1: -2.023683271963258
2: -1.654581610325758
3: -1.2339935184294848
4: -0.8026990133430559
5: -1.3071048182154084e-18
6: 0.0
7: 0.8026990133430569
8: 1.233993518429485
9: 1.6545816103257607
10: 2.0236832719632596

Eigenvectors: 
1: [ 2.68246469e-01  1.33372274e-01 -2.09951369e-01 -3.72697416e-01
 -6.74199862e-01  2.68246469e-01 -3.72697416e-01  1.33372274e-01
 -2.09951369e-01 -4.82456084e-15]
2: [-5.42845893e-01 -2.20675312e-01  2.59078629e-01  2.99163848e-01
  1.23227551e-16  5.42845893e-01 -2.99163848e-01  2.20675312e-01
 -2.59078629e-01  8.72319311e-31]
3: [ 0.4340319  -0.0824286  -0.33970845  0.23033967  0.26967994  0.4340319
  0.23033967 -0.0824286  -0.33970845  0.4472136 ]
4: [-3.35497212e-01  3.57060155e-01  1.60119398e-01 -4.84057274e-01
  3.47083796e-17  3.35497212e-01  4.84057274e-01 -3.57060155e-01
 -1.60119398e-01  2.48478726e-31]
5: [ 0.24490819 -0.50835657  0.14212215  0.15821263 -0.26967994  0.24490819
  0.15821263 -0.50835657  0.14212215 -0.4472136 ]
6: [ 0.12802331  0.18080936  0.43990984  0.27491664 -0.40451992  0.12802331
  0.27491664  0.18080936  0.43990984  0.4472136 ]
7: [ 0.07912276 -0.2925557   0.27187923 -0.44482446  0.26967994  0.07912276
 -0.44482446 -0.2925557   0.27187923  0.4472136 ]
8: [-2.59078629e-01 -2.99163848e-01 -5.42845893e-01 -2.20675312e-01
 -2.31209159e-16  2.59078629e-01  2.20675312e-01  2.99163848e-01
  5.42845893e-01 -1.64387107e-30]
9: [ 0.39626978  0.31418164  0.22995847 -0.09778078  0.40451992  0.39626978
 -0.09778078  0.31418164  0.22995847 -0.4472136 ]
10: [-1.60119398e-01  4.84057274e-01 -3.35497212e-01  3.57060155e-01
 -1.54302859e-17  1.60119398e-01 -3.57060155e-01 -4.84057274e-01
  3.35497212e-01 -1.20787876e-31]

n = 7
[0 1 0 0 0 0 0 0 0 0]
[1 0 1 0 0 0 0 1 1 0]
[0 1 0 1 0 0 0 0 0 0]
[0 0 1 0 1 0 0 0 0 0]
[0 0 0 1 0 1 0 0 0 0]
[0 0 0 0 1 0 1 0 0 0]
[0 0 0 0 0 1 0 0 0 0]
[0 1 0 0 0 0 0 0 0 0]
[0 1 0 0 0 0 0 0 0 1]
[0 0 0 0 0 0 0 0 1 0]

Eigenvalues: 
1: -2.167862575966318
2: -1.6615886138703064
3: -1.0
4: -0.7345033219674602
5: -1.1961038852765505e-18
6: 1.2481126760298551e-16
7: 0.7345033219674616
8: 0.9999999999999998
9: 1.661588613870306
10: 2.167862575966313

Eigenvectors: 
1: [-2.88001384e-01 -1.33065126e-01  3.37097299e-01  7.55928946e-01
  2.88001384e-01 -3.37097299e-01  1.33065126e-01  5.10652343e-17
 -5.10652343e-17  3.00873351e-16]
2: [ 6.24347423e-01  2.21099498e-01 -2.47599086e-01 -5.37258915e-17
  6.24347423e-01 -2.47599086e-01  2.21099498e-01  5.10652343e-17
  5.10652343e-17 -1.13955638e-31]
3: [-3.65847420e-01 -2.08632668e-01 -3.94919496e-01 -2.56343716e-16
  3.65847420e-01  3.94919496e-01  2.08632668e-01 -4.08248290e-01
  4.08248290e-01 -2.83051409e-17]
4: [-0.41164922  0.10738651 -0.09741275 -0.18898224  0.41164922  0.09741275
 -0.10738651  0.40824829 -0.40824829 -0.5       ]
5: [ 1.68759507e-01  1.25562168e-01  5.37668768e-01  1.69067020e-17
  1.68759507e-01  5.37668768e-01  1.25562168e-01 -4.08248290e-01
 -4.08248290e-01  3.12695072e-20]
6: [ 2.68051524e-01 -3.99531703e-01  3.19149075e-01 -1.05704824e-16
  2.68051524e-01  3.19149075e-01 -3.99531703e-01  4.08248290e-01
  4.08248290e-01 -3.12695072e-20]
7: [ 9.92920171e-02 -5.25093870e-01 -2.18519693e-01 -1.26080973e-16
  9.92920171e-02 -2.18519693e-01 -5.25093870e-01 -4.08248290e-01
 -4.08248290e-01  3.12695072e-20]
8: [-2.88001384e-01 -1.33065126e-01  3.37097299e-01 -5.66946710e-01
  2.88001384e-01 -3.37097299e-01  1.33065126e-01  3.24322811e-17
 -1.89322873e-16  5.00000000e-01]
9: [-0.0458018   0.31601918  0.29750675 -0.18898224  0.0458018  -0.29750675
 -0.31601918 -0.40824829  0.40824829 -0.5       ]
10: [-1.69449644e-01  5.56470817e-01 -1.37003305e-01  1.88982237e-01
  1.69449644e-01  1.37003305e-01 -5.56470817e-01 -1.12936826e-16
 -4.39537661e-17  5.00000000e-01]

n = 8
[0 1 0 0 0 0 0 0 1 0 0]
[1 0 1 0 0 0 0 0 0 0 0]
[0 1 0 1 0 0 0 0 0 0 0]
[0 0 1 0 1 0 0 0 0 0 0]
[0 0 0 1 0 1 0 0 0 0 0]
[0 0 0 0 1 0 1 0 0 0 0]
[0 0 0 0 0 1 0 1 0 0 0]
[0 0 0 0 0 0 1 0 0 0 0]
[1 0 0 0 0 0 0 0 0 1 0]
[0 0 0 0 0 0 0 0 1 0 1]
[0 0 0 0 0 0 0 0 0 1 0]

Eigenvalues: 
1: -1.931851652578135
2: -1.7320508075688776
3: -1.4142135623730958
4: -0.9999999999999998
5: -0.5176380902050409
6: 0.0
7: 0.5176380902050415
8: 1.0000000000000016
9: 1.4142135623730951
10: 1.7320508075688785
11: 1.9318516525781375

Eigenvectors: 
1: [-3.53553391e-01  3.53553391e-01  3.53553391e-01  3.53553391e-01
  3.53553391e-01  3.53553391e-01 -3.53553391e-01 -3.53553391e-01
 -1.58626995e-16 -1.58626995e-16  1.06193220e-32]
2: [-2.88675135e-01  4.08248290e-01 -3.47844278e-16  2.88675135e-01
 -2.88675135e-01 -4.08248290e-01  2.88675135e-01 -5.12761089e-16
 -2.88675135e-01  2.88675135e-01  4.08248290e-01]
3: [-2.88675135e-01 -4.08248290e-01 -6.94421815e-17  2.88675135e-01
 -2.88675135e-01  4.08248290e-01  2.88675135e-01 -3.09762686e-16
 -2.88675135e-01  2.88675135e-01 -4.08248290e-01]
4: [-0.10566243  0.20412415 -0.35355339 -0.39433757 -0.10566243 -0.20412415
 -0.39433757 -0.35355339 -0.28867513  0.28867513 -0.40824829]
5: [-2.04124145e-01  3.53553391e-01 -3.53553391e-01 -2.04124145e-01
  2.04124145e-01  3.53553391e-01  2.04124145e-01  3.53553391e-01
  4.08248290e-01  4.08248290e-01 -5.92025608e-32]
6: [-0.10566243 -0.20412415  0.35355339 -0.39433757 -0.10566243  0.20412415
 -0.39433757  0.35355339 -0.28867513  0.28867513  0.40824829]
7: [-0.39433757  0.20412415  0.35355339 -0.10566243 -0.39433757 -0.20412415
 -0.10566243  0.35355339  0.28867513 -0.28867513 -0.40824829]
8: [-4.08248290e-01 -3.39163305e-16  8.80311745e-17 -4.08248290e-01
  4.08248290e-01 -2.02172221e-17  4.08248290e-01 -3.53762032e-16
 -4.08248290e-01 -4.08248290e-01 -3.32420766e-32]
9: [-2.04124145e-01 -3.53553391e-01  3.53553391e-01 -2.04124145e-01
  2.04124145e-01 -3.53553391e-01  2.04124145e-01 -3.53553391e-01
  4.08248290e-01  4.08248290e-01 -3.05271262e-32]
10: [-0.39433757 -0.20412415 -0.35355339 -0.10566243 -0.39433757  0.20412415
 -0.10566243 -0.35355339  0.28867513 -0.28867513  0.40824829]
11: [-3.53553391e-01 -3.53553391e-01 -3.53553391e-01  3.53553391e-01
  3.53553391e-01 -3.53553391e-01 -3.53553391e-01  3.53553391e-01
 -4.83758856e-17 -4.83758856e-17  2.44438812e-32]

n = 8
[0 1 0 0 0 0 0 0 1 1 0]
[1 0 1 0 0 0 0 0 0 0 0]
[0 1 0 1 0 0 0 0 0 0 0]
[0 0 1 0 1 0 0 0 0 0 0]
[0 0 0 1 0 1 0 0 0 0 0]
[0 0 0 0 1 0 1 0 0 0 0]
[0 0 0 0 0 1 0 1 0 0 0]
[0 0 0 0 0 0 1 0 0 0 0]
[1 0 0 0 0 0 0 0 0 0 0]
[1 0 0 0 0 0 0 0 0 0 1]
[0 0 0 0 0 0 0 0 0 1 0]

Eigenvalues: 
1: -2.0107563043833716
2: -1.7692165260490562
3: -1.341665589471492
4: -0.8503883238946942
5: -0.5509129812857236
6: 0.0
7: 0.5509129812857249
8: 0.8503883238946943
9: 1.3416655894714933
10: 1.769216526049057
11: 2.0107563043833725

Eigenvectors: 
1: [-5.15613709e-01  3.24504707e-01  1.80562684e-01 -1.34506262e-01
 -2.79543165e-01  5.15613709e-01 -3.24504707e-01  1.80562684e-01
  2.79543165e-01  1.34506262e-01 -5.70126212e-32]
2: [ 0.43965385 -0.12117852  0.19511949  0.36938467 -0.13230121  0.43965385
 -0.12117852 -0.19511949 -0.13230121  0.36938467 -0.4472136 ]
3: [-3.68423043e-01 -1.10113674e-01 -4.42347783e-01 -1.79614149e-01
  3.52429619e-01  3.68423043e-01  1.10113674e-01 -4.42347783e-01
 -3.52429619e-01  1.79614149e-01  6.66466065e-32]
4: [ 0.30115511  0.31599345  0.39836331 -0.2166429  -0.06185684  0.30115511
  0.31599345 -0.39836331 -0.06185684 -0.2166429   0.4472136 ]
5: [-2.37126485e-01 -4.48947156e-01 -9.21225673e-02  3.63844738e-01
 -3.18351882e-01  2.37126485e-01  4.48947156e-01 -9.21225673e-02
  3.18351882e-01 -3.63844738e-01 -8.52075266e-32]
6: [-1.69434713e-01  1.52340536e-01  2.25684580e-01  4.85863347e-01
  4.01357095e-01  1.69434713e-01 -1.52340536e-01  2.25684580e-01
 -4.01357095e-01 -4.85863347e-01 -5.56910269e-32]
7: [ 0.25642775 -0.18341718 -0.13458099  0.1581704   0.507418    0.25642775
 -0.18341718  0.13458099  0.507418    0.1581704   0.4472136 ]
8: [ 3.40691918e-01 -2.69523394e-01 -3.02793234e-01 -4.13172517e-01
 -2.21112834e-01  3.40691918e-01 -2.69523394e-01  3.02793234e-01
 -2.21112834e-01 -4.13172517e-01 -4.12658874e-17]
9: [ 0.05771947  0.2245365  -0.34342847  0.33509074 -0.34062135  0.05771947
  0.2245365   0.34342847 -0.34062135  0.33509074  0.4472136 ]
10: [-1.16059780e-01 -3.97253680e-01  4.60766165e-01 -2.84957257e-01
  1.87652721e-01  1.16059780e-01  3.97253680e-01  4.60766165e-01
 -1.87652721e-01  2.84957257e-01 -3.47630484e-32]
11: [ 0.17564847  0.47829128 -0.27476564 -0.09276642  0.23724103  0.17564847
  0.47829128  0.27476564  0.23724103 -0.09276642 -0.4472136 ]

n = 8
[0 1 0 0 0 0 0 0 0 0 0]
[1 0 1 0 0 0 0 0 1 0 0]
[0 1 0 1 0 0 0 0 0 0 0]
[0 0 1 0 1 0 0 0 0 0 0]
[0 0 0 1 0 1 0 0 0 0 0]
[0 0 0 0 1 0 1 0 0 0 0]
[0 0 0 0 0 1 0 1 0 0 0]
[0 0 0 0 0 0 1 0 0 0 0]
[0 1 0 0 0 0 0 0 0 1 0]
[0 0 0 0 0 0 0 0 1 0 1]
[0 0 0 0 0 0 0 0 0 1 0]

Eigenvalues: 
1: -2.028523488026883
2: -1.7320508075688752
3: -1.3213244535824467
4: -1.0000000000000016
5: -0.3730873180480643
6: 2.0913821089846005e-16
7: 0.37308731804806283
8: 1.0000000000000002
9: 1.321324453582445
10: 1.7320508075688759
11: 2.0285234880268836

Eigenvectors: 
1: [ 0.26148301  0.14433757 -0.0952215  -0.35355339  0.33175217 -0.57735027
 -0.33175217  0.26148301  0.14433757 -0.0952215   0.35355339]
2: [-5.30424421e-01 -2.50000000e-01  1.25818499e-01  3.53553391e-01
 -1.23772528e-01 -1.18258579e-16 -1.23772528e-01  5.30424421e-01
  2.50000000e-01 -1.25818499e-01  3.53553391e-01]
3: [ 4.29374351e-01 -7.65756958e-16 -3.50541834e-01 -2.38604376e-16
 -4.39042241e-01  4.42326533e-16  4.39042241e-01  4.29374351e-01
 -2.76328685e-16 -3.50541834e-01 -5.15089542e-16]
4: [-3.40571535e-01  2.50000000e-01  3.37360998e-01 -3.53553391e-01
  2.87573620e-01 -3.35468829e-16  2.87573620e-01  3.40571535e-01
 -2.50000000e-01 -3.37360998e-01 -3.53553391e-01]
5: [ 2.61483007e-01 -4.33012702e-01 -9.52215022e-02  3.53553391e-01
  3.31752170e-01 -6.51076372e-16 -3.31752170e-01  2.61483007e-01
 -4.33012702e-01 -9.52215022e-02 -3.53553391e-01]
6: [-1.89852886e-01  5.00000000e-01 -2.11542498e-01 -6.87100990e-16
 -4.11346147e-01  3.53246918e-16 -4.11346147e-01  1.89852886e-01
 -5.00000000e-01  2.11542498e-01  1.43520158e-16]
7: [ 1.23638032e-01 -4.33012702e-01  3.74737778e-01 -3.53553391e-01
 -1.78284140e-01  2.76977679e-16  1.78284140e-01  1.23638032e-01
 -4.33012702e-01  3.74737778e-01  3.53553391e-01]
8: [ 0.12363803  0.14433757  0.37473778  0.35355339 -0.17828414 -0.57735027
  0.17828414  0.12363803  0.14433757  0.37473778 -0.35355339]
9: [-2.50802653e-01 -2.50000000e-01 -4.95150190e-01 -3.53553391e-01
  6.65155515e-02 -1.53581266e-16  6.65155515e-02  2.50802653e-01
  2.50000000e-01  4.95150190e-01 -3.53553391e-01]
10: [ 3.85121039e-01  2.88675135e-01  2.79516276e-01  2.26701921e-16
  1.53468031e-01  5.77350269e-01 -1.53468031e-01  3.85121039e-01
  2.88675135e-01  2.79516276e-01  2.56158904e-16]
11: [-6.09497662e-02  2.50000000e-01 -2.83607692e-01  3.53553391e-01
  4.77861699e-01 -4.59722697e-16  4.77861699e-01  6.09497662e-02
 -2.50000000e-01  2.83607692e-01  3.53553391e-01]

n = 8
[0 1 0 0 0 0 0 0 0 0 0]
[1 0 1 0 0 0 0 0 1 1 0]
[0 1 0 1 0 0 0 0 0 0 0]
[0 0 1 0 1 0 0 0 0 0 0]
[0 0 0 1 0 1 0 0 0 0 0]
[0 0 0 0 1 0 1 0 0 0 0]
[0 0 0 0 0 1 0 1 0 0 0]
[0 0 0 0 0 0 1 0 0 0 0]
[0 1 0 0 0 0 0 0 0 0 0]
[0 1 0 0 0 0 0 0 0 0 1]
[0 0 0 0 0 0 0 0 0 1 0]

Eigenvalues: 
1: -2.169236438774672
2: -1.7481654362570564
3: -1.2000124681003512
4: -0.8059997394813424
5: -0.38557149340690866
6: -6.927338184357411e-17
7: 0.3855714934069091
8: 0.8059997394813427
9: 1.200012468100353
10: 1.7481654362570576
11: 2.169236438774675

Eigenvectors: 
1: [-0.28622393 -0.28622393 -0.12153944  0.12153944  0.0855321   0.27219384
  0.26813951  0.70710678 -0.0855321  -0.26813951  0.27219384]
2: [-4.10938548e-01 -4.10938548e-01  5.22959219e-02 -5.22959219e-02
 -3.27805444e-01  1.37133073e-01 -4.49591768e-01  1.85533302e-16
  3.27805444e-01  4.49591768e-01  1.37133073e-01]
3: [-1.75916895e-01 -1.75916895e-01  4.78959265e-01 -4.78959265e-01
 -2.67412992e-01 -2.24873352e-01  3.42889976e-01 -4.81240742e-16
  2.67412992e-01 -3.42889976e-01 -2.24873352e-01]
4: [ 1.11069849e-01 -1.11069849e-01 -5.33407062e-01 -5.33407062e-01
 -1.75111286e-01  7.23889209e-02 -4.08945323e-01  1.66482621e-16
 -1.75111286e-01 -4.08945323e-01 -7.23889209e-02]
5: [-6.50198692e-02 -6.50198692e-02  4.53524524e-01 -4.53524524e-01
  4.77548718e-01  1.66527901e-01 -1.85212318e-01  3.75461626e-16
 -4.77548718e-01  1.85212318e-01  1.66527901e-01]
6: [ 2.99736202e-02 -2.99736202e-02 -2.59428836e-01 -2.59428836e-01
 -3.97953130e-01 -2.06610366e-01  4.80357912e-01  9.86579554e-17
 -3.97953130e-01  4.80357912e-01  2.06610366e-01]
7: [-3.63465122e-01 -3.63465122e-01 -1.80651584e-01  1.80651584e-01
  2.79910026e-01 -5.04693949e-01 -4.68241990e-02 -4.78011649e-17
 -2.79910026e-01  4.68241990e-02 -5.04693949e-01]
8: [ 1.67554406e-01 -1.67554406e-01  1.03337808e-01  1.03337808e-01
 -2.33255932e-01  6.26171355e-01  1.21441029e-01  1.07058498e-16
 -2.33255932e-01  1.21441029e-01 -6.26171355e-01]
9: [-0.28622393 -0.28622393 -0.12153944  0.12153944  0.0855321   0.27219384
  0.26813951 -0.70710678 -0.0855321  -0.26813951  0.27219384]
10: [ 2.70535490e-01 -2.70535490e-01 -3.03892970e-01 -3.03892970e-01
  4.96010210e-01  1.08858942e-01  2.76736722e-01 -2.75044538e-16
  4.96010210e-01  2.76736722e-01 -1.08858942e-01]
11: [ 6.20887381e-01 -6.20887381e-01  2.12471047e-01  2.12471047e-01
 -1.02639590e-01 -2.19388163e-01 -1.03386953e-01  1.07211142e-16
 -1.02639590e-01 -1.03386953e-01  2.19388163e-01]

