Tables using graphs: 
  n    |V|   |E|   deg   alpha   sigma
  4    6     6     3     3       1
  4    6     6     4     3       1
  5    7     7     3     3       1
  5    7     7     4     4       1
  6    8     8     3     4       1
  6    8     8     4     4       1
  7    9     9     3     4       1
  7    9     9     4     5       1
  8    10    10    3     5       1
  8    10    10    4     5       1
  9    11    11    3     5       1
  9    11    11    4     6       1
  10   12    12    3     6       1
  10   12    12    4     6       1

Table using formulas: 
  n    deg            alpha          sigma
  4    not finished   not finished   not finished
  5    not finished   not finished   not finished
  6    not finished   not finished   not finished
  7    not finished   not finished   not finished
  8    not finished   not finished   not finished
  9    not finished   not finished   not finished
  10   not finished   not finished   not finished

Adjacency matrices: 
n = 6
[0 1 0 0 0 0 1 1]
[1 0 1 0 0 0 0 0]
[0 1 0 1 0 0 0 0]
[0 0 1 0 1 0 0 0]
[0 0 0 1 0 1 0 0]
[0 0 0 0 1 0 0 0]
[1 0 0 0 0 0 0 1]
[1 0 0 0 0 0 1 0]

Eigenvalues: 
1: -1.8711249013569413
2: -1.4459545042613962
3: -1.0
4: -0.7386502081769947
5: 0.13262535096977196
6: 0.9999999999999994
7: 1.6881110656706946
8: 2.234993197154874

Eigenvectors: 
1: [-1.31673091e-01  5.62696802e-01  5.24963746e-01 -4.34948024e-01
  3.89230550e-01  2.23086008e-01 -1.42200613e-17 -4.59200629e-18]
2: [-7.36606081e-02  5.13534604e-01 -7.08700690e-02  3.25392566e-01
 -5.15967823e-01  3.62640897e-01  4.71404521e-01 -1.04775225e-16]
3: [-0.47543804 -0.20745365  0.23939582 -0.14204297 -0.20920884 -0.23261812
  0.23570226  0.70710678]
4: [-3.29578668e-02  3.04206645e-01 -5.34362914e-01 -1.73902108e-01
  3.56835448e-01 -4.90950782e-01  4.71404521e-01  2.21975121e-17]
5: [-2.20627855e-01  4.36360095e-01  1.40493570e-01  4.88449512e-01
 -4.68418439e-02 -5.27423423e-01 -4.71404521e-01  6.76997140e-17]
6: [-0.47543804 -0.20745365  0.23939582 -0.14204297 -0.20920884 -0.23261812
  0.23570226 -0.70710678]
7: [-3.61428664e-01  1.73927502e-01 -5.06330737e-01 -4.79002022e-01
 -3.21499375e-01  1.66495414e-01 -4.71404521e-01  1.10251681e-16]
8: [-5.87162750e-01 -1.42751154e-01 -2.07645862e-01  4.07823099e-01
  5.11715313e-01  4.04441551e-01 -8.25439913e-18  1.80703263e-17]

n = 6
[0 1 0 0 0 0 0 0]
[1 0 1 0 0 0 1 1]
[0 1 0 1 0 0 0 0]
[0 0 1 0 1 0 0 0]
[0 0 0 1 0 1 0 0]
[0 0 0 0 1 0 0 0]
[0 1 0 0 0 0 0 1]
[0 1 0 0 0 0 1 0]

Eigenvalues: 
1: -1.9876917574611872
2: -1.4338644375432432
3: -1.0
4: -0.5010254044710856
5: 0.27147951879201326
6: 0.6851727262689246
7: 1.57392483801417
8: 2.3920045164004087

Eigenvectors: 
1: [ 6.20038507e-01  6.03540598e-01 -3.90948459e-01 -1.74799217e-01
 -1.12515884e-01  2.13582942e-01  9.80715823e-02 -3.11720871e-17]
2: [ 3.33064942e-01 -4.91995760e-01 -3.33440003e-02 -4.94210501e-01
  2.86488662e-01 -1.42406341e-01  5.47080210e-01  8.64405480e-18]
3: [ 0.44542852 -0.20200899  0.16062869  0.1164532  -0.19604637 -0.29317356
 -0.31150917  0.70710678]
4: [ 1.76654340e-01  3.74395318e-01  4.38759235e-01  4.22411233e-01
  5.63427506e-01 -2.52243347e-01  2.76772856e-01  3.35483589e-17]
5: [ 3.74134058e-02  1.26874163e-01  4.15504595e-01 -5.63986854e-01
  3.81405686e-01  2.72313132e-01 -5.21683049e-01  3.52352092e-17]
6: [ 0.44542852 -0.20200899  0.16062869  0.1164532  -0.19604637 -0.29317356
 -0.31150917 -0.70710678]
7: [ 8.94930356e-02 -2.52186729e-01 -5.95777263e-01  2.82571742e-01
  6.00303883e-01  7.39274381e-02 -3.57442997e-01 -8.50975448e-18]
8: [ 2.59212933e-01 -3.03638930e-01  2.72653710e-01  3.48882942e-01
 -7.14874569e-02  7.86736853e-01  1.43134101e-01  3.11720871e-17]

n = 7
[0 1 0 0 0 0 0 1 1]
[1 0 1 0 0 0 0 0 0]
[0 1 0 1 0 0 0 0 0]
[0 0 1 0 1 0 0 0 0]
[0 0 0 1 0 1 0 0 0]
[0 0 0 0 1 0 1 0 0]
[0 0 0 0 0 1 0 0 0]
[1 0 0 0 0 0 0 0 1]
[1 0 0 0 0 0 0 1 0]

Eigenvalues: 
1: -1.8971199812563178
2: -1.5632686063833314
3: -1.0000000000000004
4: -0.9999999999999999
5: -0.2749568137808028
6: 0.5063836982023345
7: 1.225544048845136
8: 1.7677572633614194
9: 2.235660391011565

Eigenvectors: 
1: [-0.35832483  0.48191781 -0.42640143  0.28355358  0.58574143 -0.11036643
 -0.13960476 -0.04872849 -0.03679306]
2: [ 4.32418959e-01 -3.77348793e-01 -8.69231181e-17  3.66840009e-01
  3.61456753e-01 -5.03062745e-01  1.16881679e-01  3.72378441e-01
 -1.46319309e-17]
3: [-0.46202582  0.10797971  0.42640143 -0.38441874  0.22235312 -0.14437634
  0.3462232   0.50509468  0.03679306]
4: [ 0.12368312 -0.18800909  0.21320072 -0.2224025   0.47403108  0.22358749
 -0.18183451 -0.21604868  0.72286601]
5: [ 0.44409945  0.2085475  -0.42640143 -0.26114146  0.1356493   0.42995292
  0.4951569   0.24663733 -0.03679306]
6: [ 0.27772459  0.46990399  0.42640143  0.13570028  0.04524392 -0.24659265
  0.44015287 -0.49521414  0.03679306]
7: [ 0.12368312 -0.18800909  0.21320072 -0.2224025   0.47403108  0.22358749
 -0.18183451 -0.21604868 -0.68607295]
8: [-0.14639274 -0.30059069 -0.42640143 -0.49353308  0.02023739 -0.48696799
  0.24898943 -0.40407698 -0.03679306]
9: [-3.80484128e-01 -4.33995469e-01 -4.33875755e-16  4.56221364e-01
  8.09126587e-02  3.62097491e-01  5.29094004e-01 -2.02829760e-01
 -5.41974968e-17]

n = 7
[0 1 0 0 0 0 0 0 0]
[1 0 1 0 0 0 0 1 1]
[0 1 0 1 0 0 0 0 0]
[0 0 1 0 1 0 0 0 0]
[0 0 0 1 0 1 0 0 0]
[0 0 0 0 1 0 1 0 0]
[0 0 0 0 0 1 0 0 0]
[0 1 0 0 0 0 0 0 1]
[0 1 0 0 0 0 0 1 0]

Eigenvalues: 
1: -1.9999999999999993
2: -1.5869059842925233
3: -1.0
4: -0.8630670538725091
5: -3.327190744966577e-16
6: 0.35947024214108714
7: 1.0000000000000002
8: 1.6977465488288355
9: 2.3927562471951056

Eigenvectors: 
1: [ 9.49165963e-02  5.70734524e-01 -2.35016934e-01 -5.00000000e-01
  2.88675135e-01 -5.10941028e-01  1.25003660e-01 -5.56965930e-18
  1.13336796e-17]
2: [ 4.80632176e-02  5.14763989e-01  9.70181713e-02 -2.82726445e-16
 -1.92450090e-01  5.34038777e-01  4.22893323e-01 -4.71404521e-01
 -5.44676685e-17]
3: [ 4.44403040e-01 -1.63390125e-01 -3.78636847e-01  1.71745025e-16
  1.92450090e-01  1.50988712e-01 -1.30589279e-01 -2.35702260e-01
  7.07106781e-01]
4: [ 2.00869677e-02  3.03204262e-01  2.69892080e-01  5.00000000e-01
  9.62250449e-02 -3.36528302e-01 -4.89988954e-01 -4.71404521e-01
 -1.42111897e-16]
5: [ 1.79049061e-01  4.54198580e-01 -1.81499766e-01  1.52353107e-17
 -3.84900179e-01  2.76776599e-01 -5.30779863e-01  4.71404521e-01
  2.15150231e-17]
6: [3.33504164e-01 2.00379547e-01 1.69773170e-01 5.00000000e-01
 4.81125224e-01 7.17225874e-02 3.33094953e-01 4.71404521e-01
 1.07644753e-16]
7: [ 4.44403040e-01 -1.63390125e-01 -3.78636847e-01  1.71745025e-16
  1.92450090e-01  1.50988712e-01 -1.30589279e-01 -2.35702260e-01
 -7.07106781e-01]
8: [ 6.18945110e-01 -1.14004896e-01  2.42528168e-01  1.06935275e-16
 -5.77350269e-01 -3.90593602e-01  2.43296583e-01  1.22123432e-17
  3.39960122e-17]
9: [ 2.58674535e-01 -6.71507156e-02  6.74682184e-01 -5.00000000e-01
  2.88675135e-01  2.46135314e-01 -2.81897660e-01  1.22123432e-17
 -3.39960122e-17]

n = 8
[0 1 0 0 0 0 0 0 1 1]
[1 0 1 0 0 0 0 0 0 0]
[0 1 0 1 0 0 0 0 0 0]
[0 0 1 0 1 0 0 0 0 0]
[0 0 0 1 0 1 0 0 0 0]
[0 0 0 0 1 0 1 0 0 0]
[0 0 0 0 0 1 0 1 0 0]
[0 0 0 0 0 0 1 0 0 0]
[1 0 0 0 0 0 0 0 0 1]
[1 0 0 0 0 0 0 0 1 0]

Eigenvalues: 
1: -1.9158244514701421
2: -1.6463447462618357
3: -1.1884976095252557
4: -0.9999999999999999
5: -0.5825385162995459
6: 0.10310540068075076
7: 0.7869587950963416
8: 1.385795121622935
9: 1.8214332120096226
10: 2.2359127941471266

Eigenvectors: 
1: [-3.17701366e-01  4.50467052e-01 -4.30233096e-01  3.28306073e-01
  5.85062253e-01 -1.89249011e-01 -1.31467586e-01  7.66655704e-02
  4.45591621e-02  3.99263314e-18]
2: [ 3.90744755e-01 -4.01179341e-01  1.18154341e-01  2.23659756e-01
  3.61378703e-01 -4.41522074e-01  8.06337563e-02 -2.91199113e-01
  4.53381189e-01  1.01714541e-16]
3: [-4.30896990e-01  2.10012449e-01  2.89806944e-01 -4.58596495e-01
  2.22949012e-01  1.43725701e-01  2.78336588e-01 -4.80207880e-01
  3.12233152e-01  8.00914325e-17]
4: [ 0.10895765 -0.17022236  0.19658833 -0.20745534  0.47338474  0.21100474
 -0.16004659  0.19872094 -0.20915748  0.70710678]
5: [ 4.34778234e-01  5.54264491e-02 -4.62589201e-01  4.34903659e-02
  1.37115846e-01  4.56340970e-01  4.26337749e-01 -3.74270625e-01
 -2.07666564e-01 -1.86696995e-17]
6: [ 3.35501559e-01  4.40557119e-01  1.53604525e-01 -2.95881983e-01
  4.98736804e-02 -4.66308631e-01  4.81116939e-01  3.20980530e-01
 -1.66656825e-01 -1.18141024e-17]
7: [ 0.10895765 -0.17022236  0.19658833 -0.20745534  0.47338474  0.21100474
 -0.16004659  0.19872094 -0.20915748 -0.70710678]
8: [1.25637977e-01 2.57567807e-01 3.72350624e-01 4.47865718e-01
 1.24705837e-02 4.71319095e-01 2.07591045e-01 3.48729600e-01
 4.37768952e-01 7.44963496e-17]
9: [-2.40700308e-01 -4.24045405e-01 -4.42537826e-01 -2.60899031e-01
  2.78831376e-02  4.85955441e-02  3.78113224e-01  4.83267779e-01
  3.44506127e-01 -5.36702158e-17]
10: [-4.02061782e-01 -3.01263492e-01  2.59979215e-01  4.33261682e-01
  8.36300624e-02 -9.66744824e-02  4.98209148e-01 -3.84545262e-02
 -4.75658181e-01  1.68537589e-17]

n = 8
[0 1 0 0 0 0 0 0 0 0]
[1 0 1 0 0 0 0 0 1 1]
[0 1 0 1 0 0 0 0 0 0]
[0 0 1 0 1 0 0 0 0 0]
[0 0 0 1 0 1 0 0 0 0]
[0 0 0 0 1 0 1 0 0 0]
[0 0 0 0 0 1 0 1 0 0]
[0 0 0 0 0 0 1 0 0 0]
[0 1 0 0 0 0 0 0 0 1]
[0 1 0 0 0 0 0 0 1 0]

Eigenvalues: 
1: -2.007268438803522
2: -1.6870007331640782
3: -1.1148259702862569
4: -0.9999999999999999
5: -0.3764245590306148
6: 0.2505168267490123
7: 0.5384650531520959
8: 1.2273330043115138
9: 1.7762312462569023
10: 2.392973570814955

Eigenvectors: 
1: [-6.18529282e-01 -5.56943550e-01  3.81733731e-01  2.76075570e-01
  1.21690953e-01 -1.07281871e-01  1.87246769e-01  1.47957869e-01
 -4.50119538e-02 -1.12753919e-16]
2: [-3.33576575e-01  4.70073504e-01 -1.33571855e-01  2.00949697e-01
  4.54295484e-01  1.46258479e-01 -2.00864378e-01  4.46048684e-01
  3.77430116e-01 -8.91611116e-17]
3: [-1.79710646e-01 -3.86620158e-01 -1.56397915e-01 -5.00099510e-01
 -2.92698930e-01  3.67070750e-01 -2.37566676e-01  9.22237592e-02
  5.08244392e-01  2.30851397e-16]
4: [-0.44403519  0.18519915 -0.14206685 -0.13054293 -0.08841091 -0.13820865
 -0.24983452 -0.32057782 -0.19800008  0.70710678]
5: [-9.64662514e-02  3.05976937e-01  3.97415251e-01  3.56574225e-01
 -3.44116419e-01  5.05744058e-01  1.41349928e-01 -3.96389412e-01
  2.46355001e-01 -1.12753919e-16]
6: [-2.58877891e-02  1.50792434e-01  4.69773820e-01 -4.70934527e-01
  1.85177622e-01  4.37874613e-01 -7.29645432e-02  2.31799166e-01
 -4.99044173e-01  2.32405729e-16]
7: [-1.08182512e-02 -7.51232030e-02 -2.78466874e-01  4.22428737e-01
 -4.91938206e-01  2.46518923e-01 -2.91256057e-01  4.30481355e-01
 -4.06608615e-01 -2.06361800e-16]
8: [-0.44403519  0.18519915 -0.14206685 -0.13054293 -0.08841091 -0.13820865
 -0.24983452 -0.32057782 -0.19800008 -0.70710678]
9: [-5.11305440e-02 -2.27557691e-01 -5.14041906e-01  1.02581304e-01
  4.22232802e-01  5.31247648e-01  2.72977211e-01 -3.05665605e-01
 -2.05884769e-01 -5.78236650e-17]
10: [-2.58477273e-01  2.77463412e-01 -2.26279529e-01 -2.47640060e-01
 -3.23281120e-01 -6.03985944e-02  7.47441886e-01  2.74777106e-01
 -3.66746056e-02  1.12753919e-16]

