Tables using graphs: 
  n    |V|   |E|   deg   alpha   sigma
  2    4     4     3     2       1
  3    5     6     4     2       1
  4    6     9     5     2       1
  5    7     13    6     2       1
  6    8     18    7     2       1
  7    9     24    8     2       1
  8    10    31    9     2       1
  9    11    39    10    2       1
  10   12    48    11    2       1

Table using formulas: 
  n    deg            alpha          sigma
  2    not finished   not finished   not finished
  3    not finished   not finished   not finished
  4    not finished   not finished   not finished
  5    not finished   not finished   not finished
  6    not finished   not finished   not finished
  7    not finished   not finished   not finished
  8    not finished   not finished   not finished
  9    not finished   not finished   not finished
  10   not finished   not finished   not finished

Adjacency matrices: 
n = 6
[0 1 1 1 1 1 1 1]
[1 0 1 1 1 1 0 0]
[1 1 0 1 1 1 0 0]
[1 1 1 0 1 1 0 0]
[1 1 1 1 0 1 0 0]
[1 1 1 1 1 0 0 0]
[1 0 0 0 0 0 0 1]
[1 0 0 0 0 0 1 0]

Eigenvalues: 
1: -1.6428402125112733
2: -1.0000000000000002
3: -1.0
4: -1.0
5: -0.9999999999999999
6: -0.9999999999999996
7: 1.5554341222119492
8: 5.087406090299325

Eigenvectors: 
1: [-0.39765268  0.14750721 -0.14182374  0.86436714  0.26578085  0.12754197
 -0.13872115  0.12670378]
2: [-0.39765268  0.14750721 -0.14182374 -0.23404878 -0.38618417 -0.50007834
 -0.49940996 -0.04915161]
3: [-0.39765268  0.14750721 -0.14182374 -0.23404878 -0.38618417 -0.2913797
  0.23061088 -0.75854278]
4: [-0.1057908   0.31494889  0.62419188  0.17637653  0.0611936  -0.45044554
  0.54260131 -0.29371478]
5: [-0.1057908   0.31494889  0.62419188 -0.17637653 -0.0611936   0.45044554
 -0.54260131  0.29371478]
6: [-0.39765268  0.14750721 -0.14182374 -0.23404878  0.75092783  0.22575556
  0.147653    0.31106507]
7: [-0.39765268  0.14750721 -0.14182374 -0.16222082 -0.24434034  0.4381605
  0.25986724  0.36992554]
8: [-4.32409943e-01 -8.32359602e-01  3.46697468e-01 -3.04574539e-16
 -8.80557856e-17 -5.82409620e-17  4.21509575e-17 -5.59772519e-17]

n = 7
[0 1 1 1 1 1 1 1 1]
[1 0 1 1 1 1 1 0 0]
[1 1 0 1 1 1 1 0 0]
[1 1 1 0 1 1 1 0 0]
[1 1 1 1 0 1 1 0 0]
[1 1 1 1 1 0 1 0 0]
[1 1 1 1 1 1 0 0 0]
[1 0 0 0 0 0 0 0 1]
[1 0 0 0 0 0 0 1 0]

Eigenvalues: 
1: -1.6549108164643744
2: -1.0000000000000007
3: -1.0
4: -0.9999999999999999
5: -0.9999999999999997
6: -0.9999999999999996
7: -0.9999999999999992
8: 1.5955906738074532
9: 6.059320142656922

Eigenvectors: 
1: [-0.37242362  0.10980673 -0.12613405 -0.10387261  0.28023188  0.49509614
 -0.11616988  0.32559149  0.73098991]
2: [-0.37242362  0.10980673 -0.12613405 -0.19882001  0.70422549 -0.44881501
  0.41628692  0.20752799 -0.47634195]
3: [-0.37242362  0.10980673 -0.12613405 -0.19882001 -0.35087302  0.45607677
  0.42981141 -0.11344982 -0.14834962]
4: [-0.07797803 -0.62765765 -0.3161729   0.10634244 -0.16055358 -0.32072245
  0.14109325  0.51382021  0.16740352]
5: [-0.37242362  0.10980673 -0.12613405 -0.19882001 -0.35087302 -0.26123324
 -0.76643641  0.12453875 -0.34818134]
6: [-0.07797803 -0.62765765 -0.3161729  -0.10634244  0.16055358  0.32072245
 -0.14109325 -0.51382021 -0.16740352]
7: [-0.37242362  0.10980673 -0.12613405 -0.19882001 -0.35087302 -0.26616408
  0.03507832 -0.54269406  0.19240016]
8: [-0.37242362  0.10980673 -0.12613405  0.89915264  0.06816171  0.02503942
  0.00142965 -0.00151436  0.04948284]
9: [-3.94515839e-01 -3.73827040e-01  8.39410863e-01 -1.15942360e-16
 -2.91140359e-17 -4.20396372e-17  1.82124757e-17 -2.84668380e-17
 -6.42609456e-17]

n = 8
[0 1 1 1 1 1 1 1 1 1]
[1 0 1 1 1 1 1 1 0 0]
[1 1 0 1 1 1 1 1 0 0]
[1 1 1 0 1 1 1 1 0 0]
[1 1 1 1 0 1 1 1 0 0]
[1 1 1 1 1 0 1 1 0 0]
[1 1 1 1 1 1 0 1 0 0]
[1 1 1 1 1 1 1 0 0 0]
[1 0 0 0 0 0 0 0 0 1]
[1 0 0 0 0 0 0 0 1 0]

Eigenvalues: 
1: -1.6640798868787299
2: -1.0000000000000002
3: -1.0000000000000002
4: -1.0
5: -0.9999999999999999
6: -0.9999999999999998
7: -0.9999999999999992
8: -0.9999999999999989
9: 1.6211638869792575
10: 7.042915999899469

Eigenvectors: 
1: [-0.35034394  0.11023656 -0.08924217 -0.16449833 -0.60013997 -0.35626473
  0.36573805 -0.4062766   0.40359657 -0.20308254]
2: [-0.35034394  0.11023656 -0.08924217  0.65098291  0.60542291 -0.05649385
  0.31183153  0.06406942  0.20117846 -0.11928625]
3: [-0.35034394  0.11023656 -0.08924217 -0.28231347  0.15367115 -0.40293644
 -0.46298255  0.51836772  0.3663078  -0.10798321]
4: [-6.04640715e-02  3.17130797e-01  6.29104247e-01 -1.91211947e-18
 -2.18537720e-17  1.47087494e-17 -1.14843413e-17  5.66046598e-18
 -1.33541164e-17  6.31163369e-01]
5: [-0.35034394  0.11023656 -0.08924217 -0.22815861  0.07536854  0.48925815
  0.20342228  0.52065288  0.08965215 -0.0261751 ]
6: [-6.04640715e-02  3.17130797e-01  6.29104247e-01 -1.91211947e-18
 -2.18537720e-17  1.47087494e-17 -1.14843413e-17  5.66046598e-18
 -1.33541164e-17 -6.31163369e-01]
7: [-0.35034394  0.11023656 -0.08924217 -0.22815861  0.07536854  0.48925815
 -0.6374692  -0.50963781  0.07717443 -0.03582015]
8: [-0.35034394  0.11023656 -0.08924217 -0.28231347  0.15367115 -0.40968161
  0.31321829 -0.17665967 -0.5917946   0.32667945]
9: [-0.35034394  0.11023656 -0.08924217  0.53445958 -0.46336231  0.24686032
 -0.09375839 -0.01051594 -0.54611481  0.1656678 ]
10: [-3.65379305e-01 -8.44861779e-01  3.90776839e-01  3.47132984e-18
  1.27104406e-16  5.55979832e-17 -5.55399055e-17  7.72533407e-17
 -5.82971614e-17  3.39312586e-17]

