Tables using graphs: 
  n    |V|   |E|   deg   alpha   sigma
  2    5     5     3     3       2
  2    5     5     4     3       1
  2    5     5     3     2       1
  3    6     7     4     3       1
  3    6     7     5     3       1
  3    6     7     3     2       1
  4    7     10    5     3       1
  4    7     10    6     3       1
  4    7     10    4     2       1
  5    8     14    6     3       1
  5    8     14    7     3       1
  5    8     14    5     2       1
  6    9     19    7     3       1
  6    9     19    8     3       1
  6    9     19    6     2       1
  7    10    25    8     3       1
  7    10    25    9     3       1
  7    10    25    7     2       1
  8    11    32    9     3       1
  8    11    32    10    3       1
  8    11    32    8     2       1
  9    12    40    10    3       1
  9    12    40    11    3       1
  9    12    40    9     2       1
  10   13    49    11    3       1
  10   13    49    12    3       1
  10   13    49    10    2       1

Table using formulas: 
  n    deg            alpha          sigma
  2    not finished   not finished   not finished
  3    not finished   not finished   not finished
  4    not finished   not finished   not finished
  5    not finished   not finished   not finished
  6    not finished   not finished   not finished
  7    not finished   not finished   not finished
  8    not finished   not finished   not finished
  9    not finished   not finished   not finished
  10   not finished   not finished   not finished

Adjacency matrices: 
n = 6
[0 1 1 1 1 1 1 1 0]
[1 0 1 1 1 1 0 0 0]
[1 1 0 1 1 1 0 0 0]
[1 1 1 0 1 1 0 0 0]
[1 1 1 1 0 1 0 0 0]
[1 1 1 1 1 0 0 0 0]
[1 0 0 0 0 0 0 1 0]
[1 0 0 0 0 0 1 0 1]
[0 0 0 0 0 0 0 1 0]

Eigenvalues: 
1: -1.746485085463561
2: -1.330730272832602
3: -1.0
4: -0.9999999999999997
5: -0.9999999999999997
6: -0.9999999999999996
7: 0.18790296771943316
8: 1.7996141510740846
9: 5.089698239502647

Eigenvectors: 
1: [-0.3971619   0.1311865   0.06459705  0.12795188  0.06714211 -0.65456913
 -0.64821647 -0.19016154  0.09447016]
2: [-0.3971619   0.1311865   0.06459705  0.12795188  0.06714211  0.21763551
  0.22227568 -0.28004969  0.82330924]
3: [-1.10250443e-01 -6.52455964e-01  1.48889141e-01  5.22629446e-01
 -5.16562233e-01 -3.76871060e-16 -3.69793153e-16 -1.10368627e-17
 -3.24090319e-16]
4: [-1.06693372e-01 -5.22954814e-01 -5.18145544e-01  1.21755474e-01
  6.57141983e-01  5.19876839e-16  2.65680764e-16  9.07364181e-17
  1.28825961e-16]
5: [-2.16614891e-02 -3.62553253e-01  7.92372482e-01 -2.99246441e-01
  3.88179516e-01 -5.64728009e-17  9.08228890e-17 -9.76975620e-17
  4.43044756e-16]
6: [-0.3971619   0.1311865   0.06459705  0.12795188  0.06714211 -0.11197739
  0.69653382  0.74532557 -0.34742786]
7: [-0.3971619   0.1311865   0.06459705  0.12795188  0.06714211 -0.15038767
 -0.06957253 -0.51969367 -0.40740654]
8: [-0.3971619   0.1311865   0.06459705  0.12795188  0.06714211  0.69929868
 -0.2010205   0.24457933 -0.162945  ]
9: [-4.32786625e-01 -2.88660919e-01 -2.46250226e-01 -7.35273566e-01
 -3.57916498e-01 -3.55078924e-16 -3.77862200e-17 -5.30632357e-17
 -1.36967468e-16]

n = 6
[0 1 1 1 1 1 1 1 1]
[1 0 1 1 1 1 0 0 0]
[1 1 0 1 1 1 0 0 0]
[1 1 1 0 1 1 0 0 0]
[1 1 1 1 0 1 0 0 0]
[1 1 1 1 1 0 0 0 0]
[1 0 0 0 0 0 0 1 0]
[1 0 0 0 0 0 1 0 0]
[1 0 0 0 0 0 0 0 0]

Eigenvalues: 
1: -1.9999999999999993
2: -1.0000000000000002
3: -1.0000000000000002
4: -1.0000000000000002
5: -1.0
6: -0.9999999999999997
7: 0.23844281816810958
8: 1.6366717620673166
9: 5.124885419764573

Eigenvectors: 
1: [-0.39337522  0.13130643  0.15766447 -0.05618249  0.89260127  0.08163089
  0.09652631 -0.12199091  0.24173904]
2: [-0.39337522  0.13130643  0.15766447 -0.05618249 -0.20743571 -0.48012377
  0.00426812  0.72502584  0.12498528]
3: [-0.1072762   0.26261287 -0.58525117 -0.27750202  0.02133604 -0.31673694
  0.0030786  -0.30126884 -0.0593411 ]
4: [-8.63437937e-02  3.93919299e-01 -2.27665009e-01  8.86307497e-01
 -9.92947945e-17 -1.76679018e-18  5.77343085e-18 -5.47809179e-17
 -2.29508131e-16]
5: [-0.39337522  0.13130643  0.15766447 -0.05618249 -0.20743571 -0.44041484
 -0.83750672  0.05320147  0.14616379]
6: [-0.1072762   0.26261287 -0.58525117 -0.27750202 -0.02133604  0.31673694
 -0.0030786   0.30126884  0.0593411 ]
7: [-0.39337522  0.13130643  0.15766447 -0.05618249 -0.20584619  0.32910818
  0.27386935 -0.15523614 -0.87531691]
8: [-0.39337522  0.13130643  0.15766447 -0.05618249 -0.27188365  0.50979953
  0.46284293 -0.50100026  0.36242879]
9: [-4.42502049e-01 -7.87838597e-01 -3.72612891e-01  2.11333657e-01
  2.08124399e-17 -2.75580108e-17 -4.87036395e-17  8.00051027e-17
 -6.27079566e-17]

n = 6
[0 1 1 1 1 1 0 0 1]
[1 0 1 1 1 1 0 0 0]
[1 1 0 1 1 1 0 0 0]
[1 1 1 0 1 1 0 0 0]
[1 1 1 1 0 1 0 0 0]
[1 1 1 1 1 0 0 0 0]
[0 0 0 0 0 0 0 1 1]
[0 0 0 0 0 0 1 0 1]
[1 0 0 0 0 0 1 1 0]

Eigenvalues: 
1: -1.792409433297936
2: -1.0000000000000007
3: -1.0000000000000007
4: -1.0
5: -1.0
6: -0.9999999999999999
7: -0.3202501384960691
8: 2.074819546293276
9: 5.03784002550073

Eigenvectors: 
1: [ 0.40370806 -0.1155067  -0.13901    -0.06598653  0.80808943  0.62851647
  0.23559033 -0.13020304 -0.18637082]
2: [ 0.40370806 -0.1155067  -0.13901    -0.06598653 -0.10053066 -0.34985575
  0.74150011 -0.32773162 -0.17237817]
3: [ 0.40370806 -0.1155067  -0.13901    -0.06598653 -0.10053066 -0.63364975
 -0.4623361   0.30977056  0.00435158]
4: [ 2.28429053e-02  2.22639167e-01 -3.80777248e-01  5.52194432e-01
  3.24622954e-16  9.05416345e-02 -1.25678236e-01 -4.21192865e-01
 -4.46157968e-01]
5: [ 9.22359972e-02 -6.21699711e-01  5.02721214e-01  5.93509368e-01
 -3.93618175e-16 -2.25561438e-16 -8.64989291e-17 -3.90922228e-17
  9.47426716e-17]
6: [ 2.28429053e-02  2.22639167e-01 -3.80777248e-01  5.52194432e-01
  3.24622954e-16 -9.05416345e-02  1.25678236e-01  4.21192865e-01
  4.46157968e-01]
7: [ 0.40370806 -0.1155067  -0.13901    -0.06598653 -0.03655236  0.20623307
 -0.34914878 -0.38083453  0.66434351]
8: [ 0.40370806 -0.1155067  -0.13901    -0.06598653 -0.57047575  0.14875596
 -0.16560556  0.52899863 -0.3099461 ]
9: [ 4.18984388e-01  6.69062092e-01  6.00557957e-01  1.27035975e-01
 -7.21505423e-18  5.44114791e-17 -4.48447174e-17  7.26449257e-17
 -4.12224926e-17]

n = 7
[0 1 1 1 1 1 1 1 1 0]
[1 0 1 1 1 1 1 0 0 0]
[1 1 0 1 1 1 1 0 0 0]
[1 1 1 0 1 1 1 0 0 0]
[1 1 1 1 0 1 1 0 0 0]
[1 1 1 1 1 0 1 0 0 0]
[1 1 1 1 1 1 0 0 0 0]
[1 0 0 0 0 0 0 0 1 0]
[1 0 0 0 0 0 0 1 0 1]
[0 0 0 0 0 0 0 0 1 0]

Eigenvalues: 
1: -1.7570855565537546
2: -1.3319751055787603
3: -1.0000000000000002
4: -1.0000000000000002
5: -1.0
6: -0.9999999999999998
7: -0.9999999999999993
8: 0.19192189632794457
9: 1.8367859769167343
10: 6.060352788887839

Eigenvectors: 
1: [-0.37225398  0.10041378  0.05228107  0.11021234  0.05595219 -0.43580991
 -0.31065637  0.81134297  0.72750304  0.42939768]
2: [-0.37225398  0.10041378  0.05228107  0.11021234  0.05595219  0.42525245
  0.20364396  0.11045632 -0.46788317  0.1174886 ]
3: [-0.37225398  0.10041378  0.05228107  0.11021234  0.05595219  0.55189272
  0.35352633 -0.23039966  0.05587934 -0.31393569]
4: [-0.37225398  0.10041378  0.05228107  0.11021234  0.05595219 -0.01560694
 -0.18318389  0.04149125 -0.47556366 -0.72896335]
5: [-1.32415860e-02 -3.57085193e-01  7.95210706e-01 -2.95102207e-01
  3.90985224e-01  1.32904585e-17 -6.21531685e-17 -1.53325088e-18
 -4.57712097e-17  1.87495946e-17]
6: [-8.02486825e-02 -6.55889075e-01  1.52618347e-01  5.18519826e-01
 -5.20782584e-01 -6.66985406e-17  1.21226482e-17  2.20717935e-16
  1.78779428e-16  6.96552951e-18]
7: [-7.83731975e-02 -5.30012398e-01 -5.14548444e-01  1.28732695e-01
  6.56972063e-01  1.51579025e-16  1.51572616e-16 -1.17897904e-16
 -1.95294254e-16 -6.48095486e-17]
8: [-0.37225398  0.10041378  0.05228107  0.11021234  0.05595219 -0.56799183
 -0.62389774 -0.42190689  0.14978555  0.40430185]
9: [-0.37225398  0.10041378  0.05228107  0.11021234  0.05595219  0.0422635
  0.56056772 -0.31098398  0.0102789   0.0917109 ]
10: [-3.94720544e-01 -3.17630265e-01 -2.51371460e-01 -7.44714184e-01
 -3.54287849e-01 -1.09894172e-18 -2.06052354e-17  1.12751880e-16
  4.35041139e-17 -2.95283594e-17]

n = 7
[0 1 1 1 1 1 1 1 1 1]
[1 0 1 1 1 1 1 0 0 0]
[1 1 0 1 1 1 1 0 0 0]
[1 1 1 0 1 1 1 0 0 0]
[1 1 1 1 0 1 1 0 0 0]
[1 1 1 1 1 0 1 0 0 0]
[1 1 1 1 1 1 0 0 0 0]
[1 0 0 0 0 0 0 0 1 0]
[1 0 0 0 0 0 0 1 0 0]
[1 0 0 0 0 0 0 0 0 0]

Eigenvalues: 
1: -2.01496088922687
2: -1.0000000000000007
3: -1.0000000000000004
4: -1.0000000000000004
5: -1.0000000000000002
6: -0.9999999999999999
7: -0.9999999999999998
8: 0.24157321268876236
9: 1.6879672735366302
10: 6.085420403001474

Eigenvectors: 
1: [ 0.37008967 -0.1131137  -0.12201185 -0.04492994  0.29173423  0.42736012
  0.62605437  0.18383978 -0.42562376  0.11476925]
2: [ 0.07899109 -0.26318357  0.58739313 -0.28189382  0.3914582  -0.20391846
 -0.32763957 -0.46900274 -0.09134539  0.17762002]
3: [ 0.37008967 -0.1131137  -0.12201185 -0.04492994  0.16158896 -0.10790275
  0.12383326 -0.32915591  0.81545787  0.10289041]
4: [ 0.37008967 -0.1131137  -0.12201185 -0.04492994  0.27321145  0.08273643
 -0.53270963  0.0495926   0.1530488  -0.09768645]
5: [ 6.60107036e-02 -3.93798296e-01  2.39404671e-01  8.85014628e-01
  4.95150986e-17 -1.46179676e-16 -4.51840127e-17  3.51033442e-17
 -1.22772111e-17 -1.07513785e-16]
6: [ 0.37008967 -0.1131137  -0.12201185 -0.04492994  0.04224787 -0.3256244
  0.08267638  0.41646911 -0.08131813  0.65759112]
7: [ 0.07899109 -0.26318357  0.58739313 -0.28189382 -0.3914582   0.20391846
  0.32763957  0.46900274  0.09134539 -0.17762002]
8: [ 0.37008967 -0.1131137  -0.12201185 -0.04492994 -0.0600778  -0.58907814
 -0.29562314  0.14832397 -0.24849288 -0.67936087]
9: [ 0.37008967 -0.1131137  -0.12201185 -0.04492994 -0.70870471  0.51250876
 -0.00423124 -0.46906955 -0.2130719  -0.09820346]
10: [ 4.01702882e-01  7.93488165e-01  4.04107251e-01  2.13795827e-01
 -9.62032938e-18  1.98469563e-17  2.17764192e-17 -3.22829927e-17
 -5.52690072e-17 -3.62371338e-17]

n = 7
[0 1 1 1 1 1 1 0 0 1]
[1 0 1 1 1 1 1 0 0 0]
[1 1 0 1 1 1 1 0 0 0]
[1 1 1 0 1 1 1 0 0 0]
[1 1 1 1 0 1 1 0 0 0]
[1 1 1 1 1 0 1 0 0 0]
[1 1 1 1 1 1 0 0 0 0]
[0 0 0 0 0 0 0 0 1 1]
[0 0 0 0 0 0 0 1 0 1]
[1 0 0 0 0 0 0 1 1 0]

Eigenvalues: 
1: -1.8015533177678094
2: -1.0000000000000009
3: -1.0
4: -1.0
5: -0.9999999999999999
6: -0.9999999999999999
7: -0.9999999999999998
8: -0.30927455120494124
9: 2.084882212442266
10: 6.025945656530487

Eigenvectors: 
1: [-0.37559957  0.04949267  0.09934145 -0.11521016 -0.30435069  0.15636145
 -0.11480582 -0.03592648  0.47964921 -0.62540069]
2: [-6.84690874e-02 -5.97756442e-01  6.21217914e-01  5.02083184e-01
  2.57751830e-16  1.21922713e-16 -5.47199646e-17  5.73893439e-18
 -5.28946669e-18  6.50752763e-17]
3: [-0.37559957  0.04949267  0.09934145 -0.11521016 -0.11109118  0.31997293
  0.71365513  0.14072662 -0.63341624  0.02632452]
4: [-0.37559957  0.04949267  0.09934145 -0.11521016 -0.08010413 -0.21323674
 -0.61458368 -0.68458328 -0.28320195  0.2310194 ]
5: [-0.01362313 -0.55098741 -0.22174053 -0.38348197  0.21906544 -0.40070905
 -0.08651224 -0.02111635 -0.1476273  -0.49998998]
6: [-0.01362313 -0.55098741 -0.22174053 -0.38348197 -0.21906544  0.40070905
  0.08651224  0.02111635  0.1476273   0.49998998]
7: [-0.37559957  0.04949267  0.09934145 -0.11521016 -0.11109118 -0.25891727
 -0.0579591   0.70151732 -0.08613948  0.20298224]
8: [-0.37559957  0.04949267  0.09934145 -0.11521016 -0.24270696 -0.47087379
  0.23529008 -0.13094946  0.48592923  0.08403429]
9: [-0.37559957  0.04949267  0.09934145 -0.11521016  0.84934415  0.46669342
 -0.16159661  0.00921528  0.03717923  0.08104025]
10: [-3.85344749e-01 -1.44276950e-01 -6.75676137e-01  6.11682388e-01
  6.79933096e-17  1.19822417e-17 -9.06339186e-18  1.23228615e-17
 -7.94547786e-17  3.88275234e-17]

n = 8
[0 1 1 1 1 1 1 1 1 1 0]
[1 0 1 1 1 1 1 1 0 0 0]
[1 1 0 1 1 1 1 1 0 0 0]
[1 1 1 0 1 1 1 1 0 0 0]
[1 1 1 1 0 1 1 1 0 0 0]
[1 1 1 1 1 0 1 1 0 0 0]
[1 1 1 1 1 1 0 1 0 0 0]
[1 1 1 1 1 1 1 0 0 0 0]
[1 0 0 0 0 0 0 0 0 1 0]
[1 0 0 0 0 0 0 0 1 0 1]
[0 0 0 0 0 0 0 0 0 1 0]

Eigenvalues: 
1: -1.7652077046094863
2: -1.3328670738515376
3: -1.0000000000000007
4: -1.0000000000000002
5: -1.0000000000000002
6: -1.0
7: -0.9999999999999999
8: -0.9999999999999994
9: 0.1946605254113529
10: 1.8599681618360386
11: 7.043446091213631

Eigenvectors: 
1: [-0.3502746   0.08101017  0.04389596  0.09682769  0.0479556  -0.30302056
 -0.01993931 -0.47065339  0.18138311  0.59904344  0.67301863]
2: [-0.3502746   0.08101017  0.04389596  0.09682769  0.0479556  -0.05865855
  0.23576167  0.2859758  -0.16466715 -0.65077532  0.24314523]
3: [-0.3502746   0.08101017  0.04389596  0.09682769  0.0479556   0.76721681
  0.52950824 -0.06746321 -0.1358674  -0.13469489 -0.11134083]
4: [-6.06578730e-02 -5.33663555e-01 -5.12035124e-01  1.33877388e-01
  6.56826240e-01 -1.68475101e-16  2.58962530e-16  6.74287105e-17
  1.24485044e-16  1.42057462e-16 -2.08495904e-16]
5: [-6.17477916e-02 -6.57212523e-01  1.55157904e-01  5.15565722e-01
 -5.23810005e-01  1.34125489e-16 -2.15605055e-16 -6.80443284e-18
 -1.50548106e-16 -9.26691753e-17  2.52240580e-16]
6: [-8.76670181e-03 -3.53346114e-01  7.97069174e-01 -2.92070854e-01
  3.92994932e-01 -1.37091260e-16  1.66631145e-16 -3.77367085e-18
  1.56095840e-16  1.95379125e-16 -3.94693997e-17]
7: [-0.3502746   0.08101017  0.04389596  0.09682769  0.0479556  -0.16882169
 -0.16869812 -0.04311641  0.80615233 -0.18460159 -0.25708864]
8: [-0.3502746   0.08101017  0.04389596  0.09682769  0.0479556  -0.18354984
 -0.17864428 -0.56517647 -0.3358023  -0.14873267 -0.62170637]
9: [-0.3502746   0.08101017  0.04389596  0.09682769  0.0479556   0.32874173
 -0.71088752  0.44886377 -0.39606467  0.19576807  0.13743559]
10: [-0.3502746   0.08101017  0.04389596  0.09682769  0.0479556  -0.3819079
  0.31289931  0.41156991  0.04486607  0.32399297 -0.06346361]
11: [-3.65492667e-01 -3.35384699e-01 -2.54830931e-01 -7.51887118e-01
 -3.51652063e-01  1.14761898e-16 -1.33939015e-16 -7.37218056e-17
 -5.80549172e-17 -1.34415635e-16  9.40479201e-17]

n = 8
[0 1 1 1 1 1 1 1 1 1 1]
[1 0 1 1 1 1 1 1 0 0 0]
[1 1 0 1 1 1 1 1 0 0 0]
[1 1 1 0 1 1 1 1 0 0 0]
[1 1 1 1 0 1 1 1 0 0 0]
[1 1 1 1 1 0 1 1 0 0 0]
[1 1 1 1 1 1 0 1 0 0 0]
[1 1 1 1 1 1 1 0 0 0 0]
[1 0 0 0 0 0 0 0 0 1 0]
[1 0 0 0 0 0 0 0 1 0 0]
[1 0 0 0 0 0 0 0 0 0 0]

Eigenvalues: 
1: -2.0264376677710234
2: -1.0
3: -0.9999999999999998
4: -0.9999999999999998
5: -0.9999999999999998
6: -0.9999999999999996
7: -0.9999999999999993
8: -0.9999999999999993
9: 0.24366257877004302
10: 1.7206563904569192
11: 7.062118698544059

Eigenvectors: 
1: [ 0.34895758 -0.09941543 -0.09900472 -0.03742176 -0.87078007  0.08628127
 -0.0672921  -0.04117705  0.69981421 -0.58473857  0.00112453]
2: [ 0.34895758 -0.09941543 -0.09900472 -0.03742176  0.05657693 -0.30612289
 -0.04410447 -0.29275465 -0.25303323 -0.15921789  0.14589941]
3: [ 0.34895758 -0.09941543 -0.09900472 -0.03742176  0.05657693 -0.30612289
  0.55991995  0.21782214 -0.011529    0.08523823 -0.28495423]
4: [ 0.34895758 -0.09941543 -0.09900472 -0.03742176  0.05657693 -0.30612289
  0.03411835 -0.13485036  0.01244341  0.08021505  0.71779688]
5: [ 5.24820363e-02 -3.93770696e-01  2.46228832e-01  8.84059748e-01
 -3.44835256e-16 -9.60524369e-17  1.37641228e-17  1.47296415e-18
 -4.74804104e-17  5.18544273e-17 -8.85582706e-19]
6: [ 0.06113941 -0.2636604   0.58790183 -0.28480976  0.00714264  0.03843043
 -0.50631411  0.55523558  0.1333425  -0.22086717  0.07644785]
7: [ 0.34895758 -0.09941543 -0.09900472 -0.03742176  0.10706323 -0.25406762
 -0.39845172 -0.12380958 -0.32008927  0.61224216 -0.60487372]
8: [ 0.06113941 -0.2636604   0.58790183 -0.28480976 -0.00714264 -0.03843043
  0.50631411 -0.55523558 -0.1333425   0.22086717 -0.07644785]
9: [ 0.34895758 -0.09941543 -0.09900472 -0.03742176  0.44559475  0.37868261
  0.00170253 -0.08172495  0.32335791 -0.28710664 -0.03443995]
10: [ 0.34895758 -0.09941543 -0.09900472 -0.03742176  0.14839131  0.70747241
 -0.08589255  0.45649444 -0.45096404  0.25336765  0.05944709]
11: [ 3.70634370e-01  7.97951770e-01  4.23675214e-01  2.15412278e-01
  1.82079765e-16  5.85876697e-17 -5.76277666e-17  1.52090651e-16
 -2.62368379e-16  1.79378540e-16  2.53253237e-17]

n = 8
[0 1 1 1 1 1 1 1 0 0 1]
[1 0 1 1 1 1 1 1 0 0 0]
[1 1 0 1 1 1 1 1 0 0 0]
[1 1 1 0 1 1 1 1 0 0 0]
[1 1 1 1 0 1 1 1 0 0 0]
[1 1 1 1 1 0 1 1 0 0 0]
[1 1 1 1 1 1 0 1 0 0 0]
[1 1 1 1 1 1 1 0 0 0 0]
[0 0 0 0 0 0 0 0 0 1 1]
[0 0 0 0 0 0 0 0 1 0 1]
[1 0 0 0 0 0 0 0 1 1 0]

Eigenvalues: 
1: -1.8085253806308592
2: -1.0000000000000002
3: -1.0
4: -1.0
5: -0.9999999999999999
6: -0.9999999999999998
7: -0.9999999999999996
8: -0.9999999999999984
9: -0.30140540990338716
10: 2.090926919275627
11: 7.019003871258627

Eigenvectors: 
1: [ 0.35217219 -0.08718574 -0.09831915 -0.03954599  0.134588   -0.58940479
  0.21169381 -0.12267587 -0.02892231 -0.15097988 -0.15963931]
2: [ 5.36682653e-02 -6.20929522e-01  5.01498682e-01  6.00054429e-01
 -4.43786905e-17  6.76946834e-17 -4.86743895e-17  2.97179771e-17
  7.50765658e-18 -5.15222532e-17 -3.31282791e-17]
3: [ 0.35217219 -0.08718574 -0.09831915 -0.03954599 -0.74566151  0.13600199
 -0.22732136  0.28712555 -0.21911053 -0.14971977  0.2766847 ]
4: [ 8.91646965e-03  2.21087382e-01 -3.85351619e-01  5.50040904e-01
  3.77700267e-17  4.44878007e-03 -1.17956263e-01 -9.12636514e-02
  4.50797832e-01 -3.06634249e-01  4.70682965e-01]
5: [ 0.35217219 -0.08718574 -0.09831915 -0.03954599  0.3276103  -0.05560028
  0.57840347  0.69425998 -0.18362553  0.71716044 -0.12261399]
6: [ 0.35217219 -0.08718574 -0.09831915 -0.03954599  0.3276103  -0.21969862
 -0.12997001  0.12400297 -0.23404933 -0.43466404  0.43348298]
7: [ 8.91646965e-03  2.21087382e-01 -3.85351619e-01  5.50040904e-01
  3.77700267e-17 -4.44878007e-03  1.17956263e-01  9.12636514e-02
 -4.50797832e-01  3.06634249e-01 -4.70682965e-01]
8: [ 0.35217219 -0.08718574 -0.09831915 -0.03954599  0.3276103   0.64540168
  0.32383478 -0.40765634 -0.14978971 -0.07312211  0.08593426]
9: [ 0.35217219 -0.08718574 -0.09831915 -0.03954599 -0.31776439  0.32686416
 -0.63631167 -0.11878394  0.6327646  -0.11860998 -0.49412609]
10: [ 0.35217219 -0.08718574 -0.09831915 -0.03954599 -0.05399299 -0.24356415
 -0.12032903 -0.45627236  0.18273281  0.20993534 -0.01972255]
11: [ 3.58864823e-01  6.80792038e-01  6.19548823e-01  1.54588150e-01
 -1.01486832e-17  5.71561216e-17 -3.18838093e-17 -1.91893170e-17
 -4.10346945e-18  4.85069674e-17 -6.16712570e-17]

