Tables using graphs: 
  n    |V|   |E|   deg   alpha   sigma
  5    8     8     5     5       1
  5    8     8     3     4       1
  6    9     9     5     6       1
  6    9     9     3     5       1
  7    10    10    5     6       1
  7    10    10    3     5       1
  8    11    11    5     7       1
  8    11    11    3     6       1
  9    12    12    5     7       1
  9    12    12    3     6       1
  10   13    13    5     8       1
  10   13    13    3     7       1

Table using formulas: 
  n    deg            alpha          sigma
  5    not finished   not finished   not finished
  6    not finished   not finished   not finished
  7    not finished   not finished   not finished
  8    not finished   not finished   not finished
  9    not finished   not finished   not finished
  10   not finished   not finished   not finished

Adjacency matrices: 
n = 6
[0 1 0 0 0 1 1 1 1]
[1 0 1 0 0 0 0 0 0]
[0 1 0 1 0 0 0 0 0]
[0 0 1 0 1 0 0 0 0]
[0 0 0 1 0 1 0 0 0]
[1 0 0 0 1 0 0 0 0]
[1 0 0 0 0 0 0 0 0]
[1 0 0 0 0 0 0 0 0]
[1 0 0 0 0 0 0 0 0]

Eigenvalues: 
1: -2.3941701709713294
2: -1.5059711791502255
3: -0.9999999999999997
4: 0.0
5: 0.0
6: 0.0
7: 0.9999999999999999
8: 1.5059711791502262
9: 2.394170170971327

Eigenvectors: 
1: [ 6.27963030e-01 -3.25057584e-01  6.27963030e-01 -3.25057584e-01
 -4.71068641e-17 -4.71068641e-17 -1.17962128e-32 -1.17962128e-32
 -1.17962128e-32]
2: [-0.3582926  -0.07900505  0.3582926   0.07900505  0.5        -0.5
 -0.2773501  -0.2773501  -0.2773501 ]
3: [ 2.29850422e-01  4.44036917e-01  2.29850422e-01  4.44036917e-01
  5.00000000e-01  5.00000000e-01 -4.62223187e-33 -4.62223187e-33
 -4.62223187e-33]
4: [-2.62288386e-01  2.15845820e-01  2.62288386e-01 -2.15845820e-01
  6.80299385e-18 -6.80299385e-18  8.51566732e-01 -1.48433268e-01
 -1.48433268e-01]
5: [-2.62288386e-01  2.15845820e-01  2.62288386e-01 -2.15845820e-01
  6.80299385e-18 -6.80299385e-18 -1.48433268e-01  8.51566732e-01
 -1.48433268e-01]
6: [-2.62288386e-01  2.15845820e-01  2.62288386e-01 -2.15845820e-01
  6.80299385e-18 -6.80299385e-18 -1.48433268e-01 -1.48433268e-01
  8.51566732e-01]
7: [-0.3582926  -0.07900505  0.3582926   0.07900505 -0.5         0.5
 -0.2773501  -0.2773501  -0.2773501 ]
8: [-1.92008425e-01 -5.89701746e-01  1.92008425e-01  5.89701746e-01
 -2.68329058e-17  2.68329058e-17  2.77350098e-01  2.77350098e-01
  2.77350098e-01]
9: [ 2.29850422e-01  4.44036917e-01  2.29850422e-01  4.44036917e-01
 -5.00000000e-01 -5.00000000e-01 -7.70371978e-33 -7.70371978e-33
 -7.70371978e-33]

n = 6
[0 1 0 0 0 1 1 0 0]
[1 0 1 0 0 0 0 0 0]
[0 1 0 1 0 0 0 0 0]
[0 0 1 0 1 0 0 0 0]
[0 0 0 1 0 1 0 0 0]
[1 0 0 0 1 0 0 0 0]
[1 0 0 0 0 0 0 1 1]
[0 0 0 0 0 0 1 0 0]
[0 0 0 0 0 0 1 0 0]

Eigenvalues: 
1: -2.193993277712658
2: -1.5903825263529634
3: -0.9999999999999993
4: -0.8106028110134021
5: 3.493305682840203e-17
6: 0.8106028110134024
7: 0.999999999999999
8: 1.590382526352965
9: 2.193993277712659

Eigenvectors: 
1: [ 5.18378719e-01 -5.18378719e-01 -1.70667516e-01 -1.70667516e-01
  4.49617730e-01  4.49617730e-01  2.18552998e-16  2.18552998e-16
  1.23259516e-32]
2: [ 2.85827558e-01 -2.85827558e-01  3.62595131e-01  3.62595131e-01
 -1.91904605e-01 -1.91904605e-01  5.00000000e-01  5.00000000e-01
  5.73965793e-18]
3: [-4.04221210e-01 -4.04221210e-01  5.12786952e-01 -5.12786952e-01
  2.71394096e-01 -2.71394096e-01 -2.42351044e-16  2.42351044e-16
 -4.04445288e-32]
4: [ 2.85827558e-01 -2.85827558e-01  3.62595131e-01  3.62595131e-01
 -1.91904605e-01 -1.91904605e-01 -5.00000000e-01 -5.00000000e-01
 -7.76764177e-18]
5: [ 1.84239949e-01 -1.84239949e-01 -3.22429946e-01 -3.22429946e-01
 -3.34805273e-01 -3.34805273e-01 -2.61428214e-18  3.61254815e-17
  7.07106781e-01]
6: [-3.66549107e-01 -3.66549107e-01 -1.20680158e-01  1.20680158e-01
 -3.17927746e-01  3.17927746e-01  5.00000000e-01 -5.00000000e-01
 -9.99400147e-19]
7: [ 1.84239949e-01 -1.84239949e-01 -3.22429946e-01 -3.22429946e-01
 -3.34805273e-01 -3.34805273e-01  1.53310236e-16  1.18832324e-16
 -7.07106781e-01]
8: [-2.60554635e-01 -2.60554635e-01 -4.55984803e-01  4.55984803e-01
  4.73486158e-01 -4.73486158e-01  4.64768874e-16 -4.64768874e-16
  1.84889275e-32]
9: [-3.66549107e-01 -3.66549107e-01 -1.20680158e-01  1.20680158e-01
 -3.17927746e-01  3.17927746e-01 -5.00000000e-01  5.00000000e-01
 -3.67917456e-18]

n = 7
[0 1 0 0 0 0 1 1 1 1]
[1 0 1 0 0 0 0 0 0 0]
[0 1 0 1 0 0 0 0 0 0]
[0 0 1 0 1 0 0 0 0 0]
[0 0 0 1 0 1 0 0 0 0]
[0 0 0 0 1 0 1 0 0 0]
[1 0 0 0 0 1 0 0 0 0]
[1 0 0 0 0 0 0 0 0 0]
[1 0 0 0 0 0 0 0 0 0]
[1 0 0 0 0 0 0 0 0 0]

Eigenvalues: 
1: -2.3501729592847083
2: -1.8019377358048363
3: -1.0000000000000004
4: -0.44504186791262895
5: -8.063041415345268e-34
6: 8.552847072295026e-50
7: 0.3264666169365484
8: 1.2469796037174674
9: 1.6410430818112511
10: 2.3826632605369107

Eigenvectors: 
1: [ 6.63918518e-01 -6.31349712e-01 -2.97901611e-01  2.50000000e-01
 -9.67696933e-02  8.52605093e-17  1.11968454e-16 -4.83488736e-17
 -1.25324912e-33 -3.39159353e-50]
2: [ 1.73718575e-01 -2.13738461e-01  3.43626173e-01 -5.00000000e-01
  2.36767355e-01 -4.17906506e-01 -5.21120889e-01  2.31920614e-01
 -3.98513740e-18 -2.96706193e-17]
3: [-5.18536139e-02 -1.54584610e-01  5.36042245e-01  2.50000000e-01
 -3.51530244e-01 -5.21120889e-01  2.31920614e-01 -4.17906506e-01
  2.22955171e-17  3.87122245e-17]
4: [-2.82497726e-01 -2.64976475e-01 -1.81531865e-01 -2.50000000e-01
 -2.96415279e-01  1.96131675e-18  6.84250055e-17  1.76534486e-16
 -8.16496581e-01  9.71084795e-17]
5: [-2.82497726e-01 -2.64976475e-01 -1.81531865e-01 -2.50000000e-01
 -2.96415279e-01  1.23266687e-17  1.35552006e-17  6.23688856e-17
  4.08248290e-01 -7.07106781e-01]
6: [-2.82497726e-01 -2.64976475e-01 -1.81531865e-01 -2.50000000e-01
 -2.96415279e-01  1.23266687e-17  1.35552006e-17  6.23688856e-17
  4.08248290e-01  7.07106781e-01]
7: [-5.18536139e-02 -1.54584610e-01  5.36042245e-01  2.50000000e-01
 -3.51530244e-01  5.21120889e-01 -2.31920614e-01  4.17906506e-01
  5.67973425e-18 -9.59743419e-18]
8: [-3.56415084e-01 -3.54682169e-01  2.78631085e-02  2.50000000e-01
  4.28826881e-01  2.31920614e-01 -4.17906506e-01 -5.21120889e-01
  5.03394713e-17 -1.61586408e-17]
9: [ 1.73718575e-01 -2.13738461e-01  3.43626173e-01 -5.00000000e-01
  2.36767355e-01  4.17906506e-01  5.21120889e-01 -2.31920614e-01
  3.98513740e-18  2.96706193e-17]
10: [-3.56415084e-01 -3.54682169e-01  2.78631085e-02  2.50000000e-01
  4.28826881e-01 -2.31920614e-01  4.17906506e-01  5.21120889e-01
 -7.15264651e-17 -6.26480542e-18]

n = 7
[0 1 0 0 0 0 1 1 0 0]
[1 0 1 0 0 0 0 0 0 0]
[0 1 0 1 0 0 0 0 0 0]
[0 0 1 0 1 0 0 0 0 0]
[0 0 0 1 0 1 0 0 0 0]
[0 0 0 0 1 0 1 0 0 0]
[1 0 0 0 0 1 0 0 0 0]
[1 0 0 0 0 0 0 0 1 1]
[0 0 0 0 0 0 0 1 0 0]
[0 0 0 0 0 0 0 1 0 0]

Eigenvalues: 
1: -2.1226949803702295
2: -1.8019377358048387
3: -1.3416775297261467
4: -0.4450418679126288
5: -0.38588829756254195
6: -2.9051985588974567e-33
7: 1.0000000000000002
8: 1.2469796037174665
9: 1.6673480296782286
10: 2.182912777980689

Eigenvectors: 
1: [ 5.65616680e-01 -5.13923613e-01 -7.57318890e-02 -4.88676464e-01
 -2.15453673e-01  3.53553391e-01  9.20728030e-17  2.70072532e-16
 -2.14337601e-16  3.62255573e-33]
2: [-3.60748559e-01 -3.58066888e-01  3.04948607e-01  1.45223336e-01
  5.06469246e-02  3.53553391e-01  2.31920614e-01  4.17906506e-01
  5.21120889e-01  1.54961171e-17]
3: [ 2.00142474e-01 -2.67705172e-01 -3.33410804e-01  4.32636478e-01
  2.99899723e-01 -2.78380091e-17  4.17906506e-01 -5.21120889e-01
  2.31920614e-01 -1.08652380e-16]
4: [ 2.25719934e-01 -1.85860218e-01  3.78846204e-01  2.63993866e-01
 -2.76205146e-01 -3.53553391e-01  9.55129633e-17 -2.18938199e-16
  4.93576762e-17 -7.07106781e-01]
5: [-6.40928671e-02 -2.26310154e-01  1.42381178e-01 -3.12172690e-01
  4.49390287e-01 -3.53553391e-01 -5.21120889e-01 -2.31920614e-01
  4.17906506e-01  1.50531013e-17]
6: [ 2.25719934e-01 -1.85860218e-01  3.78846204e-01  2.63993866e-01
 -2.76205146e-01 -3.53553391e-01  7.77935750e-17 -1.25606534e-16
  8.06945830e-17  7.07106781e-01]
7: [ 2.00142474e-01 -2.67705172e-01 -3.33410804e-01  4.32636478e-01
  2.99899723e-01 -1.39618359e-17 -4.17906506e-01  5.21120889e-01
 -2.31920614e-01  7.15428502e-18]
8: [-4.79134571e-01 -4.05716645e-01 -5.08289440e-01 -1.01872144e-01
 -4.60530106e-01 -3.53553391e-01 -1.42885068e-16 -8.68145011e-17
 -8.73123356e-17  7.76007390e-34]
9: [-6.40928671e-02 -2.26310154e-01  1.42381178e-01 -3.12172690e-01
  4.49390287e-01 -3.53553391e-01  5.21120889e-01  2.31920614e-01
 -4.17906506e-01 -1.50531013e-17]
10: [-3.60748559e-01 -3.58066888e-01  3.04948607e-01  1.45223336e-01
  5.06469246e-02  3.53553391e-01 -2.31920614e-01 -4.17906506e-01
 -5.21120889e-01 -1.54961171e-17]

n = 8
[0 1 0 0 0 0 0 1 1 1 1]
[1 0 1 0 0 0 0 0 0 0 0]
[0 1 0 1 0 0 0 0 0 0 0]
[0 0 1 0 1 0 0 0 0 0 0]
[0 0 0 1 0 1 0 0 0 0 0]
[0 0 0 0 1 0 1 0 0 0 0]
[0 0 0 0 0 1 0 1 0 0 0]
[1 0 0 0 0 0 1 0 0 0 0]
[1 0 0 0 0 0 0 0 0 0 0]
[1 0 0 0 0 0 0 0 0 0 0]
[1 0 0 0 0 0 0 0 0 0 0]

Eigenvalues: 
1: -2.3760789782885148
2: -1.732050807568878
3: -1.4142135623730954
4: -0.5951879442120858
5: 0.0
6: 0.0
7: 0.0
8: 0.5951879442120861
9: 1.4142135623730951
10: 1.7320508075688767
11: 2.37607897828851

Eigenvectors: 
1: [-6.35033819e-01  2.67261242e-01  6.35033819e-01 -1.59070669e-01
 -2.67261242e-01 -1.59070669e-01 -4.97119471e-17 -4.97119471e-17
 -1.59997613e-32 -1.59997613e-32 -1.59997613e-32]
2: [ 3.53553391e-01  4.74673313e-16  3.53553391e-01 -3.53553391e-01
  3.35880255e-17  3.53553391e-01 -3.53553391e-01  3.53553391e-01
 -2.88675135e-01 -2.88675135e-01 -2.88675135e-01]
3: [ 3.53553391e-01  4.33040783e-16  3.53553391e-01 -3.53553391e-01
  8.90991767e-17  3.53553391e-01  3.53553391e-01 -3.53553391e-01
  2.88675135e-01  2.88675135e-01  2.88675135e-01]
4: [ 0.13363062  0.46291005  0.13363062  0.13363062  0.46291005 -0.13363062
 -0.35355339  0.35355339  0.28867513  0.28867513  0.28867513]
5: [ 2.67261242e-01 -1.54303350e-01  2.67261242e-01  2.67261242e-01
 -1.54303350e-01 -2.67261242e-01 -3.28889419e-17  3.28889419e-17
  6.66666667e-01 -3.33333333e-01 -3.33333333e-01]
6: [ 2.67261242e-01 -1.54303350e-01  2.67261242e-01  2.67261242e-01
 -1.54303350e-01 -2.67261242e-01 -3.28889419e-17  3.28889419e-17
 -3.33333333e-01  6.66666667e-01 -3.33333333e-01]
7: [ 2.67261242e-01 -1.54303350e-01  2.67261242e-01  2.67261242e-01
 -1.54303350e-01 -2.67261242e-01 -3.28889419e-17  3.28889419e-17
 -3.33333333e-01 -3.33333333e-01  6.66666667e-01]
8: [ 0.13363062  0.46291005  0.13363062  0.13363062  0.46291005 -0.13363062
  0.35355339 -0.35355339 -0.28867513 -0.28867513 -0.28867513]
9: [-2.05036960e-01 -2.67261242e-01  2.05036960e-01  3.69501385e-01
  2.67261242e-01  3.69501385e-01  5.00000000e-01  5.00000000e-01
 -8.09078217e-33 -8.09078217e-33 -8.09078217e-33]
10: [-1.12479949e-01 -5.34522484e-01  1.12479949e-01 -4.49036719e-01
  5.34522484e-01 -4.49036719e-01  2.03944147e-17  2.03944147e-17
  2.41172860e-32  2.41172860e-32  2.41172860e-32]
11: [-2.05036960e-01 -2.67261242e-01  2.05036960e-01  3.69501385e-01
  2.67261242e-01  3.69501385e-01 -5.00000000e-01 -5.00000000e-01
 -4.62223187e-33 -4.62223187e-33 -4.62223187e-33]

n = 8
[0 1 0 0 0 0 0 1 1 0 0]
[1 0 1 0 0 0 0 0 0 0 0]
[0 1 0 1 0 0 0 0 0 0 0]
[0 0 1 0 1 0 0 0 0 0 0]
[0 0 0 1 0 1 0 0 0 0 0]
[0 0 0 0 1 0 1 0 0 0 0]
[0 0 0 0 0 1 0 1 0 0 0]
[1 0 0 0 0 0 1 0 0 0 0]
[1 0 0 0 0 0 0 0 0 1 1]
[0 0 0 0 0 0 0 0 1 0 0]
[0 0 0 0 0 0 0 0 1 0 0]

Eigenvalues: 
1: -2.1753277471610732
2: -1.7320508075688783
3: -1.4142135623730947
4: -1.1260325006104939
5: -7.966207864239469e-17
6: -3.222474109984587e-47
7: 6.032243523426216e-17
8: 1.1260325006104943
9: 1.4142135623730945
10: 1.7320508075688772
11: 2.1753277471610746

Eigenvectors: 
1: [-3.53553391e-01  3.53553391e-01 -2.79881561e-16  3.53553391e-01
  3.35270193e-16  3.53553391e-01  3.53553391e-01 -3.53553391e-01
 -4.48132445e-01 -4.18550238e-01  5.28264441e-16]
2: [-1.87672083e-01 -1.87672083e-01  4.71404521e-01 -3.62554625e-01
  4.71404521e-01  3.62554625e-01  1.83455681e-16  1.83455681e-16
  2.09076938e-01 -2.57881451e-01  8.49376673e-17]
3: [-2.56364834e-01 -2.56364834e-01  2.35702260e-01  1.32704203e-01
  2.35702260e-01 -1.32704203e-01  5.00000000e-01  5.00000000e-01
 -2.09076938e-01  2.57881451e-01 -5.81119503e-17]
4: [-2.04124145e-01  2.04124145e-01  4.08248290e-01 -2.04124145e-01
 -4.08248290e-01 -2.04124145e-01 -3.53553391e-01  3.53553391e-01
 -4.48132445e-01 -4.18550238e-01  5.33962232e-16]
5: [-4.08248290e-01  4.08248290e-01 -4.08248290e-01 -4.08248290e-01
  4.08248290e-01 -4.08248290e-01  2.84768857e-17 -2.84768857e-17
  8.22812335e-18  7.68496686e-18 -4.63409714e-33]
6: [-1.87672083e-01 -1.87672083e-01 -2.35702260e-01 -3.62554625e-01
 -2.35702260e-01  3.62554625e-01  5.93968579e-17  5.84415411e-19
 -1.04538469e-01  1.28940726e-01  7.07106781e-01]
7: [-1.87672083e-01 -1.87672083e-01 -2.35702260e-01 -3.62554625e-01
 -2.35702260e-01  3.62554625e-01  5.84415410e-19  5.93968579e-17
 -1.04538469e-01  1.28940726e-01 -7.07106781e-01]
8: [-2.04124145e-01  2.04124145e-01  4.08248290e-01 -2.04124145e-01
 -4.08248290e-01 -2.04124145e-01  3.53553391e-01 -3.53553391e-01
  4.48132445e-01  4.18550238e-01 -5.33962232e-16]
9: [-3.53553391e-01  3.53553391e-01 -5.29681742e-16  3.53553391e-01
  5.71192586e-16  3.53553391e-01 -3.53553391e-01  3.53553391e-01
  4.48132445e-01  4.18550238e-01 -5.28264441e-16]
10: [-2.56364834e-01 -2.56364834e-01  2.35702260e-01  1.32704203e-01
  2.35702260e-01 -1.32704203e-01 -5.00000000e-01 -5.00000000e-01
 -2.09076938e-01  2.57881451e-01 -9.64344031e-17]
11: [-5.12729667e-01 -5.12729667e-01 -2.35702260e-01  2.65408406e-01
 -2.35702260e-01 -2.65408406e-01 -1.92282447e-16 -1.92282447e-16
  2.09076938e-01 -2.57881451e-01  8.49376673e-17]

