Tables using graphs: 
  n    |V|   |E|   deg   alpha   sigma
  4    7     8     4     4       2
  4    7     8     3     3       1
  4    7     8     5     4       1
  4    7     8     4     3       1
  5    8     9     4     4       1
  5    8     9     3     4       1
  5    8     9     5     5       2
  5    8     9     4     4       1
  6    9     10    4     5       1
  6    9     10    3     4       1
  6    9     10    5     5       1
  6    9     10    4     4       1
  7    10    11    4     5       1
  7    10    11    3     5       1
  7    10    11    5     6       1
  7    10    11    4     5       1
  8    11    12    4     6       1
  8    11    12    3     5       1
  8    11    12    5     6       1
  8    11    12    4     5       1
  9    12    13    4     6       1
  9    12    13    3     6       1
  9    12    13    5     7       1
  9    12    13    4     6       1
  10   13    14    4     7       1
  10   13    14    3     6       1
  10   13    14    5     7       1
  10   13    14    4     6       1

Table using formulas: 
  n    deg            alpha          sigma
  4    not finished   not finished   not finished
  5    not finished   not finished   not finished
  6    not finished   not finished   not finished
  7    not finished   not finished   not finished
  8    not finished   not finished   not finished
  9    not finished   not finished   not finished
  10   not finished   not finished   not finished

Adjacency matrices: 
n = 6
[0 1 0 0 0 0 1 1 1]
[1 0 1 0 0 0 0 0 0]
[0 1 0 1 0 0 0 0 0]
[0 0 1 0 1 0 0 0 0]
[0 0 0 1 0 1 0 0 0]
[0 0 0 0 1 0 0 0 0]
[1 0 0 0 0 0 0 1 0]
[1 0 0 0 0 0 1 0 1]
[1 0 0 0 0 0 0 1 0]

Eigenvalues: 
1: -1.9500486665523165
2: -1.5939665436015897
3: -1.3047561364160467
4: -0.7505168961636238
5: -3.1329996047470504e-17
6: 0.13663360782633907
7: 1.0303781495644038
8: 1.722158802884194
9: 2.710117682458639

Eigenvectors: 
1: [-4.91912797e-02  5.71567551e-01  2.92884921e-02  3.31711424e-01
  4.49575787e-01  1.70828331e-01  2.12737305e-01  5.32393276e-01
  9.08524123e-18]
2: [-2.10117676e-02  5.00719603e-01  4.89277683e-01 -2.30797365e-01
 -4.65110090e-01 -3.17330494e-01  3.65591998e-01 -7.41266657e-02
 -1.29988110e-17]
3: [-7.75308309e-03  2.90751121e-01  4.74852541e-01  1.18354669e-01
  2.91794136e-01  2.43210578e-01 -4.87120276e-01 -5.42521469e-01
 -6.70686029e-17]
4: [-0.4020695  -0.09479515  0.12657411  0.2736393  -0.36152044  0.29616707
 -0.06755822  0.12441242 -0.70710678]
5: [-0.4020695  -0.09479515  0.12657411  0.2736393  -0.36152044  0.29616707
 -0.06755822  0.12441242  0.70710678]
6: [-5.10440585e-01 -1.29618665e-01  1.88914275e-01 -1.43873136e-02
  2.47134114e-01 -6.75649521e-01 -3.38350997e-01  2.33869343e-01
  4.33032517e-17]
7: [-1.12302389e-01  4.83610486e-01 -4.59099460e-01 -4.16056056e-01
 -2.51498673e-01  9.44411804e-02 -5.25254940e-01  1.46869480e-01
 -8.40512222e-18]
8: [-2.55161412e-01  2.61286505e-01 -5.02334545e-01  4.79618133e-01
 -4.86953164e-02 -2.94051041e-01  1.81475402e-01 -5.12325969e-01
 -3.33568212e-17]
9: [-5.79215064e-01 -3.36336316e-02 -5.84950782e-02 -5.19222644e-01
  3.29117378e-01  2.89223720e-01  3.89054584e-01 -2.16870425e-01
 -2.07854103e-17]

n = 6
[0 1 0 0 0 0 1 1 0]
[1 0 1 0 0 0 0 0 0]
[0 1 0 1 0 0 0 0 0]
[0 0 1 0 1 0 0 0 0]
[0 0 0 1 0 1 0 0 0]
[0 0 0 0 1 0 0 0 0]
[1 0 0 0 0 0 0 1 1]
[1 0 0 0 0 0 1 0 1]
[0 0 0 0 0 0 1 1 0]

Eigenvalues: 
1: -1.9533272459639817
2: -1.599601258609646
3: -1.0000000000000002
4: -1.0
5: -0.3381724900801179
6: 0.3629526648855459
7: 1.123510312628441
8: 1.7457011376779354
9: 2.658936879461828

Eigenvectors: 
1: [-5.05201939e-01  3.41441604e-01  4.77896141e-01 -3.93647167e-01
 -4.38495671e-01 -2.24583187e-01  4.61492887e-02 -1.00276490e-16
  4.05715024e-17]
2: [ 0.46314561 -0.04006471  0.21661751  0.30517039 -0.30181352 -0.52345499
  0.31132642  0.42477475  0.03721016]
3: [ 0.26183955 -0.25305286  0.52703908 -0.08602487  0.07133017  0.13556673
 -0.11538178 -0.27409344  0.68580415]
4: [-0.26809594  0.31639492  0.39642842  0.50876329  0.39305497  0.24132708
 -0.13218961  0.42477475  0.03721016]
5: [ 3.17155892e-01  4.83720593e-01  4.41607988e-02 -4.03391554e-01
  4.21207400e-01  1.15032149e-01  5.56869408e-01  2.01654679e-16
  4.98780177e-17]
6: [-0.22003624 -0.49640602  0.01934462 -0.15403101 -0.1760733   0.49276369
  0.47479396  0.42477475  0.03721016]
7: [ 0.11264689  0.3103311   0.00727532  0.4554806  -0.48511367  0.43859294
  0.27197895 -0.42477475 -0.03721016]
8: [ 0.26183955 -0.25305286  0.52703908 -0.08602487  0.07133017  0.13556673
 -0.11538178 -0.1506813  -0.72301431]
9: [-0.399473   -0.27735405  0.09807616  0.29044694  0.32895165 -0.36352389
  0.4973336  -0.42477475 -0.03721016]

n = 6
[0 1 0 0 0 0 0 0 0]
[1 0 1 0 0 0 1 1 1]
[0 1 0 1 0 0 0 0 0]
[0 0 1 0 1 0 0 0 0]
[0 0 0 1 0 1 0 0 0]
[0 0 0 0 1 0 0 0 0]
[0 1 0 0 0 0 0 1 0]
[0 1 0 0 0 0 1 0 1]
[0 1 0 0 0 0 0 1 0]

Eigenvalues: 
1: -2.1129880361565627
2: -1.5259009484942807
3: -1.310734082364834
4: -0.503878743464043
5: 4.5644969471495604e-17
6: 0.28380571551046907
7: 0.7255409095376693
8: 1.6085723849190454
9: 2.835582800512535

Eigenvectors: 
1: [ 6.00225498e-01  6.43043938e-01 -2.48244118e-02  1.98200951e-01
  2.84938658e-01  1.71428840e-01  1.56621143e-01 -2.26309322e-01
  2.68588641e-32]
2: [ 1.01759092e-01  2.95503655e-01  5.85286613e-01 -4.66985330e-01
 -1.70144365e-01 -4.22431570e-01  2.45511178e-01  2.72054562e-01
 -1.33536639e-16]
3: [ 4.09836102e-02 -1.80215420e-01  5.93053762e-01  5.36425372e-01
  3.10594172e-01 -2.85286847e-01 -3.76123350e-01 -8.39744164e-02
 -5.09736114e-17]
4: [ 1.44533287e-02  8.52893706e-02  3.68683292e-01 -3.51546653e-01
 -2.36962002e-01  5.66181547e-01 -5.18404055e-01 -2.95886981e-01
 -2.40356057e-31]
5: [ 0.38112793 -0.29037808 -0.11022249 -0.31742514  0.31399871 -0.04870809
 -0.1833998   0.15136448  0.70710678]
6: [ 4.80494291e-01 -2.94785280e-02 -1.52476437e-01  2.86158366e-01
 -6.96507470e-01 -1.46885871e-01 -2.89685204e-01  2.69267426e-01
 -2.29856301e-17]
7: [ 0.38112793 -0.29037808 -0.11022249 -0.31742514  0.31399871 -0.04870809
 -0.1833998   0.15136448 -0.70710678]
8: [ 2.47562719e-01 -4.44180268e-01  3.48422120e-01  1.76147987e-01
 -8.75801537e-02  4.98141135e-01  5.54251753e-01  1.61185056e-01
 -2.14988522e-16]
9: [ 2.11676237e-01 -3.04329190e-01 -1.54325736e-02 -1.29891099e-01
 -2.17388608e-01 -3.40218441e-01  2.15868108e-01 -7.97409317e-01
  5.69534757e-17]

n = 6
[0 1 0 0 0 0 0 0 0]
[1 0 1 0 0 0 1 1 0]
[0 1 0 1 0 0 0 0 0]
[0 0 1 0 1 0 0 0 0]
[0 0 0 1 0 1 0 0 0]
[0 0 0 0 1 0 0 0 0]
[0 1 0 0 0 0 0 1 1]
[0 1 0 0 0 0 1 0 1]
[0 0 0 0 0 0 1 1 0]

Eigenvalues: 
1: -2.1032249838129276
2: -1.5201816792508864
3: -1.0000000000000002
4: -0.7909985900540235
5: -0.4110503490685425
6: 0.4234930993473644
7: 1.0000000000000002
8: 1.651951276280163
9: 2.7500112265588537

Eigenvectors: 
1: [ 5.14581156e-01  6.12804146e-01 -8.67042891e-02  3.92232270e-01
 -2.39287493e-01 -2.29568328e-01 -2.35801020e-01 -1.80973153e-01
  3.09796594e-17]
2: [ 1.44933434e-02  8.39782628e-02 -3.33092488e-01 -3.92232270e-01
 -4.84264203e-01  3.87551083e-01 -4.52019541e-01  3.72708345e-01
  4.96124780e-18]
3: [ 3.65917805e-01  2.70746139e-01  1.87873269e-01 -3.92232270e-01
  2.13254770e-01 -2.50738969e-01  3.32117092e-01  6.20490757e-01
 -1.37235690e-16]
4: [ 0.50313904 -0.28472002  0.15517874 -0.19611614  0.04515596  0.19058439
 -0.06825842 -0.24540366  0.70710678]
5: [ 0.50313904 -0.28472002  0.15517874 -0.19611614  0.04515596  0.19058439
 -0.06825842 -0.24540366 -0.70710678]
6: [ 3.98568571e-02 -1.76625180e-01 -5.50252560e-01 -3.92232270e-01
 -2.05082548e-01 -5.89148056e-01  1.85802790e-01 -2.94811776e-01
  7.55967091e-17]
7: [ 9.51134610e-02  2.87504230e-01 -5.75897931e-01  1.62585300e-16
  3.97413159e-01  5.08060998e-01  3.75645239e-01 -1.39512646e-01
  1.68316063e-17]
8: [ 2.21706229e-01 -4.28060898e-01 -4.01102762e-01  3.92232270e-01
  3.73384278e-01 -1.83196965e-01 -3.40211897e-01  4.05166082e-01
 -6.83760695e-17]
9: [ 1.87119657e-01 -2.91364048e-01 -5.24859845e-02  3.92232270e-01
 -5.65032804e-01  1.51013744e-01  5.73654835e-01  2.28790741e-01
 -3.09796594e-17]

n = 7
[0 1 0 0 0 0 0 1 1 1]
[1 0 1 0 0 0 0 0 0 0]
[0 1 0 1 0 0 0 0 0 0]
[0 0 1 0 1 0 0 0 0 0]
[0 0 0 1 0 1 0 0 0 0]
[0 0 0 0 1 0 1 0 0 0]
[0 0 0 0 0 1 0 0 0 0]
[1 0 0 0 0 0 0 0 1 0]
[1 0 0 0 0 0 0 1 0 1]
[1 0 0 0 0 0 0 0 1 0]

Eigenvalues: 
1: -1.9616680579709056
2: -1.6758034230282246
3: -1.3613807969408294
4: -1.0000000000000002
5: -0.2813771250195468
6: -5.314213446771129e-18
7: 0.5201774876945616
8: 1.2560896879665457
9: 1.7938180632214342
10: 2.710144164076964

Eigenvectors: 
1: [-2.16715738e-02  5.22621248e-01  2.33358474e-01  3.59723058e-01
 -2.76922638e-01  4.71101875e-01  1.82443412e-01 -2.03158134e-16
 -4.58946397e-01 -2.44967637e-18]
2: [-9.25676709e-03  4.22713733e-01  5.07336111e-01 -2.56533988e-01
  1.90731493e-01 -4.36579474e-01 -2.91056102e-01 -4.08248290e-01
 -1.40240273e-01  4.67996026e-18]
3: [-3.41559951e-03  2.35650283e-01  4.03901183e-01 -4.93166264e-01
 -9.72292392e-02  2.60519503e-01  2.13794776e-01  4.08248290e-01
  4.98406801e-01  1.45369337e-18]
4: [-4.02037719e-01 -7.92571021e-02  1.13335566e-01  1.20182751e-01
  2.54577159e-01  3.12584719e-01 -3.62678203e-01 -4.60590135e-16
  1.03638434e-01 -7.07106781e-01]
5: [-5.10399470e-01 -1.07625844e-01  1.63570966e-01  1.99241118e-01
 -1.01474067e-02 -1.49953215e-01  6.40911932e-01 -4.08248290e-01
  2.47856546e-01  1.38985389e-17]
6: [-4.02037719e-01 -7.92571021e-02  1.13335566e-01  1.20182751e-01
  2.54577159e-01  3.12584719e-01 -3.62678203e-01 -4.74522133e-16
  1.03638434e-01  7.07106781e-01]
7: [-4.94763221e-02  5.14773702e-01 -2.14216938e-01  4.43653825e-01
  3.52498801e-01 -3.52894660e-01  4.26811437e-02  4.08248290e-01
  2.69377290e-01  4.17468467e-17]
8: [-1.12416392e-01  4.00789116e-01 -5.02434161e-01 -1.28944326e-01
 -4.14563000e-01  1.20280205e-01 -2.40548702e-01 -4.08248290e-01
  3.83149789e-01 -6.24628692e-18]
9: [-2.55188306e-01  2.04169055e-01 -4.16885431e-01 -5.10727761e-01
  4.60736194e-01  1.51328682e-01  2.84797240e-01  5.30695165e-17
 -3.77186877e-01 -8.40375516e-18]
10: [-5.79180707e-01 -3.45469779e-02 -2.12113295e-02 -1.36724757e-01
 -4.89248475e-01 -3.73877327e-01 -1.47168791e-01  4.08248290e-01
 -2.77018030e-01 -1.02362756e-17]

n = 7
[0 1 0 0 0 0 0 1 1 0]
[1 0 1 0 0 0 0 0 0 0]
[0 1 0 1 0 0 0 0 0 0]
[0 0 1 0 1 0 0 0 0 0]
[0 0 0 1 0 1 0 0 0 0]
[0 0 0 0 1 0 1 0 0 0]
[0 0 0 0 0 1 0 0 0 0]
[1 0 0 0 0 0 0 0 1 1]
[1 0 0 0 0 0 0 1 0 1]
[0 0 0 0 0 0 0 1 1 0]

Eigenvalues: 
1: -1.9639024738923194
2: -1.6863457030215934
3: -1.1926659649635696
4: -1.0
5: -0.6035297380209514
6: 1.1329316864043997e-16
7: 0.6628411149556591
8: 1.3158455436887604
9: 1.808796346984308
10: 2.6589608742697064

Eigenvectors: 
1: [ 8.76948547e-03  4.02642497e-01 -4.97989836e-01 -3.00060227e-01
 -1.25837178e-16  1.82711856e-01 -4.41888643e-01  2.56487716e-01
 -4.53141210e-01 -9.38591964e-16]
2: [ 3.29808744e-03  2.22602449e-01 -3.78456148e-01 -4.52688012e-01
  4.47213595e-01 -9.30350965e-02  2.62039179e-01 -4.24979417e-01
  3.79939751e-01  9.59251804e-16]
3: [ 5.26999253e-01 -9.79738053e-02 -1.28912965e-01  1.01993355e-01
 -1.31468804e-16  2.45660036e-01  2.40126907e-01 -1.41741726e-01
 -2.18062427e-01  7.07106781e-01]
4: [ 3.96394891e-01 -1.08330388e-01 -1.95939356e-01  3.07746011e-01
  4.47213595e-01 -2.50175392e-01 -2.84789657e-01  4.69709170e-01
  3.65672256e-01  3.62761975e-16]
5: [ 5.26999253e-01 -9.79738053e-02 -1.28912965e-01  1.01993355e-01
 -9.31422577e-17  2.45660036e-01  2.40126907e-01 -1.41741726e-01
 -2.18062427e-01 -7.07106781e-01]
6: [ 2.00196313e-02  5.05695828e-01 -2.76821558e-01  2.53795757e-01
 -4.47213595e-01 -2.65793170e-01  4.83137836e-01  2.70181453e-01
  1.60506347e-01  2.32475943e-16]
7: [ 4.44619309e-02  5.12058270e-01  1.33735422e-01  4.68286489e-01
 -3.72262693e-16  3.39280008e-01 -3.72848770e-01 -4.19550258e-01
  2.61710752e-01  5.46706821e-16]
8: [ 9.82029034e-02  4.20513300e-01  4.52796717e-01  5.66037817e-02
  4.47213595e-01 -4.00519677e-01  1.45614086e-01 -1.69703958e-02
 -4.72639854e-01 -7.22736447e-16]
9: [ 2.16655747e-01  2.48564651e-01  4.62075121e-01 -4.30767176e-01
  1.01010849e-16  4.47301576e-01  1.27293082e-01  4.29792397e-01
  3.01990715e-01  3.10659784e-16]
10: [ 4.77876251e-01  2.90895325e-02  1.55222771e-01 -3.42133977e-01
 -4.47213595e-01 -4.77936995e-01 -3.60274228e-01 -2.42422097e-01
  1.12465806e-01  2.86324895e-16]

n = 7
[0 1 0 0 0 0 0 0 0 0]
[1 0 1 0 0 0 0 1 1 1]
[0 1 0 1 0 0 0 0 0 0]
[0 0 1 0 1 0 0 0 0 0]
[0 0 0 1 0 1 0 0 0 0]
[0 0 0 0 1 0 1 0 0 0]
[0 0 0 0 0 1 0 0 0 0]
[0 1 0 0 0 0 0 0 1 0]
[0 1 0 0 0 0 0 1 0 1]
[0 1 0 0 0 0 0 0 1 0]

Eigenvalues: 
1: (-2.1179247005142967+0j)
2: (-1.6475604488927338+0j)
3: (-1.3494311913194654+0j)
4: (-0.8659641616253072+0j)
5: (5.3505831527641326e-17+0j)
6: (5.3505831527641326e-17+0j)
7: (0.3883834035007018+0j)
8: (1.0340521987578621+0j)
9: (1.7227759164934249+0j)
10: (2.8356689835998212+0j)

Eigenvectors: 
1: [-0.04198367+0.j         -0.57246836+0.j          0.032449  +0.j
 -0.24597612+0.j          0.20120625+0.j          0.12186685+0.j
 -0.53662304+0.j         -0.12514144+0.j          0.03428495+0.16589691j
  0.03428495-0.16589691j]
2: [-0.00596273+0.j         -0.29089477+0.j          0.46848324+0.j
  0.2896705 +0.j          0.05772491+0.j         -0.48726065+0.j
 -0.31299912+0.j         -0.1524322 +0.j         -0.03428495-0.16589691j
 -0.03428495+0.16589691j]
3: [-0.3810528 +0.j  0.08889376+0.j  0.14158011+0.j -0.20436452+0.j
  0.28473167+0.j -0.02546024+0.j  0.22881777+0.j -0.38859871+0.j
 -0.66528604+0.j -0.66528604+0.j]
4: [-1.69083183e-02+0.j -5.01146510e-01+0.j  4.84436124e-01+0.j
  1.12503215e-01+0.j -1.22257022e-01+0.j  4.21950258e-01+0.j
  5.15684973e-01+0.j  2.05696772e-01+0.j -7.06685773e-18+0.j
 -7.06685773e-18+0.j]
5: [-4.80397343e-01+0.j  1.21541969e-01+0.j  2.11185060e-01+0.j
 -3.51560554e-01+0.j  3.00350260e-02+0.j -2.15411258e-01+0.j
 -1.24535760e-01+0.j  7.23490651e-01+0.j -3.42888922e-17+0.j
 -3.42888922e-17+0.j]
6: [-0.3810528 +0.j  0.08889376+0.j  0.14158011+0.j -0.20436452+0.j
  0.28473167+0.j -0.02546024+0.j  0.22881777+0.j -0.38859871+0.j
  0.66528604+0.j  0.66528604+0.j]
7: [-1.02143465e-01+0.j -4.85088201e-01+0.j -4.50882165e-01+0.j
 -2.08036258e-01+0.j -3.03882670e-01+0.j -5.27482579e-01+0.j
  3.68433930e-01+0.j -3.68270162e-02+0.j -1.19510774e-16+0.j
 -1.19510774e-16+0.j]
8: [-0.24766139+0.j         -0.26322991+0.j         -0.49868469+0.j
  0.16517829+0.j          0.44239436+0.j          0.33491416+0.j
 -0.07039413+0.j          0.17483696+0.j         -0.03428495-0.16589691j
 -0.03428495+0.16589691j]
9: [-6.00142252e-01+0.j  3.16020584e-02+0.j -6.47838390e-02+0.j
  2.72188765e-01+0.j -6.33075273e-01+0.j  2.37458916e-01+0.j
 -2.52455350e-01+0.j -1.99103430e-01+0.j -8.24699679e-18+0.j
 -8.24699679e-18+0.j]
10: [-0.21164045+0.j          0.01834368+0.j         -0.06265045+0.j
  0.70082491+0.j          0.29891302+0.j         -0.27421333+0.j
  0.15322979+0.j          0.14754619+0.j          0.03428495+0.16589691j
  0.03428495-0.16589691j]

n = 7
[0 1 0 0 0 0 0 0 0 0]
[1 0 1 0 0 0 0 1 1 0]
[0 1 0 1 0 0 0 0 0 0]
[0 0 1 0 1 0 0 0 0 0]
[0 0 0 1 0 1 0 0 0 0]
[0 0 0 0 1 0 1 0 0 0]
[0 0 0 0 0 1 0 0 0 0]
[0 1 0 0 0 0 0 0 1 1]
[0 1 0 0 0 0 0 1 0 1]
[0 0 0 0 0 0 0 1 1 0]

Eigenvalues: 
1: -2.108071846246397
2: -1.6522387393087488
3: -1.0
4: -0.9999999999999998
5: -0.5964515359153182
6: 7.155926816387713e-17
7: 0.6787208247888341
8: 1.1809069090485358
9: 1.7470326144312531
10: 2.750101773201845

Eigenvectors: 
1: [-5.14522849e-01 -6.03403852e-01  2.43481483e-01  5.03716400e-02
 -2.87965518e-01  3.65273518e-01 -3.11200074e-16  3.04960019e-01
 -7.88737554e-17 -3.56862513e-17]
2: [-0.22184648  0.42690505  0.08283098  0.31244113 -0.47693813 -0.0667149
  0.5        -0.01779729  0.39618765  0.31818697]
3: [-5.03025713e-01  2.79439333e-01 -1.68877966e-01 -1.26636458e-01
  1.90364411e-01 -1.11772842e-01  9.81159816e-17  1.73596973e-01
 -4.59526804e-01  3.11631384e-01]
4: [-3.65823344e-01 -2.65113671e-01  2.04423201e-01 -1.44973204e-01
  3.22403755e-01 -3.29363231e-01  3.48571495e-17 -5.82099172e-01
  3.96187650e-01  3.18186966e-01]
5: [-5.03025713e-01  2.79439333e-01 -1.68877966e-01 -1.26636458e-01
  1.90364411e-01 -1.11772842e-01  2.52575956e-17  1.73596973e-01
  6.33391540e-02 -6.29818350e-01]
6: [-0.00624731  0.0575581   0.31538269  0.26955827  0.38497574  0.39295737
  0.5        -0.30013353 -0.39618765 -0.31818697]
7: [-1.71807512e-02 -1.21336613e-01 -5.21087501e-01  4.70927092e-01
  4.54620506e-01  2.66708351e-01  1.54595835e-16  1.79015107e-01
  3.96187650e-01  3.18186966e-01]
8: [-4.10014997e-02  1.98228196e-01  5.45578264e-01  5.53166717e-01
  1.51888761e-01 -2.11936859e-01 -5.00000000e-01  1.93359698e-01
  2.64723170e-16  1.46332376e-16]
9: [-9.55775459e-02 -2.96542667e-01 -3.80338042e-01  4.95473204e-01
 -2.75254019e-01 -4.10554311e-01  3.31105170e-16 -2.94344796e-01
 -3.96187650e-01 -3.18186966e-01]
10: [-1.87092294e-01  2.86234956e-01 -1.47364589e-01  2.88326844e-02
 -2.43851159e-01  5.38179329e-01 -5.00000000e-01 -5.11290524e-01
  7.88737554e-17  3.56862513e-17]

n = 8
[0 1 0 0 0 0 0 0 1 1 1]
[1 0 1 0 0 0 0 0 0 0 0]
[0 1 0 1 0 0 0 0 0 0 0]
[0 0 1 0 1 0 0 0 0 0 0]
[0 0 0 1 0 1 0 0 0 0 0]
[0 0 0 0 1 0 1 0 0 0 0]
[0 0 0 0 0 1 0 1 0 0 0]
[0 0 0 0 0 0 1 0 0 0 0]
[1 0 0 0 0 0 0 0 0 1 0]
[1 0 0 0 0 0 0 0 1 0 1]
[1 0 0 0 0 0 0 0 0 1 0]

Eigenvalues: 
1: -1.9696690747262782
2: -1.738339844099558
3: -1.4142135623730956
4: -1.162713957447956
5: -0.5921040307549545
6: -7.702092955295405e-18
7: 0.10549838004850175
8: 0.805772407051904
9: 1.4142135623730954
10: 1.8414068156266516
11: 2.7101493043016927

Eigenvectors: 
1: [ 9.54860589e-03 -4.66878977e-01 -1.54904438e-01  4.71533463e-01
 -2.91338831e-01  2.35191375e-01 -4.59519075e-01 -1.16236259e-01
 -3.46206394e-01 -2.25550083e-01  6.44332229e-17]
2: [ 4.07856859e-03 -3.59595809e-01  3.55878958e-01 -5.03059167e-02
 -2.65629029e-01 -1.60872961e-01  3.95088672e-01  3.84052519e-01
 -4.89609778e-01  3.18975986e-01  7.14792501e-17]
3: [ 5.10390056e-01  9.08013639e-02 -1.75265637e-01 -2.07135697e-01
 -2.69474604e-01 -7.47958447e-03 -9.88171418e-02 -5.08058420e-01
 -1.43403384e-01  5.44526069e-01 -1.04925408e-17]
4: [ 1.50492395e-03 -1.95283197e-01  4.41661882e-01 -4.76840656e-01
  4.48618850e-01  8.16751214e-02 -2.27279305e-01 -3.30306965e-01
 -3.46206394e-01 -2.25550083e-01  3.84890917e-17]
5: [ 2.17995790e-02 -5.00118322e-01 -4.80696679e-01  1.00051933e-01
  4.38131925e-01 -3.02376216e-01  4.03711646e-01 -2.48902999e-01
 -7.60165551e-17  6.75403299e-17 -2.16652237e-31]
6: [ 0.40203042  0.06716384 -0.11279955 -0.10875723 -0.07807225  0.2391197
  0.27883738  0.09873352 -0.10140151 -0.38503808  0.70710678]
7: [ 4.95315080e-02 -4.54042309e-01 -2.32427683e-01 -4.60978146e-01
  3.19191519e-02  3.60389707e-01 -2.42268964e-01  4.05639249e-01
  3.46206394e-01  2.25550083e-01 -4.56031454e-17]
8: [ 1.12438203e-01 -3.35958281e-01  2.93412866e-01 -1.48684381e-01
 -4.57031384e-01 -4.07472245e-01  1.74341473e-02 -2.22739418e-01
  4.89609778e-01 -3.18975986e-01 -8.99991553e-17]
9: [ 0.40203042  0.06716384 -0.11279955 -0.10875723 -0.07807225  0.2391197
  0.27883738  0.09873352 -0.10140151 -0.38503808 -0.70710678]
10: [ 2.55192810e-01 -1.64593559e-01  4.68851674e-01  4.45292185e-01
  2.38690973e-01  4.42195773e-01  2.11962491e-01 -1.46657019e-01
  3.46206394e-01  2.25550083e-01 -6.94688168e-17]
11: [ 5.79172412e-01  3.28745800e-02  8.43748760e-02  1.95661985e-01
  3.15701497e-01 -4.63507094e-01 -3.85896991e-01  3.93259581e-01
 -1.99764528e-18 -9.92597285e-17 -1.33913986e-31]

n = 8
[0 1 0 0 0 0 0 0 1 1 0]
[1 0 1 0 0 0 0 0 0 0 0]
[0 1 0 1 0 0 0 0 0 0 0]
[0 0 1 0 1 0 0 0 0 0 0]
[0 0 0 1 0 1 0 0 0 0 0]
[0 0 0 0 1 0 1 0 0 0 0]
[0 0 0 0 0 1 0 1 0 0 0]
[0 0 0 0 0 0 1 0 0 0 0]
[1 0 0 0 0 0 0 0 0 1 1]
[1 0 0 0 0 0 0 0 1 0 1]
[0 0 0 0 0 0 0 0 1 1 0]

Eigenvalues: 
1: -1.9712572346662736
2: -1.7481738102888713
3: -1.3393316997829687
4: -0.9999999999999998
5: -0.8212751506665854
6: -0.279091383729581
7: 0.2929844901582572
8: 0.9010233652753
9: 1.4546788289583177
10: 1.8514767888762123
11: 2.6589658058661954

Eigenvectors: 
1: [ 9.07654454e-03  4.51201843e-01 -3.65619343e-01  7.76267501e-02
 -3.97243587e-01  2.26530297e-01 -4.61218794e-01  3.83122342e-01
 -2.67218453e-01 -1.28846602e-01 -2.66672311e-17]
2: [ 3.97591884e-03  3.44069743e-01 -4.76537270e-01 -3.71729750e-01
  1.27314910e-01 -1.54737322e-01  3.92143398e-01  1.15958374e-01
  4.50856520e-01 -3.25088159e-01  7.55680238e-17]
3: [ 0.52698959 -0.08395745 -0.11942829  0.11205925  0.05383033  0.23212366
  0.22839042 -0.06415429 -0.21508489 -0.17057011 -0.70710678]
4: [ 3.96386885e-01 -9.06924164e-02 -1.64198844e-01  2.48737712e-01
  3.67461944e-01 -2.35508242e-01 -2.61290290e-01  4.59736836e-01
  3.21182412e-01  4.15378725e-01 -4.17072268e-17]
5: [ 0.52698959 -0.08395745 -0.11942829  0.11205925  0.05383033  0.23212366
  0.22839042 -0.06415429 -0.21508489 -0.17057011  0.70710678]
6: [ 1.49528769e-03  1.85835299e-01 -3.27589335e-01 -4.12563940e-01
  4.34544881e-01  7.84967681e-02 -2.24316024e-01 -4.15485325e-01
 -3.36627977e-01  3.95833429e-01 -2.04298038e-16]
7: [ 2.01583027e-02  4.91319997e-01 -5.53214478e-02  4.41673266e-01
 -2.43701120e-01 -2.91812165e-01  4.14147219e-01 -2.22884519e-01
 -9.29623755e-02  4.30906672e-01 -1.44487310e-16]
8: [ 4.45236931e-02  4.58465728e-01  2.85144404e-01  3.20331182e-01
  3.25842938e-01  3.48706545e-01 -2.62782528e-01 -3.20917193e-01
  3.91725909e-01 -2.25046340e-01  2.34414772e-17]
9: [ 9.82286749e-02  3.57518656e-01  4.70114976e-01 -1.53047386e-01
  3.39168047e-01 -3.95578134e-01  4.52423138e-02  3.12449742e-01
 -4.31688552e-01 -2.46081705e-01 -6.38429226e-17]
10: [ 2.16662995e-01  2.03471765e-01  3.98721898e-01 -4.58230453e-01
 -2.26471961e-01  4.31079714e-01  1.83691100e-01  2.33715162e-01
  1.86448253e-01  4.27147129e-01 -1.60941077e-16]
11: [ 4.77870819e-01  1.92045948e-02  1.09897328e-01 -2.59828959e-01
 -4.05520819e-01 -4.54190871e-01 -3.66366283e-01 -3.77677631e-01
  1.81972496e-01 -1.04723618e-01  5.96665039e-17]

n = 8
[0 1 0 0 0 0 0 0 0 0 0]
[1 0 1 0 0 0 0 0 1 1 1]
[0 1 0 1 0 0 0 0 0 0 0]
[0 0 1 0 1 0 0 0 0 0 0]
[0 0 0 1 0 1 0 0 0 0 0]
[0 0 0 0 1 0 1 0 0 0 0]
[0 0 0 0 0 1 0 1 0 0 0]
[0 0 0 0 0 0 1 0 0 0 0]
[0 1 0 0 0 0 0 0 0 1 0]
[0 1 0 0 0 0 0 0 1 0 1]
[0 1 0 0 0 0 0 0 0 1 0]

Eigenvalues: 
1: -2.1202218814189115
2: -1.7348290813723806
3: -1.3745973551806137
4: -1.1089707685044716
5: -0.3777626552878403
6: 1.2824561801948004e-17
7: 0.25851758227967514
8: 0.5712849969277574
9: 1.2564615337202178
10: 1.7944339726332428
11: 2.835683656203328

Eigenvectors: 
1: [-6.00123708e-01 -6.26869353e-01 -3.19839376e-02 -2.54972104e-01
  1.21259426e-01  2.74830880e-01 -2.20220153e-02 -1.19757338e-01
 -1.96228322e-01  1.93091688e-01 -3.68278298e-32]
2: [-1.02208148e-01 -3.06883084e-01  4.02405561e-01  2.70273709e-01
  1.73366440e-01 -4.78026542e-01 -5.00988305e-01  2.92251889e-01
 -5.43076701e-02 -2.49966168e-01 -2.52460413e-17]
3: [-4.21535981e-02  2.10257060e-01  5.15662094e-01 -4.60058452e-01
 -2.39729279e-02  3.46888410e-01 -2.13216002e-01  3.46219652e-01
  4.07523016e-01  1.55381719e-01 -2.04597267e-17]
4: [-1.73261209e-02 -1.38908536e-01  5.22916018e-01  5.27849073e-01
 -1.40413317e-01  9.33374359e-02  2.33090600e-01 -4.23040744e-01
  2.87119455e-01  2.90135074e-01  8.63173727e-32]
5: [-2.46071160e-03 -3.97410560e-02  2.35548469e-01  2.62659576e-01
 -1.57853280e-01  4.06139558e-01  4.02786206e-01  4.93459729e-01
 -4.26225055e-01 -3.10913865e-01  8.62865515e-18]
6: [-0.38103723  0.28141758 -0.07326024  0.18557348  0.4111386   0.03888491
  0.11794757  0.04012151  0.18422828 -0.12570516  0.70710678]
7: [-4.80377339e-01  3.02016511e-02 -9.94767276e-02 -6.69661727e-02
 -6.86409457e-01 -3.17953113e-01  1.70218595e-01  1.04600931e-01
  3.01475176e-01 -2.25588683e-01  9.54257914e-18]
8: [-0.38103723  0.28141758 -0.07326024  0.18557348  0.4111386   0.03888491
  0.11794757  0.04012151  0.18422828 -0.12570516 -0.70710678]
9: [-6.97779966e-03  8.42598565e-02  4.22676175e-01 -4.55669471e-01
  2.16984701e-01 -4.50396898e-01  5.06085375e-01 -1.86410657e-01
 -2.43495979e-01 -8.03767006e-02  5.87885284e-18]
10: [-2.47676378e-01  4.40403169e-01  2.06428115e-01 -8.82023785e-03
 -2.14336122e-01  1.83229052e-01 -4.16256532e-01 -4.56621502e-01
 -4.38548173e-01 -2.20002368e-01 -2.98250255e-18]
11: [-2.11632813e-01  2.95662147e-01 -1.78239702e-02  1.46972463e-01
 -8.82145057e-02 -2.47825179e-01 -1.75270111e-02  3.17017408e-01
 -3.43485866e-01  7.46918976e-01 -1.29759097e-17]

n = 8
[0 1 0 0 0 0 0 0 0 0 0]
[1 0 1 0 0 0 0 0 1 1 0]
[0 1 0 1 0 0 0 0 0 0 0]
[0 0 1 0 1 0 0 0 0 0 0]
[0 0 0 1 0 1 0 0 0 0 0]
[0 0 0 0 1 0 1 0 0 0 0]
[0 0 0 0 0 1 0 1 0 0 0]
[0 0 0 0 0 0 1 0 0 0 0]
[0 1 0 0 0 0 0 0 0 1 1]
[0 1 0 0 0 0 0 0 1 0 1]
[0 0 0 0 0 0 0 0 1 1 0]

Eigenvalues: 
1: -2.1103848082771988
2: -1.739174449608795
3: -1.2018772747718136
4: -1.0
5: -0.7029001077225218
6: -0.3351800451137657
7: 0.3389312814947559
8: 0.8522434658866517
9: 1.3389263843244796
10: 1.8092969512832735
11: 2.750118602504937

Eigenvectors: 
1: [-1.76800422e-02  5.03841576e-01  2.81432937e-01 -9.64748216e-02
  3.96258589e-01  1.38591017e-01 -5.27744892e-01  3.87548168e-01
  1.47518046e-01  1.74988647e-01  1.26372400e-16]
2: [-7.40836272e-03  4.00957463e-01  4.75345832e-01  3.00422806e-01
 -1.51734888e-01 -8.46855087e-02  4.53315477e-01  1.46338960e-01
  2.04949609e-01 -4.73139769e-01 -2.70189270e-16]
3: [-0.50300018 -0.10512818  0.16951256 -0.1559229  -0.02559903 -0.27621589
 -0.1514422   0.03653735 -0.22063678 -0.18163587  0.70710678]
4: [-3.65802534e-01 -1.16208875e-01  2.53206699e-01 -3.65911631e-01
 -1.51057358e-01  2.61768272e-01  1.74154127e-01 -2.18016239e-01
  6.27789862e-01  3.02253609e-01 -6.32799241e-17]
5: [-0.50300018 -0.10512818  0.16951256 -0.1559229  -0.02559903 -0.27621589
 -0.1514422   0.03653735 -0.22063678 -0.18163587 -0.70710678]
6: [-2.69383390e-03  2.21609539e-01  3.55020140e-01  3.52508195e-01
 -4.47686289e-01  4.01279939e-02 -2.60649802e-01 -4.36598067e-01
 -2.91577148e-01  3.93667289e-01  2.39629544e-16]
7: [-4.12138503e-02  5.10641565e-01 -9.85278480e-02 -3.82642842e-01
  2.86039319e-01 -2.07794868e-01  4.64524956e-01 -2.76237372e-01
 -3.08640060e-01  2.62824891e-01  8.28846733e-17]
8: [-9.56629342e-02  4.20060651e-01 -4.13354472e-01 -2.29630040e-01
 -2.99310916e-01  2.99936117e-01 -2.80145042e-01 -2.94958913e-01
  6.94250849e-02 -4.90871910e-01 -1.87292414e-16]
9: [-2.21870565e-01  2.49372889e-01 -4.54923360e-01  1.86942141e-01
 -3.87485151e-01 -4.25185755e-01  2.26961436e-02  3.75101714e-01
  2.59841160e-01  3.27142903e-01 -7.72630455e-17]
10: [-5.14507433e-01  3.11289580e-02 -1.95754418e-01  3.88950258e-01
  1.67980077e-01  5.97369442e-01  2.40672489e-01  1.69232303e-01
 -2.52067464e-01  9.76862898e-02  9.46704381e-17]
11: [-1.87085543e-01  1.72050022e-02 -1.46202525e-01  4.56383972e-01
  4.95616918e-01 -2.83061857e-01 -1.38383179e-01 -5.04899698e-01
  3.58610650e-01 -8.12780904e-02 -9.46704381e-17]

