Tables using graphs: 
  n    |V|   |E|   deg   alpha   sigma
  5    8     10    5     4       1
  5    8     10    4     3       1
  6    9     11    5     5       1
  6    9     11    4     4       1
  7    10    12    5     5       1
  7    10    12    4     4       1
  8    11    13    5     6       1
  8    11    13    4     5       1
  9    12    14    5     6       1
  9    12    14    4     5       1
  10   13    15    5     7       1
  10   13    15    4     6       1

Table using formulas: 
  n    deg            alpha          sigma
  5    not finished   not finished   not finished
  6    not finished   not finished   not finished
  7    not finished   not finished   not finished
  8    not finished   not finished   not finished
  9    not finished   not finished   not finished
  10   not finished   not finished   not finished

Adjacency matrices: 
n = 6
[0 1 0 0 0 1 1 1 1]
[1 0 1 0 0 0 0 0 0]
[0 1 0 1 0 0 0 0 0]
[0 0 1 0 1 0 0 0 0]
[0 0 0 1 0 1 0 0 0]
[1 0 0 0 1 0 0 0 0]
[1 0 0 0 0 0 0 1 0]
[1 0 0 0 0 0 1 0 1]
[1 0 0 0 0 0 0 1 0]

Eigenvalues: 
1: -2.238896105526397
2: -1.5028466932320663
3: -1.2199011026317714
4: -1.0
5: -2.929846384563345e-17
6: 0.40107359977232804
7: 0.9999999999999999
8: 1.697028528615948
9: 2.8635417730019626

Eigenvectors: 
1: [ 2.47475678e-01 -3.90635143e-01  2.45333063e-01  4.58378776e-01
  5.29122696e-02 -1.14284082e-01 -5.00000000e-01 -5.00000000e-01
 -5.25511028e-17]
2: [ 1.14301876e-01  2.90305819e-01  4.73161097e-01 -9.99617370e-02
 -3.07559807e-01 -2.72379892e-01  5.00000000e-01 -5.00000000e-01
 -2.69458614e-17]
3: [ 2.47475678e-01 -3.90635143e-01  2.45333063e-01  4.58378776e-01
  5.29122696e-02 -1.14284082e-01  5.00000000e-01  5.00000000e-01
  2.41509583e-16]
4: [ 4.66246873e-01 -4.63324006e-02 -2.38752305e-01 -3.70519686e-01
  4.38491677e-01 -6.27618283e-01 -9.11962011e-17 -1.26454728e-16
 -8.80579166e-18]
5: [ 3.70381166e-01 -2.40276125e-01 -1.74172792e-01 -2.16205514e-01
 -4.43513273e-01  1.76918533e-01  8.03718733e-17  7.59733581e-17
  7.07106781e-01]
6: [ 7.98325188e-02 -2.59329424e-01  5.57634817e-01 -4.98470790e-01
  4.09302969e-01  4.46560613e-01  1.24398791e-16  2.67059641e-17
  8.58133622e-17]
7: [ 3.70381166e-01 -2.40276125e-01 -1.74172792e-01 -2.16205514e-01
 -4.43513273e-01  1.76918533e-01 -2.62037231e-17  5.78571898e-17
 -7.07106781e-01]
8: [ 1.14301876e-01  2.90305819e-01  4.73161097e-01 -9.99617370e-02
 -3.07559807e-01 -2.72379892e-01 -5.00000000e-01  5.00000000e-01
  1.34319041e-16]
9: [ 5.94355067e-01  5.84285682e-01 -5.68238906e-02  2.83805363e-01
  2.28040778e-01  4.11795170e-01 -5.29111973e-17  9.17454219e-18
  1.24199391e-17]

n = 6
[0 1 0 0 0 1 1 1 0]
[1 0 1 0 0 0 0 0 0]
[0 1 0 1 0 0 0 0 0]
[0 0 1 0 1 0 0 0 0]
[0 0 0 1 0 1 0 0 0]
[1 0 0 0 1 0 0 0 0]
[1 0 0 0 0 0 0 1 1]
[1 0 0 0 0 0 1 0 1]
[0 0 0 0 0 0 1 1 0]

Eigenvalues: 
1: -2.2232712716627803
2: -1.4773842627890932
3: -1.0000000000000002
4: -0.9999999999999998
5: -0.6330901341060666
6: 0.7786463621352017
7: 0.9999999999999998
8: 1.7811413173593162
9: 2.7739579890634243

Eigenvectors: 
1: [-0.2252277   0.38128343 -0.04827669  0.31033913 -0.3440621  -0.29474681
 -0.5        -0.48617607 -0.24654019]
2: [-0.10970841 -0.28804458  0.39046074  0.12285707  0.19222272 -0.44776261
 -0.5         0.48617607  0.24654019]
3: [-3.52676516e-01 -2.16658757e-01 -3.84491798e-01  6.61065069e-01
  4.23618767e-01  2.53740873e-01 -2.77403344e-16  1.55934139e-16
  1.54074932e-16]
4: [-4.89154919e-01  2.40845595e-01  2.84021066e-01 -2.09256887e-01
  1.64924606e-01  2.25974177e-01 -1.20316140e-16 -1.65123170e-01
  6.15171413e-01]
5: [-7.90988272e-02  2.59117795e-01 -5.28583868e-01 -3.88118730e-01
  4.93735627e-01 -5.02781683e-01 -1.25106978e-16 -1.02072797e-16
  3.58406676e-17]
6: [-0.10970841 -0.28804458  0.39046074  0.12285707  0.19222272 -0.44776261
  0.5        -0.48617607 -0.24654019]
7: [-4.89154919e-01  2.40845595e-01  2.84021066e-01 -2.09256887e-01
  1.64924606e-01  2.25974177e-01 -2.57551755e-16  1.65123170e-01
 -6.15171413e-01]
8: [-0.2252277   0.38128343 -0.04827669  0.31033913 -0.3440621  -0.29474681
  0.5         0.48617607  0.24654019]
9: [-5.15063761e-01 -5.59651929e-01 -3.19137521e-01 -3.19329712e-01
 -4.60125428e-01 -7.72231073e-02  3.56055224e-16 -7.64405307e-17
 -4.53894701e-17]

n = 7
[0 1 0 0 0 0 1 1 1 1]
[1 0 1 0 0 0 0 0 0 0]
[0 1 0 1 0 0 0 0 0 0]
[0 0 1 0 1 0 0 0 0 0]
[0 0 0 1 0 1 0 0 0 0]
[0 0 0 0 1 0 1 0 0 0]
[1 0 0 0 0 1 0 0 0 0]
[1 0 0 0 0 0 0 0 1 0]
[1 0 0 0 0 0 0 1 0 1]
[1 0 0 0 0 0 0 0 1 0]

Eigenvalues: 
1: -2.1628433322109464
2: -1.801937735804838
3: -1.3969050181855514
4: -0.7600208668697246
5: -0.44504186791262895
6: 3.863381107229834e-18
7: 0.6871647775881989
8: 1.2469796037174672
9: 1.7729671512206049
10: 2.8596372884574226

Eigenvectors: 
1: [-1.05594834e-01  3.97117135e-01  2.16175940e-01  1.18850252e-01
  4.97213414e-01  1.51885198e-01  5.21120889e-01  4.17906506e-01
  2.31920614e-01 -1.30144563e-16]
2: [-3.72080802e-01 -1.44753660e-01 -2.81058343e-01 -2.19020799e-01
  7.16572880e-02  4.56621928e-01  1.15421280e-16  3.07952545e-16
  2.06815265e-16 -7.07106781e-01]
3: [-1.05594834e-01  3.97117135e-01  2.16175940e-01  1.18850252e-01
  4.97213414e-01  1.51885198e-01 -5.21120889e-01 -4.17906506e-01
 -2.31920614e-01  7.82608787e-17]
4: [-5.67824893e-02  5.13756806e-01 -6.83486082e-02 -3.79913270e-01
 -2.82504272e-01 -6.33672161e-02 -2.31920614e-01  5.21120889e-01
 -4.17906506e-01  2.41315544e-16]
5: [-4.68483851e-01 -1.96955383e-01 -3.93591087e-02 -3.48836690e-01
  3.70255283e-01 -6.93834496e-01  1.96089479e-16 -2.27058905e-16
 -3.09053032e-17 -7.24190201e-17]
6: [-3.72080802e-01 -1.44753660e-01 -2.81058343e-01 -2.19020799e-01
  7.16572880e-02  4.56621928e-01  6.72827998e-17  9.21195053e-17
  1.79229422e-17  7.07106781e-01]
7: [-5.67824893e-02  5.13756806e-01 -6.83486082e-02 -3.79913270e-01
 -2.82504272e-01 -6.33672161e-02  2.31920614e-01 -5.21120889e-01
  4.17906506e-01 -2.85582031e-16]
8: [-2.45180437e-01  1.90318829e-01 -3.99206081e-01  4.61582977e-01
 -9.53882978e-02 -1.48801979e-01 -4.17906506e-01  2.31920614e-01
  5.21120889e-01 -1.61799214e-16]
9: [-2.45180437e-01  1.90318829e-01 -3.99206081e-01  4.61582977e-01
 -9.53882978e-02 -1.48801979e-01  4.17906506e-01 -2.31920614e-01
 -5.21120889e-01  1.70177977e-16]
10: [-5.95532285e-01 -5.96881025e-02  6.47244272e-01  1.98333312e-01
 -4.24716317e-01  5.59770336e-02  6.94191141e-17  2.93150908e-17
 -2.69590082e-17  1.26990572e-17]

n = 7
[0 1 0 0 0 0 1 1 1 0]
[1 0 1 0 0 0 0 0 0 0]
[0 1 0 1 0 0 0 0 0 0]
[0 0 1 0 1 0 0 0 0 0]
[0 0 0 1 0 1 0 0 0 0]
[0 0 0 0 1 0 1 0 0 0]
[1 0 0 0 0 1 0 0 0 0]
[1 0 0 0 0 0 0 0 1 1]
[1 0 0 0 0 0 0 1 0 1]
[0 0 0 0 0 0 0 1 1 0]

Eigenvalues: 
1: -2.1490965192740537
2: -1.801937735804841
3: -1.1214157220479006
4: -1.0000000000000002
5: -0.44504186791262884
6: -0.3277597983148722
7: 1.000000000000002
8: 1.2469796037174654
9: 1.827791364314797
10: 2.770480675322026

Eigenvectors: 
1: [ 1.00820944e-01  3.92269851e-01  2.10574037e-01  1.14352614e-16
  3.77172849e-01  3.86469557e-01  5.21120889e-01  4.17906506e-01
 -2.31920614e-01  2.31389460e-16]
2: [ 4.91395992e-01 -1.95508730e-01 -2.78696482e-01 -1.96116135e-01
 -9.00159144e-02  3.09951904e-01 -7.83199080e-17  1.77783598e-16
  1.31745542e-16  7.07106781e-01]
3: [ 1.00820944e-01  3.92269851e-01  2.10574037e-01 -1.35447566e-16
  3.77172849e-01  3.86469557e-01 -5.21120889e-01 -4.17906506e-01
  2.31920614e-01  1.16459855e-16]
4: [ 3.54736993e-01 -2.13928936e-01  2.59361531e-01 -3.92232270e-01
  5.49279776e-01 -5.52786800e-01 -1.25980583e-16  1.85785239e-16
  4.36910460e-16 -1.33661589e-16]
5: [ 4.91395992e-01 -1.95508730e-01 -2.78696482e-01 -1.96116135e-01
 -9.00159144e-02  3.09951904e-01 -5.56219131e-17 -2.51552650e-16
 -2.31114860e-16 -7.07106781e-01]
6: [ 5.69455206e-02  4.73875264e-01 -6.68680796e-02 -3.92232270e-01
 -2.84067080e-01 -1.82175305e-01 -2.31920614e-01  5.21120889e-01
  4.17906506e-01 -4.99596144e-16]
7: [ 5.69455206e-02  4.73875264e-01 -6.68680796e-02 -3.92232270e-01
 -2.84067080e-01 -1.82175305e-01  2.31920614e-01 -5.21120889e-01
 -4.17906506e-01  2.22736708e-16]
8: [ 2.22376956e-01  2.43112183e-01 -3.85675850e-01  3.92232270e-01
  1.60444983e-01 -2.51217732e-01 -4.17906506e-01  2.31920614e-01
 -5.21120889e-01  1.52063751e-16]
9: [ 2.22376956e-01  2.43112183e-01 -3.85675850e-01  3.92232270e-01
  1.60444983e-01 -2.51217732e-01  4.17906506e-01 -2.31920614e-01
  5.21120889e-01 -3.31291750e-16]
10: [ 5.15270115e-01  5.20884968e-02  6.18280589e-01  3.92232270e-01
 -4.29760264e-01 -1.04750043e-01 -2.37521851e-17 -6.81251500e-17
 -3.66670705e-16 -1.50163905e-16]

n = 8
[0 1 0 0 0 0 0 1 1 1 1]
[1 0 1 0 0 0 0 0 0 0 0]
[0 1 0 1 0 0 0 0 0 0 0]
[0 0 1 0 1 0 0 0 0 0 0]
[0 0 0 1 0 1 0 0 0 0 0]
[0 0 0 0 1 0 1 0 0 0 0]
[0 0 0 0 0 1 0 1 0 0 0]
[1 0 0 0 0 0 1 0 0 0 0]
[1 0 0 0 0 0 0 0 0 1 0]
[1 0 0 0 0 0 0 0 1 0 1]
[1 0 0 0 0 0 0 0 0 1 0]

Eigenvalues: 
1: (-2.216743154317557+0j)
2: (-1.683935189342129+0j)
3: (-1.4142135623730954+0j)
4: (-1.3493422165128464+0j)
5: (-0.3369042687345076+0j)
6: (7.234385349617371e-18+0j)
7: (7.234385349617371e-18+0j)
8: (0.9037818047081718+0j)
9: (1.4142135623730956+0j)
10: (1.8251185523570432+0j)
11: (2.858024471841828+0j)

Eigenvectors: 
1: [-3.30816633e-02+0.j  5.01763443e-01+0.j  4.40507404e-01+0.j
  4.69384347e-01+0.j  1.79698092e-01+0.j -5.09183569e-01+0.j
  2.03005669e-01+0.j  1.85780207e-16+0.j  2.09761253e-16+0.j
 -1.53232576e-17+0.j -1.53232576e-17+0.j]
2: [-0.0472741 +0.j          0.45788888+0.j          0.19906129+0.j
 -0.0790688 +0.j         -0.19917226+0.j          0.42871606+0.j
 -0.13696206+0.j         -0.35355339+0.j          0.35355339+0.j
 -0.20044029-0.29595978j -0.20044029+0.29595978j]
3: [-3.72938659e-01+0.j -1.21558908e-01+0.j  2.12669704e-01+0.j
 -1.28596059e-01+0.j -2.43528024e-01+0.j -2.71241043e-01+0.j
 -3.89226460e-01+0.j  1.14042793e-16+0.j -6.34644296e-16+0.j
 -4.94431995e-01+0.j -4.94431995e-01+0.j]
4: [-1.02028876e-01+0.j  3.33938055e-01+0.j -2.60599433e-01+0.j
 -4.42745733e-01+0.j  2.61815647e-01+0.j -2.12746499e-01+0.j
 -1.81969798e-02+0.j -5.00000000e-01+0.j -5.00000000e-01+0.j
  5.83149703e-17+0.j  5.83149703e-17+0.j]
5: [-0.0472741 +0.j          0.45788888+0.j          0.19906129+0.j
 -0.0790688 +0.j         -0.19917226+0.j          0.42871606+0.j
 -0.13696206+0.j          0.35355339+0.j         -0.35355339+0.j
  0.20044029+0.29595978j  0.20044029-0.29595978j]
6: [-4.69604365e-01+0.j -1.64586804e-01+0.j  3.24378779e-01+0.j
 -3.22528930e-01+0.j -4.33805869e-02+0.j  1.25347767e-01+0.j
  7.24943090e-01+0.j -2.78085713e-17+0.j  1.20404324e-15+0.j
 -1.82477999e-17+0.j -1.82477999e-17+0.j]
7: [-3.72938659e-01+0.j -1.21558908e-01+0.j  2.12669704e-01+0.j
 -1.28596059e-01+0.j -2.43528024e-01+0.j -2.71241043e-01+0.j
 -3.89226460e-01+0.j  5.23546501e-17+0.j -7.68384006e-16+0.j
  4.94431995e-01+0.j  4.94431995e-01+0.j]
8: [-1.02028876e-01+0.j  3.33938055e-01+0.j -2.60599433e-01+0.j
 -4.42745733e-01+0.j  2.61815647e-01+0.j -2.12746499e-01+0.j
 -1.81969798e-02+0.j  5.00000000e-01+0.j  5.00000000e-01+0.j
 -1.58579179e-17+0.j -1.58579179e-17+0.j]
9: [-0.24432692+0.j          0.15158765+0.j         -0.43458631+0.j
  0.22823172+0.j         -0.38120578+0.j         -0.07046475+0.j
  0.16151601+0.j         -0.35355339+0.j          0.35355339+0.j
  0.20044029+0.29595978j  0.20044029-0.29595978j]
10: [-0.24432692+0.j          0.15158765+0.j         -0.43458631+0.j
  0.22823172+0.j         -0.38120578+0.j         -0.07046475+0.j
  0.16151601+0.j          0.35355339+0.j         -0.35355339+0.j
 -0.20044029-0.29595978j -0.20044029+0.29595978j]
11: [-5.96263449e-01+0.j -5.72726138e-02+0.j -1.32171770e-01+0.j
  3.65853491e-01+0.j  5.83219667e-01+0.j  3.31404569e-01+0.j
 -1.99743395e-01+0.j -1.73308860e-18+0.j -1.85595664e-16+0.j
 -2.45973919e-17+0.j -2.45973919e-17+0.j]

n = 8
[0 1 0 0 0 0 0 1 1 1 0]
[1 0 1 0 0 0 0 0 0 0 0]
[0 1 0 1 0 0 0 0 0 0 0]
[0 0 1 0 1 0 0 0 0 0 0]
[0 0 0 1 0 1 0 0 0 0 0]
[0 0 0 0 1 0 1 0 0 0 0]
[0 0 0 0 0 1 0 1 0 0 0]
[1 0 0 0 0 0 1 0 0 0 0]
[1 0 0 0 0 0 0 0 0 1 1]
[1 0 0 0 0 0 0 0 1 0 1]
[0 0 0 0 0 0 0 0 1 1 0]

Eigenvalues: 
1: -2.2024013633049138
2: -1.692224207979561
3: -1.414213562373096
4: -0.9999999999999999
5: -0.8968933395890902
6: -5.581567214793094e-18
7: 2.2339583041009e-16
8: 1.160366274712801
9: 1.4142135623730945
10: 1.8621722262147082
11: 2.7689804099460664

Eigenvectors: 
1: [ 4.74003134e-02  4.33497470e-01 -2.45082497e-01  2.00353531e-01
  4.33468462e-01 -1.47415327e-01  3.53553391e-01 -1.36460468e-01
 -4.99453579e-01  3.53553391e-01  2.17266471e-16]
2: [ 3.42366549e-02  4.65582575e-01 -4.22422648e-01 -1.81940980e-01
 -5.12306182e-01  3.28724322e-01  2.22078066e-16  4.30235787e-01
 -2.09021067e-02  1.06844208e-16 -5.41776745e-16]
3: [ 4.92566187e-01 -1.69339364e-01 -2.12514460e-01  2.42890174e-01
 -2.12703245e-01 -2.81606158e-01 -3.32365780e-17 -1.31984483e-16
 -1.88591731e-16  5.85664794e-16 -7.07106781e-01]
4: [ 3.55774411e-01 -1.81872935e-01 -3.66288584e-01 -2.20568493e-01
  2.51388964e-01  6.27959080e-01  2.41821298e-16 -4.30235787e-01
  2.09021067e-02 -2.35679088e-16 -1.04048837e-15]
5: [ 4.74003134e-02  4.33497470e-01 -2.45082497e-01  2.00353531e-01
  4.33468462e-01 -1.47415327e-01 -3.53553391e-01  1.36460468e-01
  4.99453579e-01 -3.53553391e-01  5.01545396e-17]
6: [ 4.92566187e-01 -1.69339364e-01 -2.12514460e-01  2.42890174e-01
 -2.12703245e-01 -2.81606158e-01  1.57759126e-16 -4.27010503e-17
  1.38191058e-16 -2.64516783e-16  7.07106781e-01]
7: [ 2.21229232e-01  2.02740438e-01  4.05256190e-01  3.70768588e-01
 -5.91152280e-02  3.23662489e-01 -3.53553391e-01 -1.36460468e-01
 -4.99453579e-01 -3.53553391e-01 -7.75752879e-16]
8: [ 9.70138843e-02  3.41664374e-01  1.38037184e-01 -2.59317910e-01
 -2.21219642e-01 -1.96508496e-01  5.00000000e-01 -4.30235787e-01
  2.09021067e-02 -5.00000000e-01  2.47682425e-16]
9: [ 9.70138843e-02  3.41664374e-01  1.38037184e-01 -2.59317910e-01
 -2.21219642e-01 -1.96508496e-01 -5.00000000e-01 -4.30235787e-01
  2.09021067e-02  5.00000000e-01  5.12270984e-16]
10: [ 2.21229232e-01  2.02740438e-01  4.05256190e-01  3.70768588e-01
 -5.91152280e-02  3.23662489e-01  3.53553391e-01  1.36460468e-01
  4.99453579e-01  3.53553391e-01 -4.06133320e-16]
11: [ 5.15565525e-01  3.58732383e-02  3.32208431e-01 -5.57263333e-01
  3.21255862e-01 -9.37822342e-02 -3.70391665e-16  4.30235787e-01
 -2.09021067e-02 -4.53550756e-17  1.52315279e-16]

