Tables using graphs: 
  n    |V|   |E|   deg   alpha   sigma
  4    7     9     4     3       1
  4    7     9     5     3       1
  5    8     10    4     3       1
  5    8     10    5     4       1
  6    9     11    4     4       1
  6    9     11    5     4       1
  7    10    12    4     4       1
  7    10    12    5     5       1
  8    11    13    4     5       1
  8    11    13    5     5       1
  9    12    14    4     5       1
  9    12    14    5     6       1
  10   13    15    4     6       1
  10   13    15    5     6       1

Table using formulas: 
  n    deg            alpha          sigma
  4    not finished   not finished   not finished
  5    not finished   not finished   not finished
  6    not finished   not finished   not finished
  7    not finished   not finished   not finished
  8    not finished   not finished   not finished
  9    not finished   not finished   not finished
  10   not finished   not finished   not finished

Adjacency matrices: 
n = 6
[0 1 0 0 0 0 1 1 1]
[1 0 1 0 0 0 0 0 0]
[0 1 0 1 0 0 0 0 0]
[0 0 1 0 1 0 0 0 0]
[0 0 0 1 0 1 0 0 0]
[0 0 0 0 1 0 0 0 0]
[1 0 0 0 0 0 0 1 1]
[1 0 0 0 0 0 1 0 1]
[1 0 0 0 0 0 1 1 0]

Eigenvalues: 
1: -1.8852033745559436
2: -1.4600685416898755
3: -1.0000000000000004
4: -1.0000000000000002
5: -0.7290739370285411
6: 0.17394762268271716
7: 1.063647187710114
8: 1.7386785876137139
9: 3.0980724552678183

Eigenvectors: 
1: [ 1.91771721e-01 -4.88065147e-01 -3.05668309e-01  1.56214118e-01
  4.94092518e-01 -5.22592681e-01  2.99915865e-01  4.71712216e-17
  2.19123521e-17]
2: [ 7.01738473e-02  4.81605853e-01 -6.91349231e-02 -5.35863805e-01
 -1.86005984e-01 -4.33397437e-01  4.98768698e-01  7.10662219e-17
  1.08273946e-16]
3: [ 0.47715325 -0.11286313 -0.14896572 -0.15462101 -0.14892903  0.13078062
 -0.08682256 -0.40824829 -0.81502972]
4: [ 0.47715325 -0.11286313 -0.14896572 -0.15462101 -0.14892903  0.13078062
 -0.08682256 -0.40824829  0.44988135]
5: [ 2.56319423e-02 -4.19859832e-01  4.06610036e-01  2.34470216e-01
 -5.26447817e-01  6.16107162e-02  5.67282590e-01 -3.96388876e-17
 -9.28806060e-17]
6: [ 9.23576709e-03  3.09915319e-01 -5.24543599e-01  3.64917682e-01
  9.44316375e-02  4.98929502e-01  4.87553395e-01 -7.48189944e-17
 -3.40886788e-17]
7: [ 2.98113334e-03 -1.64393573e-01  3.59259572e-01 -5.00522187e-01
  5.42873976e-01  4.69074245e-01  2.80416057e-01  8.03071921e-17
  5.86417319e-17]
8: [ 0.47715325 -0.11286313 -0.14896572 -0.15462101 -0.14892903  0.13078062
 -0.08682256  0.81649658  0.36514837]
9: [ 5.23948840e-01  4.38496210e-01  5.15431606e-01  4.21972163e-01
  2.71952203e-01 -1.22456799e-01  2.26885950e-02 -7.13216718e-17
 -1.01613210e-16]

n = 6
[0 1 0 0 0 0 0 0 0]
[1 0 1 0 0 0 1 1 1]
[0 1 0 1 0 0 0 0 0]
[0 0 1 0 1 0 0 0 0]
[0 0 0 1 0 1 0 0 0]
[0 0 0 0 1 0 0 0 0]
[0 1 0 0 0 0 0 1 1]
[0 1 0 0 0 0 1 0 1]
[0 1 0 0 0 0 1 1 0]

Eigenvalues: 
1: (-2.0193386155967192+0j)
2: (-1.4416924503290358+0j)
3: (-1+0j)
4: (-1+0j)
5: (-0.4967970155141995+0j)
6: (0.3295706130037718+0j)
7: (0.805208592793473+0j)
8: (1.6339933245155833+0j)
9: (3.1890555511271215+0j)

Eigenvectors: 
1: [-5.45393860e-01+0.j -6.27979287e-01+0.j  3.83147877e-01+0.j
  1.80834311e-01+0.j -2.48817552e-01+0.j -2.54970016e-01+0.j
 -4.20038683e-02+0.j -6.08226161e-17+0.j -6.08226161e-17+0.j]
2: [-1.92236221e-01+0.j  4.88401794e-01+0.j  4.73574358e-02+0.j
  4.91442000e-01+0.j  2.26109240e-01+0.j -5.28857001e-01+0.j
 -3.87215497e-01+0.j -1.83885862e-17+0.j -1.83885862e-17+0.j]
3: [-0.4586782 +0.j         0.15623946+0.j        -0.11132543+0.j
 -0.07242652+0.j         0.14895425+0.j         0.21340128+0.j
  0.11476257+0.j         0.47860845-0.2013965j  0.47860845+0.2013965j]
4: [-0.4586782 +0.j         0.15623946+0.j        -0.11132543+0.j
 -0.07242652+0.j         0.14895425+0.j         0.21340128+0.j
  0.11476257+0.j         0.29701649+0.2013965j  0.29701649-0.2013965j]
5: [-6.76581283e-02+0.j -3.58269315e-01+0.j -4.51422734e-01+0.j
 -4.24981230e-01+0.j  3.23336513e-01+0.j -1.70870185e-01+0.j
 -5.90703669e-01+0.j  8.35677525e-17+0.j  8.35677525e-17+0.j]
6: [-2.35293084e-02+0.j  2.35065268e-01+0.j  6.03455312e-01+0.j
 -2.80312594e-01+0.j -1.19547027e-01+0.j  3.91270859e-01+0.j
 -5.77990355e-01+0.j  2.39839341e-18+0.j  2.39839341e-18+0.j]
7: [-7.37814315e-03+0.j -1.16407058e-01+0.j -4.18574234e-01+0.j
  5.64239690e-01+0.j -3.62735700e-01+0.j  4.85924843e-01+0.j
 -3.53728712e-01+0.j -5.55705857e-17+0.j -5.55705857e-17+0.j]
8: [-0.4586782 +0.j  0.15623946+0.j -0.11132543+0.j -0.07242652+0.j
  0.14895425+0.j  0.21340128+0.j  0.11476257+0.j -0.77562494+0.j
 -0.77562494+0.j]
9: [-1.71020495e-01+0.j  3.10982657e-01+0.j -2.65762560e-01+0.j
 -3.64000396e-01+0.j -7.54974936e-01+0.j -3.16650888e-01+0.j
 -2.57062668e-02+0.j  6.08226161e-17+0.j  6.08226161e-17+0.j]

n = 7
[0 1 0 0 0 0 0 1 1 1]
[1 0 1 0 0 0 0 0 0 0]
[0 1 0 1 0 0 0 0 0 0]
[0 0 1 0 1 0 0 0 0 0]
[0 0 0 1 0 1 0 0 0 0]
[0 0 0 0 1 0 1 0 0 0]
[0 0 0 0 0 1 0 0 0 0]
[1 0 0 0 0 0 0 0 1 1]
[1 0 0 0 0 0 0 1 0 1]
[1 0 0 0 0 0 0 1 1 0]

Eigenvalues: 
1: -1.9082871536926058
2: -1.5778900201649866
3: -1.0
4: -0.9999999999999999
5: -0.9999999999999994
6: -0.25153018332546767
7: 0.5524909389784669
8: 1.281943161016414
9: 1.805197549046252
10: 3.098075708141934

Eigenvectors: 
1: [ 1.91776698e-01 -4.45747484e-01 -3.60564383e-01  3.73124078e-16
  3.47185653e-01  5.08141012e-01 -4.45212764e-01  2.39926308e-01
 -6.92941226e-17  3.34284042e-18]
2: [ 0.07019253  0.45984328  0.08129101 -0.4330127  -0.4085291   0.08716702
 -0.48919495  0.41916957  0.0035999   0.03748919]
3: [ 0.47714943 -0.09998521 -0.1362926  -0.14433757 -0.14265917 -0.13373062
  0.11355997 -0.07158439 -0.53822518  0.62311181]
4: [ 0.47714943 -0.09998521 -0.1362926  -0.14433757 -0.14265917 -0.13373062
  0.11355997 -0.07158439 -0.25987067 -0.75822916]
5: [ 0.02568509 -0.43176555  0.23229611  0.4330127  -0.24442826 -0.45998202
 -0.18190735  0.51675757 -0.0035999  -0.03748919]
6: [ 9.38181119e-03  3.64089361e-01 -4.47828723e-01  2.47722929e-16
  4.70010180e-01 -3.41302918e-01  2.56000060e-01  5.13679931e-01
  2.34240954e-17 -6.87599149e-17]
7: [ 0.00338047 -0.26302151  0.47432836 -0.4330127   0.12620651  0.27141526
  0.51008488  0.41053618  0.0035999   0.03748919]
8: [ 0.00109115  0.1378312  -0.30060927  0.4330127  -0.50175493  0.49125739
  0.39789976  0.22741898 -0.0035999  -0.03748919]
9: [ 0.47714943 -0.09998521 -0.1362926  -0.14433757 -0.14265917 -0.13373062
  0.11355997 -0.07158439  0.80169576  0.17260654]
10: [ 0.5239462   0.39077091  0.48763993  0.4330127   0.32120142  0.19357629
 -0.08154251  0.01394481 -0.0035999  -0.03748919]

n = 7
[0 1 0 0 0 0 0 0 0 0]
[1 0 1 0 0 0 0 1 1 1]
[0 1 0 1 0 0 0 0 0 0]
[0 0 1 0 1 0 0 0 0 0]
[0 0 0 1 0 1 0 0 0 0]
[0 0 0 0 1 0 1 0 0 0]
[0 0 0 0 0 1 0 0 0 0]
[0 1 0 0 0 0 0 0 1 1]
[0 1 0 0 0 0 0 1 0 1]
[0 1 0 0 0 0 0 1 1 0]

Eigenvalues: 
1: -2.029374102397767
2: -1.5962809297176235
3: -1.0000000000000004
4: -1.0000000000000002
5: -0.8615147403653456
6: 2.1876343517700958e-17
7: 0.47819338679827933
8: 1.0809135630551663
9: 1.7389880814996723
10: 3.1890747411276195

Eigenvectors: 
1: [ 5.45381949e-01  6.06309010e-01 -3.77325362e-01 -2.46985316e-01
 -1.88868299e-16 -3.29173898e-01 -1.50511499e-01  2.37186137e-02
  1.65364044e-17 -3.35795208e-17]
2: [ 1.92265725e-01 -4.80244530e-01  5.11765120e-02 -3.32844152e-01
  5.00000000e-01 -1.17953007e-01 -5.14731424e-01  3.00222362e-01
  6.81484584e-18 -6.24497475e-18]
3: [ 4.58660780e-01 -1.50472256e-01  1.04920992e-01  8.63127882e-02
  2.98173331e-16  2.16304684e-01  1.63762072e-01 -9.08717650e-02
  1.68521238e-01 -4.45756625e-01]
4: [ 4.58660780e-01 -1.50472256e-01  1.04920992e-01  8.63127882e-02
 -4.26486541e-18  2.16304684e-01  1.63762072e-01 -9.08717650e-02
 -7.76142433e-01 -3.69553771e-01]
5: [ 6.77678169e-02  3.68286802e-01  2.95633272e-01  5.33735459e-01
  3.26321947e-16  2.72769551e-01 -4.05868678e-01  4.98364496e-01
 -5.32415242e-17  1.34401775e-17]
6: [ 2.38509088e-02 -2.67147168e-01 -5.23090266e-01 -1.26976813e-01
 -5.00000000e-01  2.48389602e-01  7.60224650e-02  5.66427557e-01
 -2.37101054e-17 -8.71073774e-17]
7: [ 8.29451372e-03  1.73854743e-01  5.39365745e-01 -4.24343063e-01
 -9.29592858e-17 -1.53991285e-01  4.88042392e-01  4.86646274e-01
 -3.54493912e-17 -1.01258992e-16]
8: [ 2.60091544e-03 -8.56691442e-02 -3.37888986e-01  4.92554617e-01
  5.00000000e-01 -3.22027217e-01  4.51509175e-01  2.79844514e-01
 -2.29835234e-17  2.73706807e-17]
9: [ 4.58660780e-01 -1.50472256e-01  1.04920992e-01  8.63127882e-02
  1.89719232e-16  2.16304684e-01  1.63762072e-01 -9.08717650e-02
  6.07621195e-01  8.15310396e-01]
10: [ 1.71015731e-01 -2.98766506e-01  2.36377792e-01  2.86687278e-01
 -5.00000000e-01 -6.88369826e-01 -1.39244713e-01  1.36393193e-02
 -1.65364044e-17  3.35795208e-17]

n = 8
[0 1 0 0 0 0 0 0 1 1 1]
[1 0 1 0 0 0 0 0 0 0 0]
[0 1 0 1 0 0 0 0 0 0 0]
[0 0 1 0 1 0 0 0 0 0 0]
[0 0 0 1 0 1 0 0 0 0 0]
[0 0 0 0 1 0 1 0 0 0 0]
[0 0 0 0 0 1 0 1 0 0 0]
[0 0 0 0 0 0 1 0 0 0 0]
[1 0 0 0 0 0 0 0 0 1 1]
[1 0 0 0 0 0 0 0 1 0 1]
[1 0 0 0 0 0 0 0 1 1 0]

Eigenvalues: 
1: -1.92480020020653
2: -1.6603067085800807
3: -1.1935737812026948
4: -1.0
5: -0.9999999999999999
6: -0.5705967529682286
7: 0.13420646154217658
8: 0.8330621634365516
9: 1.434433017842237
10: 1.8494996562006125
11: 3.098076143935959

Eigenvectors: 
1: [ 1.91777330e-01 -4.07428324e-01 -3.86170760e-01 -1.09745334e-01
  2.08256291e-01  4.26408835e-01  4.78300010e-01 -3.78486689e-01
  1.97062101e-01 -3.52891261e-17 -4.15478337e-17]
2: [ 7.01950250e-02  4.33116980e-01  1.81819377e-01 -3.00760699e-01
 -4.67991544e-01 -1.87540122e-01  2.57938066e-01 -4.86748879e-01
  3.55419691e-01 -1.56528377e-17 -6.92769025e-17]
3: [ 2.56922027e-02 -4.26235325e-01  8.42948294e-02  4.68725419e-01
  5.87781648e-02 -4.51577931e-01 -2.63421567e-01 -3.19721975e-01
  4.60286495e-01 -1.19452352e-17  2.97024679e-17]
4: [ 0.47714883 -0.08945707 -0.12549291 -0.13519332 -0.13582884 -0.13118651
 -0.12041393  0.09930729 -0.06011014 -0.8160988   0.17321034]
5: [ 0.47714883 -0.08945707 -0.12549291 -0.13519332 -0.13582884 -0.13118651
 -0.12041393  0.09930729 -0.06011014  0.38597998  0.60440759]
6: [ 9.40137520e-03  3.87300860e-01 -3.21774647e-01 -2.58697672e-01
  4.34452914e-01  1.26935445e-01 -4.77384606e-01  2.81291217e-02
  4.95880023e-01  7.67858820e-17 -5.56730291e-17]
7: [ 3.43397355e-03 -3.19241447e-01  4.49949776e-01 -1.59950661e-01
 -3.06675587e-01  4.68613488e-01 -1.34269486e-01  3.60071316e-01
  4.56843438e-01 -3.19543172e-17 -2.61695111e-17]
8: [ 1.23733633e-03  2.27175141e-01 -4.25279985e-01  4.49610587e-01
 -2.59464820e-01 -6.40444873e-02  3.65529778e-01  4.88369063e-01
  3.49051758e-01  6.06557172e-17 -6.28489498e-17]
9: [ 3.99388611e-04 -1.18025310e-01  2.56145435e-01 -3.76692747e-01
  4.54725371e-01 -4.77208672e-01  4.38778514e-01  3.40461393e-01
  1.88727668e-01 -5.11973440e-17  2.46712468e-18]
10: [ 0.47714883 -0.08945707 -0.12549291 -0.13519332 -0.13582884 -0.13118651
 -0.12041393  0.09930729 -0.06011014  0.43011882 -0.77761793]
11: [ 5.23945745e-01  3.51101140e-01  4.59342527e-01  4.31749853e-01
  3.49161181e-01  2.44766943e-01  1.40515575e-01 -5.61649239e-02
  9.04659688e-03  5.29321967e-17  6.32277369e-18]

n = 8
[0 1 0 0 0 0 0 0 0 0 0]
[1 0 1 0 0 0 0 0 1 1 1]
[0 1 0 1 0 0 0 0 0 0 0]
[0 0 1 0 1 0 0 0 0 0 0]
[0 0 0 1 0 1 0 0 0 0 0]
[0 0 0 0 1 0 1 0 0 0 0]
[0 0 0 0 0 1 0 1 0 0 0]
[0 0 0 0 0 0 1 0 0 0 0]
[0 1 0 0 0 0 0 0 0 1 1]
[0 1 0 0 0 0 0 0 1 0 1]
[0 1 0 0 0 0 0 0 1 1 0]

Eigenvalues: 
1: -2.034944108759615
2: -1.6966895916619869
3: -1.116158440090147
4: -1.0
5: -0.9999999999999994
6: -0.3734773762071
7: 0.2878051846470449
8: 0.6511411267556139
9: 1.2879371978641951
10: 1.8053088814819978
11: 3.189077125969998

Eigenvectors: 
1: [ 5.45379945e-01  5.90364062e-01 -3.64100307e-01 -2.75421357e-01
 -1.26526183e-01 -1.96549013e-01 -2.86103492e-01 -9.43488815e-02
  1.44126091e-02 -9.66061960e-17  1.27553391e-16]
2: [ 1.92269206e-01 -4.72306244e-01  1.07689837e-01 -2.04499131e-01
 -4.51449116e-01  2.81975173e-01 -3.83229320e-01 -4.45761985e-01
  2.40119983e-01 -7.79551409e-17  8.79460116e-17]
3: [ 6.77813831e-02  3.70752746e-01  1.81384081e-01  5.03674788e-01
  2.95132214e-01  2.77702930e-01  3.65671203e-02 -4.79764561e-01
  4.19078130e-01  2.11543471e-16 -3.12179922e-16]
4: [ 0.45865818 -0.14631282  0.09849361  0.0883849   0.05330836  0.1147936
  0.2121078   0.13250079 -0.07402808 -0.40824829  0.80815177]
5: [ 0.45865818 -0.14631282  0.09849361  0.0883849   0.05330836  0.1147936
  0.2121078   0.13250079 -0.07402808 -0.40824829 -0.50491256]
6: [ 2.38908519e-02 -2.82154873e-01 -4.15442320e-01 -3.57681735e-01
  3.41223911e-01 -2.02050830e-01  4.07039676e-01 -1.72144639e-01
  5.16445486e-01 -7.16610116e-17  9.70760034e-17]
7: [ 8.40838636e-03  2.03416651e-01  5.23492578e-01 -1.04445301e-01
 -4.22571625e-01 -3.35854206e-01  2.28473153e-01  2.58053077e-01
  5.13265493e-01 -9.15656748e-17 -6.76128597e-18]
8: [ 2.92414068e-03 -1.31786641e-01 -4.72762089e-01  4.74259239e-01
 -1.83402969e-01  1.05390248e-01 -2.58271410e-01  5.04500796e-01
  4.10157267e-01  1.96491588e-16 -2.94525990e-16]
9: [ 9.16923788e-04  6.47617990e-02  2.78637938e-01 -4.24903152e-01
  4.91068485e-01  3.66186066e-01 -3.96644290e-01  3.91712264e-01
  2.27195064e-01 -1.09335298e-16  1.40083867e-16]
10: [ 0.45865818 -0.14631282  0.09849361  0.0883849   0.05330836  0.1147936
  0.2121078   0.13250079 -0.07402808  0.81649658 -0.30323922]
11: [ 1.71014975e-01 -2.90113158e-01  2.14594531e-01  2.46758298e-01
  3.38778707e-01 -6.82923810e-01 -4.39387838e-01 -7.32558091e-02
  7.98345882e-03  9.66061960e-17 -1.27553391e-16]

