Tables using graphs: 
  n    |V|   |E|   deg   alpha   sigma
  4    8     13    5     3       1
  4    8     13    6     3       1
  5    9     14    5     3       1
  5    9     14    6     4       1
  6    10    15    5     4       1
  6    10    15    6     4       1
  7    11    16    5     4       1
  7    11    16    6     5       1
  8    12    17    5     5       1
  8    12    17    6     5       1
  9    13    18    5     5       1
  9    13    18    6     6       1
  10   14    19    5     6       1
  10   14    19    6     6       1

Table using formulas: 
  n    deg            alpha          sigma
  4    not finished   not finished   not finished
  5    not finished   not finished   not finished
  6    not finished   not finished   not finished
  7    not finished   not finished   not finished
  8    not finished   not finished   not finished
  9    not finished   not finished   not finished
  10   not finished   not finished   not finished

Adjacency matrices: 
n = 6
[0 1 0 0 0 0 1 1 1 1]
[1 0 1 0 0 0 0 0 0 0]
[0 1 0 1 0 0 0 0 0 0]
[0 0 1 0 1 0 0 0 0 0]
[0 0 0 1 0 1 0 0 0 0]
[0 0 0 0 1 0 0 0 0 0]
[1 0 0 0 0 0 0 1 1 1]
[1 0 0 0 0 0 1 0 1 1]
[1 0 0 0 0 0 1 1 0 1]
[1 0 0 0 0 0 1 1 1 0]

Eigenvalues: 
1: -1.8946065860824415
2: -1.468067229867523
3: -1.0000000000000007
4: -1.0000000000000004
5: -1.0000000000000002
6: -0.7241847615875149
7: 0.19282098520580393
8: 1.087632775375344
9: 1.7513544393317793
10: 4.05505037762456

Eigenvectors: 
1: [ 1.22077633e-01 -4.93711384e-01 -2.96156547e-01  1.50699194e-01
 -4.85781515e-01 -3.28290797e-01 -5.35881186e-01  2.86189745e-17
  3.98208700e-17 -4.01023918e-17]
2: [ 3.21988148e-02  4.77137213e-01 -8.22322923e-02 -5.39856022e-01
  2.06615360e-01 -5.08696763e-01 -4.14287749e-01  1.27654464e-16
 -5.65885533e-17 -6.01753084e-17]
3: [ 0.4386825  -0.09362379 -0.11571223 -0.11565537  0.1069701   0.05306292
  0.08813903  0.58366804 -0.49418299 -0.1017411 ]
4: [ 0.4386825  -0.09362379 -0.11571223 -0.11565537  0.1069701   0.05306292
  0.08813903  0.40841243  0.80424912 -0.30569378]
5: [ 0.4386825  -0.09362379 -0.11571223 -0.11565537  0.1069701   0.05306292
  0.08813903 -0.51051554 -0.32952665  0.84136878]
6: [ 8.49018294e-03 -4.10275922e-01  4.16879081e-01  2.40256311e-01
  5.25621292e-01 -5.62617537e-01  8.52882521e-02 -1.99152201e-18
  1.96084063e-17 -1.90263026e-17]
7: [ 2.22930473e-03  3.00174251e-01 -5.29774225e-01  3.65866063e-01
 -1.05264544e-01 -4.76645958e-01  5.07050047e-01 -1.60733576e-16
  9.46503448e-17 -3.33346859e-17]
8: [ 0.4386825  -0.09362379 -0.11571223 -0.11565537  0.1069701   0.05306292
  0.08813903 -0.48156493  0.01946052 -0.4339339 ]
9: [ 5.49760058e-04 -1.58436191e-01  3.60865098e-01 -5.05210938e-01
 -5.45918505e-01 -2.72158478e-01  4.66195998e-01  1.92429990e-16
 -2.35570714e-17 -4.90549605e-17]
10: [ 4.62832138e-01  4.58251627e-01  5.17010014e-01  4.30721962e-01
 -3.00284230e-01 -6.62567820e-02 -1.68554193e-01 -1.65607160e-16
  3.84448787e-17  7.70921368e-17]

n = 6
[0 1 0 0 0 0 0 0 0 0]
[1 0 1 0 0 0 1 1 1 1]
[0 1 0 1 0 0 0 0 0 0]
[0 0 1 0 1 0 0 0 0 0]
[0 0 0 1 0 1 0 0 0 0]
[0 0 0 0 1 0 0 0 0 0]
[0 1 0 0 0 0 0 1 1 1]
[0 1 0 0 0 0 1 0 1 1]
[0 1 0 0 0 0 1 1 0 1]
[0 1 0 0 0 0 1 1 1 0]

Eigenvalues: 
1: -2.039870808185201
2: -1.4459009344143503
3: -1.0
4: -1.0
5: -0.9999999999999999
6: -0.4948796014519392
7: 0.3488780208126911
8: 0.8648563693466057
9: 1.6576865233817026
10: 4.10923043051049

Eigenvectors: 
1: [ 4.77678202e-01  6.43498665e-01 -3.78712976e-01 -1.83500296e-01
 -2.55758137e-01 -3.23021472e-01  1.04316972e-01 -8.03109287e-18
  4.06755394e-17  2.41738100e-18]
2: [ 1.24087482e-01 -4.86467324e-01 -5.50703723e-02 -4.90009184e-01
  2.57972529e-01 -5.11021673e-01  4.20852845e-01 -2.97400332e-17
 -4.78378445e-17 -2.17019026e-17]
3: [ 0.43063929 -0.12768158  0.0851825   0.05250547  0.09647166  0.15128794
 -0.07771431  0.26427142  0.71726923 -0.42309442]
4: [ 0.43063929 -0.12768158  0.0851825   0.05250547  0.09647166  0.15128794
 -0.07771431  0.68864088 -0.57452894  0.54638917]
5: [ 0.43063929 -0.12768158  0.0851825   0.05250547  0.09647166  0.15128794
 -0.07771431 -0.50738703  0.19812379  0.4457229 ]
6: [ 3.22258538e-02  3.48831829e-01  4.58339279e-01  4.25995845e-01
  3.45759082e-01 -1.18938877e-01  5.93325118e-01  4.44566090e-18
 -1.05090055e-16 -3.95035230e-17]
7: [ 8.33597740e-03 -2.25104540e-01 -6.07642820e-01  2.79192530e-01
 -1.37344785e-01  4.08156628e-01  5.62694207e-01 -2.51493537e-17
  1.00271892e-17  1.61790511e-17]
8: [ 2.02859819e-03  1.10352351e-01  4.20252042e-01 -5.64162533e-01
 -3.93675659e-01  4.71935736e-01  3.39445485e-01 -6.75393663e-17
  7.50852283e-17 -4.66942577e-17]
9: [ 0.43063929 -0.12768158  0.0851825   0.05250547  0.09647166  0.15128794
 -0.07771431 -0.44552526 -0.34086408 -0.56901765]
10: [ 1.16245173e-01 -3.15460500e-01  2.61921801e-01  3.70797857e-01
 -7.33087559e-01 -3.73497245e-01  6.29292512e-02  8.03109287e-18
 -4.06755394e-17 -2.41738100e-18]

n = 7
[0 1 0 0 0 0 0 1 1 1 1]
[1 0 1 0 0 0 0 0 0 0 0]
[0 1 0 1 0 0 0 0 0 0 0]
[0 0 1 0 1 0 0 0 0 0 0]
[0 0 0 1 0 1 0 0 0 0 0]
[0 0 0 0 1 0 1 0 0 0 0]
[0 0 0 0 0 1 0 0 0 0 0]
[1 0 0 0 0 0 0 0 1 1 1]
[1 0 0 0 0 0 0 1 0 1 1]
[1 0 0 0 0 0 0 1 1 0 1]
[1 0 0 0 0 0 0 1 1 1 0]

Eigenvalues: 
1: -1.9159317496905233
2: -1.5863674343878764
3: -1.0000000000000002
4: -1.0000000000000002
5: -0.9999999999999999
6: -0.9999999999999998
7: -0.24028289247166434
8: 0.5721451499219643
9: 1.3014635383277928
10: 1.8139229309571898
11: 4.05505045734313

Eigenvectors: 
1: [-0.00849284 -0.51694454 -0.15698913  0.42354065 -0.24658499  0.47092396
  0.23582669 -0.43643578  0.01321177  0.01055219 -0.00671841]
2: [-2.23939234e-03 -5.05853062e-01  2.73326470e-01 -3.53372302e-01
  4.56352841e-01  3.31000470e-01 -4.76139785e-01 -3.77768145e-16
  4.89739421e-17  9.02580919e-17 -2.72921816e-17]
3: [-0.43868244  0.04330491  0.07481498  0.08381384  0.10684306  0.09392081
  0.10449421  0.10910895  0.67734141  0.54194869  0.2283304 ]
4: [-0.43868244  0.04330491  0.07481498  0.08381384  0.10684306  0.09392081
  0.10449421  0.10910895 -0.08057464 -0.62946848  0.59309602]
5: [-0.43868244  0.04330491  0.07481498  0.08381384  0.10684306  0.09392081
  0.10449421  0.10910895  0.11202791 -0.35301479 -0.77067349]
6: [-0.43868244  0.04330491  0.07481498  0.08381384  0.10684306  0.09392081
  0.10449421  0.10910895 -0.72200646  0.42998239 -0.04403452]
7: [-1.45006111e-04 -2.20866018e-01  3.93951538e-01 -1.32309807e-01
  3.00912821e-01 -4.92084302e-01  5.05314560e-01 -4.36435780e-01
  1.32117721e-02  1.05521889e-02 -6.71840700e-03]
8: [-0.00058801 -0.40063393  0.51271356  0.25349656 -0.4773583  -0.28154365
 -0.12141844  0.43643578 -0.01321177 -0.01055219  0.00671841]
9: [-0.03219951 -0.43184448 -0.4776421  -0.45810268 -0.06517845 -0.06156361
  0.41947467  0.43643578 -0.01321177 -0.01055219  0.00671841]
10: [-1.22077795e-01 -2.66388077e-01 -4.64644644e-01  4.54152818e-01
  3.49981957e-01 -5.06147281e-01 -3.36619275e-01 -4.61141247e-16
  3.20388255e-17 -4.30945270e-17 -1.63305287e-17]
11: [-0.46283211 -0.05136296 -0.12707597 -0.41202312 -0.49002153 -0.2280261
 -0.33859081 -0.43643578  0.01321177  0.01055219 -0.00671841]

n = 7
[0 1 0 0 0 0 0 0 0 0 0]
[1 0 1 0 0 0 0 1 1 1 1]
[0 1 0 1 0 0 0 0 0 0 0]
[0 0 1 0 1 0 0 0 0 0 0]
[0 0 0 1 0 1 0 0 0 0 0]
[0 0 0 0 1 0 1 0 0 0 0]
[0 0 0 0 0 1 0 0 0 0 0]
[0 1 0 0 0 0 0 0 1 1 1]
[0 1 0 0 0 0 0 1 0 1 1]
[0 1 0 0 0 0 0 1 1 0 1]
[0 1 0 0 0 0 0 1 1 1 0]

Eigenvalues: 
1: -2.0487034407307845
2: -1.6013277515330824
3: -1.0000000000000004
4: -1.0
5: -1.0
6: -0.860742258698853
7: 2.355951655817291e-16
8: 0.5255172364480476
9: 1.1218040045086193
10: 1.7542207104612748
11: 4.109231499544769

Eigenvectors: 
1: [-4.77677928e-01 -6.24299837e-01  3.69578041e-01 -2.48806768e-01
  4.53889261e-17 -3.58685416e-01 -7.58016649e-02 -2.21764863e-01
 -3.91173222e-16 -9.11101162e-17  1.40444927e-16]
2: [-1.24089612e-01  4.79654075e-01 -3.97413467e-02 -3.32683488e-01
  5.00000000e-01 -8.57722709e-02 -3.33148972e-01 -5.23384122e-01
 -3.71247558e-16 -4.78855020e-17  1.10206774e-16]
3: [-4.30638625e-01  1.23655478e-01 -8.03198688e-02  6.44453195e-02
 -8.21850621e-17  1.44953693e-01  6.08467853e-02  1.18073334e-01
  4.97251869e-01  1.38111689e-01 -8.05689328e-01]
4: [-4.30638625e-01  1.23655478e-01 -8.03198688e-02  6.44453195e-02
  1.25853006e-16  1.44953693e-01  6.08467853e-02  1.18073334e-01
 -4.23217023e-01 -8.17707394e-01  4.86675462e-01]
5: [-4.30638625e-01  1.23655478e-01 -8.03198688e-02  6.44453195e-02
 -8.21850621e-17  1.44953693e-01  6.08467853e-02  1.18073334e-01
  4.97251869e-01  1.38111689e-01  3.37167815e-01]
6: [-3.22350125e-02 -3.58369117e-01 -3.05939120e-01  5.35161505e-01
  8.58760630e-17  3.13610609e-01 -5.08615162e-01 -3.65369540e-01
  7.43500107e-16  2.05533945e-16 -2.47288446e-16]
7: [-8.37151723e-03  2.54537967e-01  5.29650150e-01 -1.27952635e-01
 -5.00000000e-01  2.50580051e-01 -5.59074279e-01  1.13511108e-01
 -3.52189092e-16 -1.94110675e-16  1.63383830e-16]
8: [-2.16548981e-03 -1.63103693e-01 -5.42204364e-01 -4.25027265e-01
 -1.54288747e-17 -1.81926473e-01 -4.72124516e-01  4.92706756e-01
 -5.57628637e-16  3.12832562e-17  1.34683850e-16]
9: [-4.30638625e-01  1.23655478e-01 -8.03198688e-02  6.44453195e-02
 -6.54815724e-17  1.44953693e-01  6.08467853e-02  1.18073334e-01
 -5.71286714e-01  5.41484016e-01 -1.81539488e-02]
10: [-5.26981702e-04  7.96131299e-02  3.38596745e-01  4.93791563e-01
  5.00000000e-01 -3.46185549e-01 -2.69136325e-01  4.39209304e-01
  7.73673135e-16 -1.68044732e-16 -1.63496951e-16]
11: [-1.16245076e-01  3.04729237e-01 -2.30794752e-01  2.89060710e-01
 -5.00000000e-01 -6.82537871e-01 -4.32110193e-02 -1.97685926e-01
  3.91173222e-16  9.11101162e-17 -1.40444927e-16]

n = 8
[0 1 0 0 0 0 0 0 1 1 1 1]
[1 0 1 0 0 0 0 0 0 0 0 0]
[0 1 0 1 0 0 0 0 0 0 0 0]
[0 0 1 0 1 0 0 0 0 0 0 0]
[0 0 0 1 0 1 0 0 0 0 0 0]
[0 0 0 0 1 0 1 0 0 0 0 0]
[0 0 0 0 0 1 0 1 0 0 0 0]
[0 0 0 0 0 0 1 0 0 0 0 0]
[1 0 0 0 0 0 0 0 0 1 1 1]
[1 0 0 0 0 0 0 0 1 0 1 1]
[1 0 0 0 0 0 0 0 1 1 0 1]
[1 0 0 0 0 0 0 0 1 1 1 0]

Eigenvalues: 
1: -1.9310876729143929
2: -1.6685826993291666
3: -1.196289528648281
4: -1.0000000000000004
5: -1.0000000000000002
6: -1.0000000000000002
7: -0.564678022228764
8: 0.14834312218968165
9: 0.8514867831506172
10: 1.4500536265681312
11: 1.855703928322976
12: 4.055050462889192

Eigenvectors: 
1: [ 5.90667969e-04  4.48488489e-01 -3.70773302e-01  1.20470768e-01
 -4.68814666e-01  3.08339811e-01 -4.56082348e-01 -3.11921676e-01
  1.63416060e-01  9.14280232e-17 -9.35143428e-17  3.16777110e-17]
2: [ 1.55094287e-04  3.40583248e-01 -4.87587611e-01 -3.73055863e-01
  7.11102611e-02 -2.18178629e-01  4.26535516e-01 -2.58589487e-01
 -4.53465565e-01  9.68456874e-17 -1.05800272e-17  5.35136491e-17]
3: [ 0.43868244 -0.03613074 -0.06424716  0.08289545  0.09433063  0.07572348
  0.09923258 -0.10076129  0.10305669 -0.07403562  0.77128584  0.27787873]
4: [ 0.43868244 -0.03613074 -0.06424716  0.08289545  0.09433063  0.07572348
  0.09923258 -0.10076129  0.10305669 -0.67983961 -0.56142829 -0.12882048]
5: [ 0.43868244 -0.03613074 -0.06424716  0.08289545  0.09433063  0.07572348
  0.09923258 -0.10076129  0.10305669  0.02467854  0.07932149 -0.74351325]
6: [ 0.43868244 -0.03613074 -0.06424716  0.08289545  0.09433063  0.07572348
  0.09923258 -0.10076129  0.10305669  0.72919668 -0.28917905  0.59445499]
7: [ 3.82471903e-05  1.83533183e-01 -3.36254882e-01 -4.38122905e-01
  4.79363384e-01  1.12982249e-01 -2.55627435e-01  4.57941476e-01
  3.79060047e-01 -4.19837107e-18 -1.97289131e-16 -1.13946436e-17]
8: [ 2.24009414e-03  4.91678603e-01 -5.00535597e-02  4.75635130e-01
 -1.40655692e-01 -3.77252580e-01  3.34475598e-01  4.34724802e-01
  2.57972644e-01 -1.29443249e-16 -1.64178464e-16 -6.66056677e-17]
9: [ 8.49302679e-03  4.63921425e-01  2.98192956e-01  2.84526259e-01
  4.47949362e-01  4.20167995e-01 -1.02017849e-01  6.64421346e-02
 -4.72026032e-01 -2.63530998e-17  2.59979783e-18 -6.63065415e-17]
10: [ 3.21995581e-02  3.69222209e-01  4.82449337e-01 -2.33364782e-01
  2.07105899e-01 -4.34128657e-01 -1.64250380e-01 -4.72243215e-01
  3.06707156e-01  8.93826811e-18 -8.75932912e-18  9.67841452e-17]
11: [ 1.22077806e-01  2.21245678e-01  4.01384454e-01 -4.83233286e-01
 -4.17226626e-01  4.18172502e-01  3.76083192e-01  2.00223230e-01
  1.05115473e-01  1.14896827e-17 -2.31123424e-17 -1.92497331e-17]
12: [ 4.62832106e-01  4.13442648e-02  9.95796472e-02 -1.78101975e-01
 -2.68998600e-01 -3.73399107e-01 -4.63275527e-01  3.59181558e-01
 -4.32455696e-01  4.05938723e-17 -3.21317005e-17 -2.88671133e-17]

n = 8
[0 1 0 0 0 0 0 0 0 0 0 0]
[1 0 1 0 0 0 0 0 1 1 1 1]
[0 1 0 1 0 0 0 0 0 0 0 0]
[0 0 1 0 1 0 0 0 0 0 0 0]
[0 0 0 1 0 1 0 0 0 0 0 0]
[0 0 0 0 1 0 1 0 0 0 0 0]
[0 0 0 0 0 1 0 1 0 0 0 0]
[0 0 0 0 0 0 1 0 0 0 0 0]
[0 1 0 0 0 0 0 0 0 1 1 1]
[0 1 0 0 0 0 0 0 1 0 1 1]
[0 1 0 0 0 0 0 0 1 1 0 1]
[0 1 0 0 0 0 0 0 1 1 1 0]

Eigenvalues: 
1: -2.0534076084433135
2: -1.701870939616312
3: -1.1168464485826874
4: -1.0000000000000007
5: -1.0000000000000002
6: -1.0000000000000002
7: -0.37220258886592705
8: 0.2985645662084677
9: 0.7039627697178212
10: 1.3169953604033748
11: 1.8155733174912003
12: 4.109231571687374

Eigenvectors: 
1: [ 4.77677900e-01  6.10727344e-01 -3.53618903e-01  2.75075805e-01
 -1.28570564e-01 -1.95299579e-01 -3.38554781e-01 -5.83009657e-02
  1.59474924e-01  1.24525877e-16 -1.10282472e-17  4.29512092e-17]
2: [ 1.24089753e-01 -4.73232552e-01  9.31987861e-02  2.06347915e-01
 -4.50083712e-01  3.06639953e-01 -3.47209978e-01 -2.70629844e-01
  4.67962091e-01  1.37983488e-16 -6.44043735e-17  2.87094171e-17]
3: [ 3.22356299e-02  3.61011980e-01  1.95006597e-01 -5.05534740e-01
  2.96092887e-01  2.86851404e-01  9.41318830e-02 -4.33047359e-01
  4.56828980e-01 -2.30576401e-16 -7.81781210e-18 -6.57481046e-17]
4: [ 0.43063857 -0.12085456  0.07520813 -0.06681712  0.03812658  0.07229474
  0.14745178  0.04922294 -0.09475608  0.75431802  0.26359981 -0.15187233]
5: [ 0.43063857 -0.12085456  0.07520813 -0.06681712  0.03812658  0.07229474
  0.14745178  0.04922294 -0.09475608 -0.00659134 -0.37208943  0.85327467]
6: [ 0.43063857 -0.12085456  0.07520813 -0.06681712  0.03812658  0.07229474
  0.14745178  0.04922294 -0.09475608 -0.64901175  0.68121355 -0.38861237]
7: [ 8.37391543e-03 -2.68072194e-01 -4.25074847e-01  3.58256765e-01
  3.39877173e-01 -2.20996288e-01  4.13475319e-01 -5.15599385e-01
  1.33679555e-01  2.73324405e-17  2.47889695e-17 -4.35881988e-17]
8: [ 2.17472774e-03  1.89449502e-01  5.28415932e-01  1.05416945e-01
 -4.22596050e-01 -3.52833064e-01  1.96939348e-01 -5.03061128e-01
 -2.80773626e-01  4.64965283e-17  3.14638525e-17 -2.40981723e-18]
9: [ 5.62544463e-04 -1.20944856e-01 -4.74220872e-01 -4.75991305e-01
 -1.82585829e-01  1.15652837e-01 -2.74837350e-01 -3.97744975e-01
 -5.03457117e-01 -1.92413761e-16 -4.78777053e-17 -3.59837190e-17]
10: [ 0.43063857 -0.12085456  0.07520813 -0.06681712  0.03812658  0.07229474
  0.14745178  0.04922294 -0.09475608 -0.09871493 -0.57272393 -0.31278997]
11: [ 1.36897727e-04  5.88995850e-02  2.78646789e-01  4.26192254e-01
  4.90554969e-01  3.87362904e-01 -3.90414610e-01 -2.19074036e-01
 -3.82277062e-01  1.39252083e-16 -3.08289429e-17 -1.81842461e-17]
12: [ 1.16245067e-01 -2.97421389e-01  2.07782444e-01 -2.46296888e-01
  3.45431675e-01 -6.54128457e-01 -4.80927110e-01 -3.21116009e-02
  1.21089966e-01 -1.24525877e-16  1.10282472e-17 -4.29512092e-17]

