Tables using graphs: 
  n    |V|   |E|   deg   alpha   sigma
  5    9     15    6     3       1
  6    10    16    6     4       1
  7    11    17    6     4       1
  8    12    18    6     5       1
  9    13    19    6     5       1
  10   14    20    6     6       1

Table using formulas: 
  n    deg            alpha          sigma
  5    not finished   not finished   not finished
  6    not finished   not finished   not finished
  7    not finished   not finished   not finished
  8    not finished   not finished   not finished
  9    not finished   not finished   not finished
  10   not finished   not finished   not finished

Adjacency matrices: 
n = 6
[0 1 0 0 0 1 1 1 1 1]
[1 0 1 0 0 0 0 0 0 0]
[0 1 0 1 0 0 0 0 0 0]
[0 0 1 0 1 0 0 0 0 0]
[0 0 0 1 0 1 0 0 0 0]
[1 0 0 0 1 0 0 0 0 0]
[1 0 0 0 0 0 0 1 1 1]
[1 0 0 0 0 0 1 0 1 1]
[1 0 0 0 0 0 1 1 0 1]
[1 0 0 0 0 0 1 1 1 0]

Eigenvalues: 
1: -2.1907952108657884
2: -1.2985076208113262
3: -1.0000000000000004
4: -1.0000000000000002
5: -1.0000000000000002
6: -0.9999999999999999
7: 0.5668979025541742
8: 1.0000000000000007
9: 1.808926239307244
10: 4.113478689815695

Eigenvectors: 
1: [-0.1245951   0.40781733  0.09416761 -0.44637052  0.33173318 -0.5
  0.32206904 -0.10842085  0.48748677 -0.38011443]
2: [-0.03434953 -0.31913469  0.38956976  0.15074614  0.47168226 -0.5
 -0.32206904  0.10842085 -0.48748677  0.38011443]
3: [-4.29437739e-01  1.10639998e-01  1.19075542e-01  1.65957958e-01
 -1.07800697e-01  9.37716365e-17  3.82454613e-01  6.45700704e-01
 -1.56908138e-01  4.57536614e-02]
4: [-4.29437739e-01  1.10639998e-01  1.19075542e-01  1.65957958e-01
 -1.07800697e-01  1.98364806e-16 -3.82454613e-01  2.88449461e-01
  9.37424871e-02  4.15432274e-01]
5: [-4.29437739e-01  1.10639998e-01  1.19075542e-01  1.65957958e-01
 -1.07800697e-01  9.37716365e-17  3.82454613e-01 -3.76166000e-01
  1.15319974e-01  3.49521997e-02]
6: [-4.29437739e-01  1.10639998e-01  1.19075542e-01  1.65957958e-01
 -1.07800697e-01  3.18313523e-17 -3.82454613e-01 -5.57984165e-01
 -5.21543228e-02 -4.96138135e-01]
7: [-1.67009652e-02  2.91341417e-01 -6.00026918e-01  5.31828195e-01
  5.21505249e-01  2.12208020e-16  2.34882747e-16 -3.90663562e-17
  2.52006286e-16 -1.80066234e-16]
8: [-0.1245951   0.40781733  0.09416761 -0.44637052  0.33173318  0.5
 -0.32206904  0.10842085 -0.48748677  0.38011443]
9: [-0.03434953 -0.31913469  0.38956976  0.15074614  0.47168226  0.5
  0.32206904 -0.10842085  0.48748677 -0.38011443]
10: [-4.78169771e-01 -5.74309572e-01 -5.11847125e-01 -4.03792657e-01
  1.28398582e-01 -1.08420538e-16  1.48997912e-16 -4.95571961e-17
  3.03310203e-16 -2.47824298e-16]

n = 7
[0 1 0 0 0 0 1 1 1 1 1]
[1 0 1 0 0 0 0 0 0 0 0]
[0 1 0 1 0 0 0 0 0 0 0]
[0 0 1 0 1 0 0 0 0 0 0]
[0 0 0 1 0 1 0 0 0 0 0]
[0 0 0 0 1 0 1 0 0 0 0]
[1 0 0 0 0 1 0 0 0 0 0]
[1 0 0 0 0 0 0 0 1 1 1]
[1 0 0 0 0 0 0 1 0 1 1]
[1 0 0 0 0 0 0 1 1 0 1]
[1 0 0 0 0 0 0 1 1 1 0]

Eigenvalues: 
1: -2.0935851348530745
2: -1.8019377358048378
3: -0.9999999999999999
4: -0.9999999999999998
5: -0.9999999999999998
6: -0.7301126507188715
7: -0.4450418679126286
8: 0.8590419048419661
9: 1.246979603717467
10: 1.8515485811740497
11: 4.113107299555935

Eigenvectors: 
1: [ 1.24217592e-01 -4.30247264e-01  7.87432080e-02  4.64743656e-01
 -2.77975042e-01 -4.17906506e-01 -2.31920614e-01 -3.33112903e-16
 -5.21120889e-01  4.00887013e-17  3.63892622e-16]
2: [ 1.24217592e-01 -4.30247264e-01  7.87432080e-02  4.64743656e-01
 -2.77975042e-01  4.17906506e-01  2.31920614e-01  2.24359823e-16
  5.21120889e-01  4.82875513e-18 -2.38068890e-16]
3: [ 4.29573578e-01 -1.29128656e-01 -1.23364183e-01 -1.59181335e-01
  9.07464170e-02 -5.53774669e-17 -7.83277992e-18 -3.04542219e-01
 -3.28172799e-16  5.64961485e-02 -7.27329333e-01]
4: [ 4.29573578e-01 -1.29128656e-01 -1.23364183e-01 -1.59181335e-01
  9.07464170e-02 -5.80729139e-17 -4.13929200e-16  7.30897779e-01
 -2.68795744e-16 -4.94427547e-01 -1.86989291e-01]
5: [ 4.29573578e-01 -1.29128656e-01 -1.23364183e-01 -1.59181335e-01
  9.07464170e-02 -7.14692190e-17 -7.05216961e-17  1.62423699e-01
 -3.01834118e-17  7.91878272e-01  5.52127128e-01]
6: [ 3.27587987e-02  2.43031472e-01 -5.17653713e-01  5.84337066e-02
 -4.10466442e-01 -5.21120889e-01  4.17906506e-01  5.22480433e-16
  2.31920614e-01 -9.04019597e-17 -1.84428599e-16]
7: [ 4.29573578e-01 -1.29128656e-01 -1.23364183e-01 -1.59181335e-01
  9.07464170e-02 -1.92518451e-17  4.53917006e-16 -5.88779259e-01
  1.27452881e-16 -3.53946873e-01  3.62191497e-01]
8: [ 1.05228621e-02 -7.85598138e-02  2.99202316e-01 -4.14546653e-01
 -4.82023517e-01 -2.31920614e-01 -5.21120889e-01 -8.00153071e-19
  4.17906506e-01 -1.37746363e-17 -4.00562141e-17]
9: [ 3.27587987e-02  2.43031472e-01 -5.17653713e-01  5.84337066e-02
 -4.10466442e-01  5.21120889e-01 -4.17906506e-01  4.89978758e-17
 -2.31920614e-01 -2.55350374e-17  1.27947790e-16]
10: [ 1.05228621e-02 -7.85598138e-02  2.99202316e-01 -4.14546653e-01
 -4.82023517e-01  2.31920614e-01  5.21120889e-01 -1.24208023e-16
 -4.17906506e-01  4.28683189e-17  5.86518262e-17]
11: [ 4.78161485e-01  6.57727803e-01  4.60162300e-01  3.40800569e-01
 -1.04217851e-01  1.79708470e-16 -6.68415477e-17 -2.04923285e-16
  2.69622271e-16  4.03063187e-17  6.09200096e-18]

n = 8
[0 1 0 0 0 0 0 1 1 1 1 1]
[1 0 1 0 0 0 0 0 0 0 0 0]
[0 1 0 1 0 0 0 0 0 0 0 0]
[0 0 1 0 1 0 0 0 0 0 0 0]
[0 0 0 1 0 1 0 0 0 0 0 0]
[0 0 0 0 1 0 1 0 0 0 0 0]
[0 0 0 0 0 1 0 1 0 0 0 0]
[1 0 0 0 0 0 1 0 0 0 0 0]
[1 0 0 0 0 0 0 0 0 1 1 1]
[1 0 0 0 0 0 0 0 1 0 1 1]
[1 0 0 0 0 0 0 0 1 1 0 1]
[1 0 0 0 0 0 0 0 1 1 1 0]

Eigenvalues: 
1: -2.167769421279639
2: -1.620300900029749
3: -1.4142135623730945
4: -1.0
5: -0.9999999999999997
6: -0.9999999999999996
7: -0.2753515700934237
8: -2.0596348818713237e-16
9: 1.0688428440928022
10: 1.4142135623730931
11: 1.881568178564237
12: 4.113010868745777

Eigenvectors: 
1: [ 8.91876637e-03  4.37749809e-01 -2.45506196e-01  2.32100771e-01
  6.71143597e-02  4.35484975e-01  3.53553391e-01  5.00000000e-01
  3.45567679e-16 -3.53553391e-01 -7.81972070e-17 -9.59574091e-17]
2: [ 8.91876637e-03  4.37749809e-01 -2.45506196e-01  2.32100771e-01
  6.71143597e-02  4.35484975e-01 -3.53553391e-01 -5.00000000e-01
 -4.15364797e-16  3.53553391e-01  1.17378864e-16  1.52133929e-16]
3: [ 4.29614630e-01 -7.74901642e-02 -1.50408437e-01  1.09514607e-01
  1.26692406e-01 -9.35918303e-02  7.52202124e-18 -8.00595002e-17
  6.99870395e-01  1.87133006e-18  2.37033349e-01 -2.12237407e-01]
4: [ 4.29614630e-01 -7.74901642e-02 -1.50408437e-01  1.09514607e-01
  1.26692406e-01 -9.35918303e-02  5.96203527e-17  2.49778660e-17
  9.98273526e-02 -2.38794382e-17 -4.20055491e-01 -4.10927022e-01]
5: [ 4.29614630e-01 -7.74901642e-02 -1.50408437e-01  1.09514607e-01
  1.26692406e-01 -9.35918303e-02 -2.89427482e-18  4.24600578e-17
 -9.94677104e-02  7.02770712e-17 -5.21114436e-01  8.55607633e-01]
6: [ 4.29614630e-01 -7.74901642e-02 -1.50408437e-01  1.09514607e-01
  1.26692406e-01 -9.35918303e-02 -1.40986816e-16 -1.35958891e-17
 -7.00230037e-01  2.12403064e-16  7.04136578e-01 -2.32443205e-01]
7: [ 4.33685524e-03  4.65303159e-01 -4.59386892e-01 -2.14137877e-01
 -4.87481220e-01 -5.37535929e-01  1.82416428e-17  1.43753188e-16
  8.06415691e-17 -1.21805607e-16 -5.61068350e-18 -5.52078707e-17]
8: [ 1.24121209e-01  2.36515701e-01  4.56046166e-01  3.94391261e-01
 -1.96254570e-01 -1.63143556e-01 -3.53553391e-01  5.00000000e-01
  4.10446174e-16  3.53553391e-01 -1.42596120e-16 -3.16047256e-17]
9: [ 3.23461278e-02  3.58352951e-01  1.96979351e-01 -2.89003077e-01
  4.69001176e-01 -1.68080768e-01  5.00000000e-01 -1.68340079e-16
 -4.97682541e-17  5.00000000e-01  2.28263200e-16 -1.02008994e-16]
10: [ 3.23461278e-02  3.58352951e-01  1.96979351e-01 -2.89003077e-01
  4.69001176e-01 -1.68080768e-01 -5.00000000e-01  9.48410964e-17
 -1.19993892e-16 -5.00000000e-01  5.18490667e-17 -3.96039794e-17]
11: [ 1.24121209e-01  2.36515701e-01  4.56046166e-01  3.94391261e-01
 -1.96254570e-01 -1.63143556e-01  3.53553391e-01 -5.00000000e-01
 -3.98371163e-16 -3.53553391e-01  1.33422972e-16  2.60518303e-17]
12: [ 4.78165753e-01  8.66674655e-02  2.90462330e-01 -5.65946240e-01
 -4.14962172e-01  4.32422418e-01 -4.69197605e-17  1.61266055e-17
 -1.99611992e-17 -3.26209231e-16 -7.77124722e-18  2.60710541e-17]

