Tables using graphs: 
  n    |V|   |E|   deg   alpha   sigma
  4    7     6     4     5       2
  4    7     6     3     4       1
  4    7     6     5     5       1
  4    7     6     3     4       1
  5    8     7     4     5       1
  5    8     7     3     5       1
  5    8     7     5     6       2
  5    8     7     3     5       1
  6    9     8     4     6       1
  6    9     8     3     5       1
  6    9     8     5     6       1
  6    9     8     3     5       1
  7    10    9     4     6       1
  7    10    9     3     6       1
  7    10    9     5     7       1
  7    10    9     3     6       1
  8    11    10    4     7       1
  8    11    10    3     6       1
  8    11    10    5     7       1
  8    11    10    3     6       1
  9    12    11    4     7       1
  9    12    11    3     7       1
  9    12    11    5     8       1
  9    12    11    3     7       1
  10   13    12    4     8       1
  10   13    12    3     7       1
  10   13    12    5     8       1
  10   13    12    3     7       1

Table using formulas: 
  n    deg            alpha          sigma
  4    not finished   not finished   not finished
  5    not finished   not finished   not finished
  6    not finished   not finished   not finished
  7    not finished   not finished   not finished
  8    not finished   not finished   not finished
  9    not finished   not finished   not finished
  10   not finished   not finished   not finished

Adjacency matrices: 
n = 6
[0 1 0 0 0 0 1 1 1]
[1 0 1 0 0 0 0 0 0]
[0 1 0 1 0 0 0 0 0]
[0 0 1 0 1 0 0 0 0]
[0 0 0 1 0 1 0 0 0]
[0 0 0 0 1 0 0 0 0]
[1 0 0 0 0 0 0 0 0]
[1 0 0 0 0 0 0 0 0]
[1 0 0 0 0 0 0 0 0]

Eigenvalues: 
1: -2.1168831578743346
2: -1.6397841877924104
3: -0.9109958909753466
4: 0.0
5: 0.0
6: 0.0
7: 0.9109958909753471
8: 1.6397841877924118
9: 2.1168831578743332

Eigenvectors: 
1: [-6.27663574e-01  2.80800977e-01  1.64891629e-01  6.27663574e-01
  2.80800977e-01 -1.64891629e-01  1.15338310e-32  1.15338310e-32
  1.15338310e-32]
2: [ 0.43917951  0.05327492  0.39278892  0.43917951 -0.05327492  0.39278892
 -0.31622777 -0.31622777 -0.31622777]
3: [-3.02028137e-01 -3.68160356e-01 -5.22720726e-01  3.02028137e-01
 -3.68160356e-01  5.22720726e-01  1.17198685e-32  1.17198685e-32
  1.17198685e-32]
4: [ 0.29650365 -0.17124264 -0.18100151  0.29650365  0.17124264 -0.18100151
  0.77207592 -0.22792408 -0.22792408]
5: [ 0.29650365 -0.17124264 -0.18100151  0.29650365  0.17124264 -0.18100151
 -0.22792408  0.77207592 -0.22792408]
6: [ 0.29650365 -0.17124264 -0.18100151  0.29650365  0.17124264 -0.18100151
 -0.22792408 -0.22792408  0.77207592]
7: [ 0.0575029   0.32591104 -0.49038292  0.0575029  -0.32591104 -0.49038292
 -0.31622777 -0.31622777 -0.31622777]
8: [-1.21726918e-01 -5.34423768e-01  4.46736828e-01  1.21726918e-01
 -5.34423768e-01 -4.46736828e-01 -1.27078897e-32 -1.27078897e-32
 -1.27078897e-32]
9: [ 0.20017876  0.55042861  0.08340751  0.20017876 -0.55042861  0.08340751
  0.31622777  0.31622777  0.31622777]

n = 6
[0 1 0 0 0 0 1 0 0]
[1 0 1 0 0 0 0 0 0]
[0 1 0 1 0 0 0 0 0]
[0 0 1 0 1 0 0 0 0]
[0 0 0 1 0 1 0 0 0]
[0 0 0 0 1 0 0 0 0]
[1 0 0 0 0 0 0 1 1]
[0 0 0 0 0 0 1 0 0]
[0 0 0 0 0 0 1 0 0]

Eigenvalues: 
1: -1.96157056080646
2: -1.6629392246050896
3: -1.1111404660392048
4: -0.39018064403225666
5: -8.749425385871089e-48
6: 0.39018064403225666
7: 1.1111404660392044
8: 1.6629392246050896
9: 1.9615705608064622

Eigenvectors: 
1: [-4.61939766e-01  1.91341716e-01  1.91341716e-01 -4.61939766e-01
  1.91341716e-01 -1.91341716e-01 -4.61939766e-01 -4.61939766e-01
 -1.59072130e-32]
2: [ 4.15734806e-01  9.75451610e-02 -4.90392640e-01 -4.15734806e-01
 -9.75451610e-02 -4.90392640e-01  2.77785117e-01 -2.77785117e-01
  5.36023769e-17]
3: [-3.53553391e-01 -3.53553391e-01  3.53553391e-01 -3.53553391e-01
 -3.53553391e-01 -3.53553391e-01  3.53553391e-01  3.53553391e-01
  4.54542850e-17]
4: [ 4.90392640e-01 -4.15734806e-01  2.77785117e-01 -4.90392640e-01
  4.15734806e-01  2.77785117e-01 -9.75451610e-02  9.75451610e-02
 -5.36023769e-17]
5: [-0.25        0.25       -0.25       -0.25        0.25        0.25
  0.25        0.25        0.70710678]
6: [-0.25        0.25       -0.25       -0.25        0.25        0.25
  0.25        0.25       -0.70710678]
7: [ 9.75451610e-02  2.77785117e-01  4.15734806e-01 -9.75451610e-02
 -2.77785117e-01  4.15734806e-01  4.90392640e-01 -4.90392640e-01
 -5.36023769e-17]
8: [-1.91341716e-01 -4.61939766e-01 -4.61939766e-01 -1.91341716e-01
 -4.61939766e-01  4.61939766e-01 -1.91341716e-01 -1.91341716e-01
  2.13370716e-32]
9: [ 2.77785117e-01  4.90392640e-01  9.75451610e-02 -2.77785117e-01
 -4.90392640e-01  9.75451610e-02 -4.15734806e-01  4.15734806e-01
  5.36023769e-17]

n = 6
[0 1 0 0 0 0 0 0 0]
[1 0 1 0 0 0 1 1 1]
[0 1 0 1 0 0 0 0 0]
[0 0 1 0 1 0 0 0 0]
[0 0 0 1 0 1 0 0 0]
[0 0 0 0 1 0 0 0 0]
[0 1 0 0 0 0 0 0 0]
[0 1 0 0 0 0 0 0 0]
[0 1 0 0 0 0 0 0 0]

Eigenvalues: 
1: -2.307250371348211
2: -1.535554091368486
3: -0.5645080658369926
4: -1.0146461525802051e-16
5: 0.0
6: 0.0
7: 0.5645080658369929
8: 1.5355540913684889
9: 2.307250371348214

Eigenvectors: 
1: [ 2.90865650e-01  2.90865650e-01 -1.34246263e-01  1.34246263e-01
  1.49583135e-01 -8.66025404e-01 -1.49583135e-01  2.97340544e-16
  2.97340544e-16]
2: [ 3.84932845e-01  3.84932845e-01  2.20442249e-01 -2.20442249e-01
 -5.50664979e-01  2.16807250e-16  5.50664979e-01  1.11333308e-17
 -2.35611387e-17]
3: [ 1.15824863e-01  1.15824863e-01  6.15887147e-01 -6.15887147e-01
  3.27517363e-01 -2.77438950e-17 -3.27517363e-01  5.33415642e-17
  1.84825334e-17]
4: [-5.02003877e-02  5.02003877e-02 -4.01084632e-01 -4.01084632e-01
 -5.80181902e-01 -1.02120104e-16 -5.80181902e-01 -4.88651627e-32
 -4.88651627e-32]
5: [ 0.29086565  0.29086565 -0.13424626  0.13424626  0.14958314  0.28867513
 -0.14958314  0.78867513 -0.21132487]
6: [ 0.29086565  0.29086565 -0.13424626  0.13424626  0.14958314  0.28867513
 -0.14958314 -0.21132487  0.78867513]
7: [ 0.29086565  0.29086565 -0.13424626  0.13424626  0.14958314  0.28867513
 -0.14958314 -0.57735027 -0.57735027]
8: [-2.17036571e-01  2.17036571e-01 -5.44643397e-01 -5.44643397e-01
  3.95295709e-01  1.37344193e-16  3.95295709e-01  2.01204542e-32
  2.01204542e-32]
9: [-6.71099879e-01  6.71099879e-01  2.06142399e-01  2.06142399e-01
 -8.44408863e-02  3.89735905e-17 -8.44408863e-02 -2.68124487e-32
 -2.68124487e-32]

n = 6
[0 1 0 0 0 0 0 0 0]
[1 0 1 0 0 0 1 0 0]
[0 1 0 1 0 0 0 0 0]
[0 0 1 0 1 0 0 0 0]
[0 0 0 1 0 1 0 0 0]
[0 0 0 0 1 0 0 0 0]
[0 1 0 0 0 0 0 1 1]
[0 0 0 0 0 0 1 0 0]
[0 0 0 0 0 0 1 0 0]

Eigenvalues: 
1: -2.0839681098273024
2: -1.571840774337901
3: -1.0000000000000004
4: -0.43173313209860203
5: 0.0
6: 0.43173313209860253
7: 0.9999999999999998
8: 1.5718407743378975
9: 2.083968109827302

Eigenvectors: 
1: [-2.66160899e-01 -6.82717009e-02  3.53553391e-01  5.47263511e-01
  2.66160899e-01 -5.47263511e-01 -3.53553391e-01 -6.82717009e-02
  1.58938912e-32]
2: [ 5.54670825e-01  1.07312243e-01 -3.53553391e-01 -2.36271790e-01
  5.54670825e-01 -2.36271790e-01 -3.53553391e-01 -1.07312243e-01
 -7.16741048e-33]
3: [-3.96390385e-01  2.57961694e-01  3.53553391e-01 -3.89012117e-01
  3.96390385e-01  3.89012117e-01 -3.53553391e-01  2.57961694e-01
  1.95536972e-32]
4: [ 2.71394096e-01 -5.12786952e-01 -7.55995788e-16  4.04221210e-01
  2.71394096e-01  4.04221210e-01  5.11862264e-17  5.12786952e-01
  6.48200633e-17]
5: [ 0.23674308  0.2279924   0.35355339  0.13027732  0.23674308  0.13027732
  0.35355339 -0.2279924   0.70710678]
6: [ 8.11846665e-02 -3.48672560e-01  3.53553391e-01 -4.96826425e-01
  8.11846665e-02 -4.96826425e-01  3.53553391e-01  3.48672560e-01
  1.18774630e-32]
7: [-4.93365027e-01 -3.58367753e-01 -3.53553391e-01 -5.62450343e-02
  4.93365027e-01  5.62450343e-02  3.53553391e-01 -3.58367753e-01
 -2.11080452e-32]
8: [ 0.23674308  0.2279924   0.35355339  0.13027732  0.23674308  0.13027732
  0.35355339 -0.2279924  -0.70710678]
9: [-1.69186256e-01  5.48057746e-01 -3.53553391e-01  2.14496428e-01
  1.69186256e-01 -2.14496428e-01  3.53553391e-01  5.48057746e-01
 -2.32637019e-32]

n = 7
[0 1 0 0 0 0 0 1 1 1]
[1 0 1 0 0 0 0 0 0 0]
[0 1 0 1 0 0 0 0 0 0]
[0 0 1 0 1 0 0 0 0 0]
[0 0 0 1 0 1 0 0 0 0]
[0 0 0 0 1 0 1 0 0 0]
[0 0 0 0 0 1 0 0 0 0]
[1 0 0 0 0 0 0 0 0 0]
[1 0 0 0 0 0 0 0 0 0]
[1 0 0 0 0 0 0 0 0 0]

Eigenvalues: 
1: -2.1191657828874604
2: -1.7320508075688785
3: -1.159042522495568
4: -0.40713243015765527
5: 0.0
6: 0.0
7: 0.40713243015765554
8: 1.1590425224955678
9: 1.7320508075688783
10: 2.11916578288746

Eigenvectors: 
1: [-6.21465796e-01  2.67261242e-01 -1.93809574e-01  6.21465796e-01
  2.67261242e-01  1.93809574e-01  6.92065127e-02 -6.92065127e-02
  1.20372593e-32  1.20372593e-32]
2: [ 4.37210128e-01 -3.25939856e-16 -2.77012184e-01  4.37210128e-01
  2.46691867e-16 -2.77012184e-01  4.81779569e-01  4.81779569e-01
 -5.41824397e-17 -5.41824397e-17]
3: [-3.05054948e-01 -2.67261242e-01  5.14878475e-01  3.05054948e-01
 -2.67261242e-01 -5.14878475e-01 -2.65354600e-01  2.65354600e-01
 -3.10038606e-32 -3.10038606e-32]
4: [-3.96419020e-02 -2.67261242e-01 -4.20147746e-01  3.96419020e-02
 -2.67261242e-01  4.20147746e-01 -5.00475594e-01  5.00475594e-01
  3.40926897e-32  3.40926897e-32]
5: [ 0.29325964 -0.15430335  0.16721524  0.29325964  0.15430335  0.16721524
 -0.16998526 -0.16998526  0.78867513 -0.21132487]
6: [ 0.29325964 -0.15430335  0.16721524  0.29325964  0.15430335  0.16721524
 -0.16998526 -0.16998526 -0.21132487  0.78867513]
7: [ 0.29325964 -0.15430335  0.16721524  0.29325964  0.15430335  0.16721524
 -0.16998526 -0.16998526 -0.57735027 -0.57735027]
8: [ 8.40077623e-02  4.62910050e-01  4.86969103e-01  8.40077623e-02
 -4.62910050e-01  4.86969103e-01  2.03759845e-01  2.03759845e-01
 -2.25530113e-17 -3.13300950e-17]
9: [-1.38384473e-01 -5.34522484e-01 -1.44270152e-01  1.38384473e-01
 -5.34522484e-01  1.44270152e-01  4.17518353e-01 -4.17518353e-01
  7.01039766e-33  7.01039766e-33]
10: [ 2.09251879e-01  4.62910050e-01 -3.19753862e-01  2.09251879e-01
 -4.62910050e-01 -3.19753862e-01 -3.73745106e-01 -3.73745106e-01
  2.71884419e-18  1.02526104e-18]

n = 7
[0 1 0 0 0 0 0 1 0 0]
[1 0 1 0 0 0 0 0 0 0]
[0 1 0 1 0 0 0 0 0 0]
[0 0 1 0 1 0 0 0 0 0]
[0 0 0 1 0 1 0 0 0 0]
[0 0 0 0 1 0 1 0 0 0]
[0 0 0 0 0 1 0 0 0 0]
[1 0 0 0 0 0 0 0 1 1]
[0 0 0 0 0 0 0 1 0 0]
[0 0 0 0 0 0 0 1 0 0]

Eigenvalues: 
1: -1.9696155060244154
2: -1.7320508075688772
3: -1.285575219373079
4: -0.684040286651338
5: -3.349334990342915e-16
6: 0.0
7: 0.6840402866513366
8: 1.2855752193730785
9: 1.7320508075688774
10: 1.969615506024418

Eigenvectors: 
1: [-4.42975350e-01  2.35702260e-01  8.18585360e-02 -3.61116814e-01
 -4.71404521e-01 -3.61116814e-01 -4.42975350e-01  2.35702260e-01
  8.18585360e-02  4.19271521e-18]
2: [ 4.08248290e-01  3.94990382e-16 -4.08248290e-01  4.08248290e-01
 -1.08450299e-16 -4.08248290e-01 -4.08248290e-01 -9.79703164e-16
  4.08248290e-01 -8.62938788e-33]
3: [-3.61116814e-01 -2.35702260e-01  4.42975350e-01  8.18585360e-02
  4.71404521e-01  8.18585360e-02 -3.61116814e-01 -2.35702260e-01
  4.42975350e-01  5.29317931e-17]
4: [ 3.03012985e-01  4.08248290e-01 -1.61229842e-01 -4.64242827e-01
  5.44602669e-16  4.64242827e-01 -3.03012985e-01 -4.08248290e-01
  1.61229842e-01 -2.36700804e-32]
5: [-2.35702260e-01 -4.71404521e-01 -2.35702260e-01  2.35702260e-01
 -4.71404521e-01  2.35702260e-01 -2.35702260e-01 -4.71404521e-01
 -2.35702260e-01  4.19271521e-18]
6: [-0.23570226  0.23570226 -0.23570226  0.23570226  0.23570226  0.23570226
 -0.23570226  0.23570226 -0.23570226  0.70710678]
7: [ 1.61229842e-01  4.08248290e-01  4.64242827e-01  3.03012985e-01
 -3.81180438e-16 -3.03012985e-01 -1.61229842e-01 -4.08248290e-01
 -4.64242827e-01  3.00932410e-32]
8: [-0.23570226  0.23570226 -0.23570226  0.23570226  0.23570226  0.23570226
 -0.23570226  0.23570226 -0.23570226 -0.70710678]
9: [ 4.64242827e-01 -4.08248290e-01  3.03012985e-01 -1.61229842e-01
  5.78738479e-17  1.61229842e-01 -4.64242827e-01  4.08248290e-01
 -3.03012985e-01  7.63597938e-34]
10: [-8.18585360e-02 -2.35702260e-01 -3.61116814e-01 -4.42975350e-01
  4.71404521e-01 -4.42975350e-01 -8.18585360e-02 -2.35702260e-01
 -3.61116814e-01 -2.30116462e-17]

n = 7
[0 1 0 0 0 0 0 0 0 0]
[1 0 1 0 0 0 0 1 1 1]
[0 1 0 1 0 0 0 0 0 0]
[0 0 1 0 1 0 0 0 0 0]
[0 0 0 1 0 1 0 0 0 0]
[0 0 0 0 1 0 1 0 0 0]
[0 0 0 0 0 1 0 0 0 0]
[0 1 0 0 0 0 0 0 0 0]
[0 1 0 0 0 0 0 0 0 0]
[0 1 0 0 0 0 0 0 0 0]

Eigenvalues: 
1: -2.308691997553594
2: -1.6728300344854519
3: -0.933584991393619
4: -1.854974999327456e-16
5: 0.0
6: 0.0
7: 0.0
8: 0.9335849913936184
9: 1.67283003448545
10: 2.30869199755359

Eigenvectors: 
1: [-2.89567652e-01 -1.15249103e-01  1.35103052e-01 -8.77058019e-01
  2.89567652e-01  1.15249103e-01 -1.35103052e-01 -1.89752399e-17
 -1.89752399e-17 -1.89752399e-17]
2: [ 6.68522520e-01  1.92792162e-01 -1.26130182e-01 -1.74256409e-16
  6.68522520e-01  1.92792162e-01 -1.26130182e-01 -6.78234625e-33
 -6.78234625e-33 -6.78234625e-33]
3: [-0.38514199  0.1384879  -0.42265896  0.0877058   0.38514199 -0.1384879
  0.42265896 -0.31622777 -0.31622777 -0.31622777]
4: [ 2.20651700e-01 -4.24458872e-01  5.20718247e-01 -1.25437553e-16
  2.20651700e-01 -4.24458872e-01  5.20718247e-01  5.64922391e-34
  5.64922391e-34  5.64922391e-34]
5: [-0.28956765 -0.1152491   0.13510305  0.26311741  0.28956765  0.1152491
 -0.13510305  0.77207592 -0.22792408 -0.22792408]
6: [-0.28956765 -0.1152491   0.13510305  0.26311741  0.28956765  0.1152491
 -0.13510305 -0.22792408  0.77207592 -0.22792408]
7: [-0.28956765 -0.1152491   0.13510305  0.26311741  0.28956765  0.1152491
 -0.13510305 -0.22792408 -0.22792408  0.77207592]
8: [-0.02870049  0.31782266  0.49428624  0.0877058   0.02870049 -0.31782266
 -0.49428624 -0.31622777 -0.31622777 -0.31622777]
9: [ 6.62606031e-02 -5.31663285e-01 -4.61458215e-01  7.90528268e-17
  6.62606031e-02 -5.31663285e-01 -4.61458215e-01 -3.76704552e-32
 -3.76704552e-32 -3.76704552e-32]
10: [-0.12427483  0.57155965 -0.06347578 -0.0877058   0.12427483 -0.57155965
  0.06347578  0.31622777  0.31622777  0.31622777]

n = 7
[0 1 0 0 0 0 0 0 0 0]
[1 0 1 0 0 0 0 1 0 0]
[0 1 0 1 0 0 0 0 0 0]
[0 0 1 0 1 0 0 0 0 0]
[0 0 0 1 0 1 0 0 0 0]
[0 0 0 0 1 0 1 0 0 0]
[0 0 0 0 0 1 0 0 0 0]
[0 1 0 0 0 0 0 0 1 1]
[0 0 0 0 0 0 0 1 0 0]
[0 0 0 0 0 0 0 1 0 0]

Eigenvalues: 
1: -2.0886215149848084
2: -1.6810070053052586
3: -1.149067802367588
4: -0.7010840183739229
5: -1.7395107580735183e-17
6: 0.0
7: 0.7010840183739233
8: 1.1490678023675878
9: 1.6810070053052577
10: 2.0886215149848097

Eigenvectors: 
1: [-2.61821881e-01 -2.61821881e-01 -9.27764500e-02 -1.91012659e-01
 -5.11229887e-01 -9.27764500e-02  1.91012659e-01  5.11229887e-01
  5.00000000e-01 -1.34262321e-16]
2: [-3.96849077e-01 -3.96849077e-01  1.48085564e-01 -4.32276433e-01
  9.33732369e-02  1.48085564e-01  4.32276433e-01 -9.33732369e-02
 -5.00000000e-01  1.87864698e-16]
3: [ 2.82020707e-01 -2.82020707e-01 -4.04890734e-01  2.77228435e-01
 -4.23877588e-01  4.04890734e-01  2.77228435e-01 -4.23877588e-01
  5.08288249e-17  4.54542850e-17]
4: [-1.92185440e-01 -1.92185440e-01  5.32538595e-01  1.13722164e-01
  2.03800566e-01  5.32538595e-01 -1.13722164e-01 -2.03800566e-01
  5.00000000e-01 -8.06599438e-17]
5: [ 2.31485244e-01 -2.31485244e-01  1.88860232e-01 -3.22943716e-01
 -2.37599981e-01 -1.88860232e-01 -3.22943716e-01 -2.37599981e-01
 -3.26386574e-16 -7.07106781e-01]
6: [ 2.31485244e-01 -2.31485244e-01  1.88860232e-01 -3.22943716e-01
 -2.37599981e-01 -1.88860232e-01 -3.22943716e-01 -2.37599981e-01
  3.01650410e-16  7.07106781e-01]
7: [-4.83485061e-01 -4.83485061e-01 -3.17475374e-01  3.71084226e-01
  1.66577549e-01 -3.17475374e-01 -3.71084226e-01 -1.66577549e-01
 -2.47258701e-17 -5.36023769e-17]
8: [-5.71582439e-02 -5.71582439e-02  2.91676581e-01  3.54985939e-01
 -4.00802558e-01  2.91676581e-01 -3.54985939e-01  4.00802558e-01
 -5.00000000e-01  8.06599438e-17]
9: [ 1.19381938e-01 -1.19381938e-01 -4.90310375e-01 -4.07902912e-01
  2.80996268e-01  4.90310375e-01 -4.07902912e-01  2.80996268e-01
 -2.60926614e-17  3.35989171e-32]
10: [ 5.46846813e-01 -5.46846813e-01  1.55957862e-01  2.19486496e-01
  3.58415104e-01 -1.55957862e-01  2.19486496e-01  3.58415104e-01
 -8.69755379e-18 -3.23510347e-33]

n = 8
[0 1 0 0 0 0 0 0 1 1 1]
[1 0 1 0 0 0 0 0 0 0 0]
[0 1 0 1 0 0 0 0 0 0 0]
[0 0 1 0 1 0 0 0 0 0 0]
[0 0 0 1 0 1 0 0 0 0 0]
[0 0 0 0 1 0 1 0 0 0 0]
[0 0 0 0 0 1 0 1 0 0 0]
[0 0 0 0 0 0 1 0 0 0 0]
[1 0 0 0 0 0 0 0 0 0 0]
[1 0 0 0 0 0 0 0 0 0 0]
[1 0 0 0 0 0 0 0 0 0 0]

Eigenvalues: 
1: -2.1202612236714895
2: -1.7943485924140303
3: -1.3342837512694978
4: -0.7102762444254169
5: 0.0
6: 0.0
7: 0.0
8: 0.7102762444254174
9: 1.3342837512694952
10: 1.7943485924140288
11: 2.120261223671489

Eigenvectors: 
1: [ 6.17692400e-01 -2.50331991e-01  2.07355557e-01 -1.13109089e-01
 -6.17692400e-01 -2.50331991e-01 -1.13109089e-01 -2.07355557e-01
  1.40117089e-32  1.40117089e-32  1.40117089e-32]
2: [-0.43568392  0.03064881  0.18954653 -0.39740115 -0.43568392 -0.03064881
  0.39740115  0.18954653 -0.2773501  -0.2773501  -0.2773501 ]
3: [ 3.06071314e-01  1.95337339e-01 -4.60264406e-01  3.95373685e-01
 -3.06071314e-01  1.95337339e-01  3.95373685e-01  4.60264406e-01
  1.56030519e-32  1.56030519e-32  1.56030519e-32]
4: [-0.21326722 -0.38115209  0.42457679  0.11657661 -0.21326722  0.38115209
 -0.11657661  0.42457679  0.2773501   0.2773501   0.2773501 ]
5: [-0.29132844  0.13951135 -0.15540589  0.15924662 -0.29132844 -0.13951135
 -0.15924662 -0.15540589  0.7591167  -0.2408833  -0.2408833 ]
6: [-0.29132844  0.13951135 -0.15540589  0.15924662 -0.29132844 -0.13951135
 -0.15924662 -0.15540589 -0.2408833   0.7591167  -0.2408833 ]
7: [-0.29132844  0.13951135 -0.15540589  0.15924662 -0.29132844 -0.13951135
 -0.15924662 -0.15540589 -0.2408833  -0.2408833   0.7591167 ]
8: [ 5.85495726e-02  4.00580175e-01  4.83604271e-01  3.19741114e-01
 -5.85495726e-02  4.00580175e-01  3.19741114e-01 -4.83604271e-01
  4.89057549e-32  4.89057549e-32  4.89057549e-32]
9: [-0.02761432 -0.22324546 -0.36244485 -0.45016445 -0.02761432  0.22324546
  0.45016445 -0.36244485  0.2773501   0.2773501   0.2773501 ]
10: [-0.09652607 -0.49553501 -0.28282047  0.22305993 -0.09652607  0.49553501
 -0.22305993 -0.28282047 -0.2773501  -0.2773501  -0.2773501 ]
11: [ 1.46110907e-01  4.88582380e-01 -1.06241509e-01 -4.78175285e-01
 -1.46110907e-01  4.88582380e-01 -4.78175285e-01  1.06241509e-01
 -4.86076918e-32 -4.86076918e-32 -4.86076918e-32]

n = 8
[0 1 0 0 0 0 0 0 1 0 0]
[1 0 1 0 0 0 0 0 0 0 0]
[0 1 0 1 0 0 0 0 0 0 0]
[0 0 1 0 1 0 0 0 0 0 0]
[0 0 0 1 0 1 0 0 0 0 0]
[0 0 0 0 1 0 1 0 0 0 0]
[0 0 0 0 0 1 0 1 0 0 0]
[0 0 0 0 0 0 1 0 0 0 0]
[1 0 0 0 0 0 0 0 0 1 1]
[0 0 0 0 0 0 0 0 1 0 0]
[0 0 0 0 0 0 0 0 1 0 0]

Eigenvalues: 
1: -1.9753766811902718
2: -1.7820130483767374
3: -1.4142135623730954
4: -0.907980999479094
5: -0.3128689300804617
6: -6.261178501897196e-49
7: 0.31286893008046185
8: 0.9079809994790929
9: 1.414213562373095
10: 1.7820130483767356
11: 1.9753766811902769

Eigenvectors: 
1: [ 4.25325404e-01 -2.62865556e-01 -4.25325404e-01  2.62865556e-01
  2.62865556e-01 -2.62865556e-01  4.25325404e-01 -4.25325404e-01
  2.25143433e-17 -2.25143433e-17 -8.74366548e-44]
2: [-3.98470231e-01  6.99596196e-02 -3.98470231e-01  6.99596196e-02
 -4.41707654e-01 -4.41707654e-01 -2.03030724e-01 -2.03030724e-01
 -3.16227766e-01 -3.16227766e-01  2.41534326e-17]
3: [-4.41707654e-01  3.98470231e-01 -4.41707654e-01  3.98470231e-01
  2.03030724e-01  2.03030724e-01  6.99596196e-02  6.99596196e-02
  3.16227766e-01  3.16227766e-01 -2.41534326e-17]
4: [ 2.62865556e-01  4.25325404e-01 -2.62865556e-01 -4.25325404e-01
 -4.25325404e-01  4.25325404e-01  2.62865556e-01 -2.62865556e-01
 -9.09085696e-17  9.09085696e-17  3.33245160e-32]
5: [ 1.38196601e-01  3.61803399e-01 -1.38196601e-01 -3.61803399e-01
  3.61803399e-01 -3.61803399e-01 -1.38196601e-01  1.38196601e-01
 -4.47213595e-01  4.47213595e-01 -5.73600270e-17]
6: [ 0.2236068  -0.2236068  -0.2236068   0.2236068  -0.2236068   0.2236068
 -0.2236068   0.2236068  -0.2236068   0.2236068   0.70710678]
7: [-6.99596196e-02 -2.03030724e-01 -6.99596196e-02 -2.03030724e-01
 -3.98470231e-01 -3.98470231e-01  4.41707654e-01  4.41707654e-01
  3.16227766e-01  3.16227766e-01 -2.41534326e-17]
8: [-2.03030724e-01 -4.41707654e-01 -2.03030724e-01 -4.41707654e-01
  6.99596196e-02  6.99596196e-02 -3.98470231e-01 -3.98470231e-01
  3.16227766e-01  3.16227766e-01 -2.41534326e-17]
9: [ 0.2236068  -0.2236068  -0.2236068   0.2236068  -0.2236068   0.2236068
 -0.2236068   0.2236068  -0.2236068   0.2236068  -0.70710678]
10: [-3.16227766e-01 -3.16227766e-01 -3.16227766e-01 -3.16227766e-01
  3.16227766e-01  3.16227766e-01  3.16227766e-01  3.16227766e-01
 -3.16227766e-01 -3.16227766e-01  2.41534326e-17]
11: [ 3.61803399e-01  1.38196601e-01 -3.61803399e-01 -1.38196601e-01
  1.38196601e-01 -1.38196601e-01 -3.61803399e-01  3.61803399e-01
  4.47213595e-01 -4.47213595e-01  4.54542850e-17]

n = 8
[0 1 0 0 0 0 0 0 0 0 0]
[1 0 1 0 0 0 0 0 1 1 1]
[0 1 0 1 0 0 0 0 0 0 0]
[0 0 1 0 1 0 0 0 0 0 0]
[0 0 0 1 0 1 0 0 0 0 0]
[0 0 0 0 1 0 1 0 0 0 0]
[0 0 0 0 0 1 0 1 0 0 0]
[0 0 0 0 0 0 1 0 0 0 0]
[0 1 0 0 0 0 0 0 0 0 0]
[0 1 0 0 0 0 0 0 0 0 0]
[0 1 0 0 0 0 0 0 0 0 0]

Eigenvalues: 
1: -2.3091657587027035
2: -1.7592008378076345
3: -1.1831332580922045
4: -0.41612690935344326
5: 0.0
6: 0.0
7: 1.2649460593574968e-16
8: 0.4161269093534428
9: 1.183133258092202
10: 1.7592008378076334
11: 2.3091657587026995

Eigenvectors: 
1: [-2.89029031e-01 -2.89029031e-01 -9.94908017e-02  1.22664628e-01
 -9.94908017e-02 -1.22664628e-01 -1.28519215e-01  8.66025404e-01
 -1.28519215e-01 -3.53086749e-17 -3.53086749e-17]
2: [-3.85057916e-01 -3.85057916e-01  9.00603086e-02 -3.18952036e-01
  9.00603086e-02  3.18952036e-01  4.91822265e-01  5.43389548e-17
  4.91822265e-01  9.91631646e-18  9.91631646e-18]
3: [ 2.21746612e-01 -2.21746612e-01 -3.33458472e-01  5.22491362e-01
  3.33458472e-01  5.22491362e-01 -2.58140783e-01  2.46674089e-17
  2.58140783e-01 -1.07888966e-32 -1.07888966e-32]
4: [-3.81099559e-02 -3.81099559e-02  4.53567542e-01  4.98545516e-01
  4.53567542e-01 -4.98545516e-01  2.10419783e-01  6.04901027e-17
  2.10419783e-01  4.15457449e-17  3.27686612e-17]
5: [-0.28902903 -0.28902903 -0.0994908   0.12266463 -0.0994908  -0.12266463
 -0.12851921 -0.28867513 -0.12851921  0.78867513 -0.21132487]
6: [-0.28902903 -0.28902903 -0.0994908   0.12266463 -0.0994908  -0.12266463
 -0.12851921 -0.28867513 -0.12851921 -0.21132487  0.78867513]
7: [ 1.65037766e-02 -1.65037766e-02 -2.57825901e-01 -4.21377315e-01
  2.57825901e-01 -4.21377315e-01 -5.05662524e-01  1.19582111e-16
  5.05662524e-01 -8.86055598e-33 -8.86055598e-33]
8: [-0.28902903 -0.28902903 -0.0994908   0.12266463 -0.0994908  -0.12266463
 -0.12851921 -0.28867513 -0.12851921 -0.57735027 -0.57735027]
9: [ 7.14984285e-02 -7.14984285e-02 -5.40090498e-01 -1.68468465e-01
  5.40090498e-01 -1.68468465e-01  4.18101190e-01  1.22811252e-16
 -4.18101190e-01  1.26842203e-33  1.26842203e-33]
10: [-1.26991767e-01 -1.26991767e-01  4.96560115e-01 -2.99224872e-01
  4.96560115e-01  2.99224872e-01 -3.84402939e-01 -1.52021614e-16
 -3.84402939e-01 -6.13799120e-17 -6.30734952e-17]
11: [ 6.67415942e-01 -6.67415942e-01  1.75024302e-01 -1.45128600e-01
 -1.75024302e-01 -1.45128600e-01  5.34803036e-02  4.23916116e-17
 -5.34803036e-02  6.98243780e-34  6.98243780e-34]

n = 8
[0 1 0 0 0 0 0 0 0 0 0]
[1 0 1 0 0 0 0 0 1 0 0]
[0 1 0 1 0 0 0 0 0 0 0]
[0 0 1 0 1 0 0 0 0 0 0]
[0 0 0 1 0 1 0 0 0 0 0]
[0 0 0 0 1 0 1 0 0 0 0]
[0 0 0 0 0 1 0 1 0 0 0]
[0 0 0 0 0 0 1 0 0 0 0]
[0 1 0 0 0 0 0 0 0 1 1]
[0 0 0 0 0 0 0 0 1 0 0]
[0 0 0 0 0 0 0 0 1 0 0]

Eigenvalues: 
1: -2.0909639245175797
2: -1.7563144826425325
3: -1.2912896857560077
4: -0.8709501447991262
5: -0.3424121743756259
6: 0.0
7: 0.34241217437562543
8: 0.8709501447991282
9: 1.29128968575601
10: 1.7563144826425359
11: 2.090963924517582

Eigenvectors: 
1: [-2.58913986e-01 -1.00032168e-01  6.94280500e-02 -4.30727272e-01
 -4.82297498e-01 -2.58913986e-01  4.82297498e-01  1.00032168e-01
 -4.30727272e-01  6.94280500e-02 -3.11192241e-32]
2: [ 5.41379803e-01  1.75687945e-01 -8.96517248e-02  3.75141980e-01
  1.65144535e-01 -5.41379803e-01  1.65144535e-01  1.75687945e-01
 -3.75141980e-01  8.96517248e-02  4.99358617e-33]
3: [-3.95881055e-01  7.59532514e-02  3.94433489e-01 -1.59187719e-01
  3.95715537e-01 -3.95881055e-01 -3.95715537e-01 -7.59532514e-02
 -1.59187719e-01  3.94433489e-01 -2.96634145e-33]
4: [ 2.86393202e-01 -3.09085741e-01 -4.19676171e-01 -2.36497413e-01
 -3.00642353e-01 -2.86393202e-01 -3.00642353e-01 -3.09085741e-01
  2.36497413e-01  4.19676171e-01  5.71245083e-17]
5: [-2.02956798e-01  4.66898512e-01  1.47490022e-01  3.65165175e-01
 -2.92771936e-01 -2.02956798e-01  2.92771936e-01 -4.66898512e-01
  3.65165175e-01  1.47490022e-01 -1.60420134e-33]
6: [ 0.22822517  0.16197803  0.26957173 -0.30218151 -0.08771435 -0.22822517
 -0.08771435  0.16197803  0.30218151 -0.26957173  0.70710678]
7: [-8.55588801e-02  4.30463813e-01 -4.43484385e-01 -2.94145070e-01
  1.55501967e-01 -8.55588801e-02 -1.55501967e-01 -4.30463813e-01
 -2.94145070e-01 -4.43484385e-01  1.08457299e-32]
8: [-4.77210598e-01 -2.84484366e-01 -3.48095191e-01  2.63185030e-01
  3.00344613e-02 -4.77210598e-01 -3.00344613e-02  2.84484366e-01
  2.63185030e-01 -3.48095191e-01  2.07808106e-32]
9: [ 0.22822517  0.16197803  0.26957173 -0.30218151 -0.08771435 -0.22822517
 -0.08771435  0.16197803  0.30218151 -0.26957173 -0.70710678]
10: [ 4.09183913e-02 -2.45094951e-01  3.43442986e-01  3.37728941e-01
 -4.54136794e-01 -4.09183913e-02 -4.54136794e-01 -2.45094951e-01
 -3.37728941e-01 -3.43442986e-01 -1.88189310e-17]
11: [ 1.37982140e-01 -5.10934877e-01  2.29223827e-01 -8.15432496e-02
  4.00891028e-01 -1.37982140e-01  4.00891028e-01 -5.10934877e-01
  8.15432496e-02 -2.29223827e-01  5.83750270e-33]

