Tables using graphs: 
  n    |V|   |E|   deg   alpha   sigma
  4    7     7     3     4       2
  4    7     7     4     4       1
  5    8     8     3     4       1
  5    8     8     4     5       2
  6    9     9     3     5       1
  6    9     9     4     5       1
  7    10    10    3     5       1
  7    10    10    4     6       1
  8    11    11    3     6       1
  8    11    11    4     6       1
  9    12    12    3     6       1
  9    12    12    4     7       1
  10   13    13    3     7       1
  10   13    13    4     7       1

Table using formulas: 
  n    deg            alpha          sigma
  4    not finished   not finished   not finished
  5    not finished   not finished   not finished
  6    not finished   not finished   not finished
  7    not finished   not finished   not finished
  8    not finished   not finished   not finished
  9    not finished   not finished   not finished
  10   not finished   not finished   not finished

Adjacency matrices: 
n = 6
[0 1 0 0 0 0 1 0 1]
[1 0 1 0 0 0 0 0 0]
[0 1 0 1 0 0 0 0 0]
[0 0 1 0 1 0 0 0 0]
[0 0 0 1 0 1 0 0 0]
[0 0 0 0 1 0 0 0 0]
[1 0 0 0 0 0 0 1 0]
[0 0 0 0 0 0 1 0 1]
[1 0 0 0 0 0 0 1 0]

Eigenvalues: 
1: -2.195997019217434
2: -1.7018996772680817
3: -1.0758365278413287
4: -0.3517248149694118
5: 0.0
6: 0.3517248149694119
7: 1.0758365278413273
8: 1.7018996772680783
9: 2.195997019217433

Eigenvectors: 
1: [-5.44426526e-01  9.73510173e-02  1.36190710e-01  5.44426526e-01
 -4.19016262e-01 -4.19016262e-01  9.73510173e-02 -1.36190710e-01
 -4.66067790e-32]
2: [ 3.48366712e-01  2.03952676e-01 -4.94307108e-01  3.48366712e-01
  3.04474010e-01 -3.04474010e-01 -2.03952676e-01 -4.94307108e-01
 -6.03509873e-17]
3: [-2.20585736e-01 -4.44458011e-01  3.95602933e-01  2.20585736e-01
  3.11925198e-01  3.11925198e-01 -4.44458011e-01 -3.95602933e-01
  1.26211258e-31]
4: [-7.81552963e-02 -4.95790962e-01 -4.69516154e-01  7.81552963e-02
 -1.66245759e-01 -1.66245759e-01 -4.95790962e-01  4.69516154e-01
  3.32762388e-32]
5: [ 0.42359616 -0.18481717  0.17389408  0.42359616 -0.0785478   0.0785478
  0.18481717  0.17389408  0.70710678]
6: [ 3.55898918e-02  2.91316209e-01  4.36419606e-01  3.55898918e-02
  4.72658601e-01 -4.72658601e-01 -2.91316209e-01  4.36419606e-01
 -6.35567529e-17]
7: [-3.85789374e-01  2.17189266e-01 -3.23272317e-01  3.85789374e-01
  4.46643471e-01  4.46643471e-01  2.17189266e-01  3.23272317e-01
  4.44472149e-32]
8: [ 0.42359616 -0.18481717  0.17389408  0.42359616 -0.0785478   0.0785478
  0.18481717  0.17389408 -0.70710678]
9: [ 1.36038906e-01  5.52470270e-01  6.87030225e-02  1.36038906e-01
 -4.14185842e-01  4.14185842e-01 -5.52470270e-01  6.87030225e-02
  1.62601673e-17]

n = 6
[0 1 0 0 0 0 0 0 0]
[1 0 1 0 0 0 1 0 1]
[0 1 0 1 0 0 0 0 0]
[0 0 1 0 1 0 0 0 0]
[0 0 0 1 0 1 0 0 0]
[0 0 0 0 1 0 0 0 0]
[0 1 0 0 0 0 0 1 0]
[0 0 0 0 0 0 1 0 1]
[0 1 0 0 0 0 0 1 0]

Eigenvalues: 
1: -2.337427198655919
2: -1.5930705766462872
3: -0.9074033466439771
4: -0.41854437674721584
5: 3.852850938437174e-64
6: 0.41854437674721606
7: 0.907403346643977
8: 1.5930705766462867
9: 2.337427198655919

Eigenvectors: 
1: [-2.52666143e-01 -2.52666143e-01 -3.93095933e-02  3.93095933e-02
 -3.31303326e-01 -3.31303326e-01 -5.69958492e-01  5.69958492e-01
 -6.25048307e-17]
2: [-3.30660839e-01 -3.30660839e-01  3.10499164e-01 -3.10499164e-01
 -4.05167898e-01 -4.05167898e-01  3.60683591e-01 -3.60683591e-01
  1.53303213e-16]
3: [-9.54683260e-02 -9.54683260e-02  5.77271338e-01 -5.77271338e-01
  3.44349225e-01  3.44349225e-01 -1.97654273e-01  1.97654273e-01
 -4.52027947e-18]
4: [-0.39856557 -0.39856557 -0.18547618  0.18547618  0.23184121  0.23184121
  0.05471496 -0.05471496 -0.70710678]
5: [-0.39856557 -0.39856557 -0.18547618  0.18547618  0.23184121  0.23184121
  0.05471496 -0.05471496  0.70710678]
6: [ 3.41029292e-01 -3.41029292e-01  2.32853689e-01  2.32853689e-01
 -5.10999235e-01  5.10999235e-01 -2.61453560e-01 -2.61453560e-01
 -1.15891839e-33]
7: [ 4.08433367e-02 -4.08433367e-02 -3.62363945e-01 -3.62363945e-01
 -3.79488600e-01  3.79488600e-01  4.72242095e-01  4.72242095e-01
  4.59551929e-33]
8: [ 1.82306925e-01 -1.82306925e-01 -5.57270039e-01 -5.57270039e-01
  6.70249602e-02 -6.70249602e-02 -3.89515010e-01 -3.89515010e-01
 -1.72837102e-34]
9: [ 5.90588714e-01 -5.90588714e-01  6.26229565e-02  6.26229565e-02
  3.00625747e-01 -3.00625747e-01  2.38552922e-01  2.38552922e-01
 -2.19246349e-33]

n = 7
[0 1 0 0 0 0 0 1 0 1]
[1 0 1 0 0 0 0 0 0 0]
[0 1 0 1 0 0 0 0 0 0]
[0 0 1 0 1 0 0 0 0 0]
[0 0 0 1 0 1 0 0 0 0]
[0 0 0 0 1 0 1 0 0 0]
[0 0 0 0 0 1 0 0 0 0]
[1 0 0 0 0 0 0 0 1 0]
[0 0 0 0 0 0 0 1 0 1]
[1 0 0 0 0 0 0 0 1 0]

Eigenvalues: 
1: (-2.19680563885121+0j)
2: (-1.7755125082098808+0j)
3: (-1.2706150819005861+0j)
4: (-0.6380733750506644+0j)
5: (3.767613538536682e-32+0j)
6: (3.767613538536682e-32+0j)
7: (0.6380733750506645+0j)
8: (1.2706150819005868+0j)
9: (1.7755125082098795+0j)
10: (2.1968056388512127+0j)

Eigenvectors: 
1: [ 5.42843583e-01+0.j         -5.42843583e-01+0.j
  1.07432120e-01+0.j         -1.07432120e-01+0.j
  5.24879973e-02+0.j          5.24879973e-02+0.j
  3.01702160e-01+0.j         -3.01702160e-01+0.j
 -3.42192024e-16-0.05315203j -3.42192024e-16+0.05315203j]
2: [ 2.22839634e-01+0.j         -2.22839634e-01+0.j
 -3.56506810e-01+0.j          3.56506810e-01+0.j
  4.71845751e-01+0.j          4.71845751e-01+0.j
 -2.46369512e-02+0.j          2.46369512e-02+0.j
  3.42192024e-16+0.05315203j  3.42192024e-16-0.05315203j]
3: [ 8.68911980e-02+0.j         -8.68911980e-02+0.j
 -5.18286493e-01+0.j          5.18286493e-01+0.j
 -2.34402140e-01+0.j         -2.34402140e-01+0.j
 -2.62458888e-01+0.j          2.62458888e-01+0.j
 -3.42192024e-16-0.05315203j -3.42192024e-16+0.05315203j]
4: [ 2.27109827e-02+0.j         -2.27109827e-02+0.j
 -2.40789694e-01+0.j          2.40789694e-01+0.j
 -3.81474979e-01+0.j         -3.81474979e-01+0.j
  4.42697837e-01+0.j         -4.42697837e-01+0.j
  3.42192024e-16+0.05315203j  3.42192024e-16-0.05315203j]
5: [ 3.84184165e-01+0.j         -3.84184165e-01+0.j
  1.86442132e-01+0.j         -1.86442132e-01+0.j
 -2.72284915e-01+0.j         -2.72284915e-01+0.j
 -3.78817613e-01+0.j          3.78817613e-01+0.j
  3.42192024e-16+0.05315203j  3.42192024e-16-0.05315203j]
6: [-0.42198897+0.j -0.42198897+0.j -0.16551517+0.j -0.16551517+0.j
  0.17298466+0.j -0.17298466+0.j  0.12085672+0.j  0.12085672+0.j
  0.70209483+0.j  0.70209483+0.j]
7: [-0.42198897+0.j -0.42198897+0.j -0.16551517+0.j -0.16551517+0.j
  0.17298466+0.j -0.17298466+0.j  0.12085672+0.j  0.12085672+0.j
 -0.70209483+0.j -0.70209483+0.j]
8: [-4.98916148e-02+0.j -4.98916148e-02+0.j  4.27525113e-01+0.j
  4.27525113e-01+0.j  4.84707862e-01+0.j -4.84707862e-01+0.j
 -2.82473703e-01+0.j -2.82473703e-01+0.j -9.37156586e-18+0.j
 -9.37156586e-18+0.j]
9: [-1.40991459e-01+0.j -1.40991459e-01+0.j  4.92699037e-01+0.j
  4.92699037e-01+0.j -1.86872967e-01+0.j  1.86872967e-01+0.j
  4.49941731e-01+0.j  4.49941731e-01+0.j -2.61683856e-17+0.j
 -2.61683856e-17+0.j]
10: [-3.48543906e-01+0.j -3.48543906e-01+0.j  1.40283264e-01+0.j
  1.40283264e-01+0.j -4.12661360e-01+0.j  4.12661360e-01+0.j
 -4.34221549e-01+0.j -4.34221549e-01+0.j -9.67913360e-17+0.j
 -9.67913360e-17+0.j]

n = 7
[0 1 0 0 0 0 0 0 0 0]
[1 0 1 0 0 0 0 1 0 1]
[0 1 0 1 0 0 0 0 0 0]
[0 0 1 0 1 0 0 0 0 0]
[0 0 0 1 0 1 0 0 0 0]
[0 0 0 0 1 0 1 0 0 0]
[0 0 0 0 0 1 0 0 0 0]
[0 1 0 0 0 0 0 0 1 0]
[0 0 0 0 0 0 0 1 0 1]
[0 1 0 0 0 0 0 0 1 0]

Eigenvalues: 
1: -2.338361042453899
2: -1.7066795148598228
3: -1.0959561441169086
4: -0.6466782808044098
5: 0.0
6: 2.8698406087244564e-16
7: 0.6466782808044108
8: 1.0959561441169077
9: 1.7066795148598275
10: 2.338361042453899

Eigenvectors: 
1: [-2.52018179e-01 -2.52018179e-01 -4.89549790e-02 -1.45058510e-01
 -5.36701292e-01 -5.00000000e-01 -4.89549790e-02 -5.36701292e-01
 -1.45058510e-01 -3.20476267e-17]
2: [-3.31279744e-01 -3.31279744e-01  2.18808302e-01 -4.65366394e-01
  2.84741583e-02  5.00000000e-01  2.18808302e-01  2.84741583e-02
 -4.65366394e-01 -2.83033606e-17]
3: [ 1.85342156e-01 -1.85342156e-01 -4.56986107e-01  3.51043393e-01
 -3.65486688e-01  1.50726343e-16  4.56986107e-01  3.65486688e-01
 -3.51043393e-01 -1.98985828e-31]
4: [-1.02117133e-01 -1.02117133e-01  5.61120525e-01  8.06382303e-02
  2.07878145e-01 -5.00000000e-01  5.61120525e-01  2.07878145e-01
  8.06382303e-02 -1.57874594e-17]
5: [-3.97360216e-01 -3.97360216e-01 -1.56223591e-01  2.18096123e-01
  1.41891259e-01  1.18186603e-16 -1.56223591e-01  1.41891259e-01
  2.18096123e-01  7.07106781e-01]
6: [ 5.34445706e-02 -5.34445706e-02 -5.00666799e-01 -4.39419357e-01
  2.31056407e-01 -4.23602131e-17  5.00666799e-01 -2.31056407e-01
  4.39419357e-01 -1.32018475e-33]
7: [-3.97360216e-01 -3.97360216e-01 -1.56223591e-01  2.18096123e-01
  1.41891259e-01  1.05176177e-16 -1.56223591e-01  1.41891259e-01
  2.18096123e-01 -7.07106781e-01]
8: [ 3.39862159e-01 -3.39862159e-01  1.83073142e-01 -3.98001551e-01
 -4.38831064e-01 -4.35295461e-17 -1.83073142e-01  4.38831064e-01
  3.98001551e-01 -6.05038209e-32]
9: [-2.28555683e-02 -2.28555683e-02  2.93357244e-01  4.00946114e-01
 -3.57297305e-01  5.00000000e-01  2.93357244e-01 -3.57297305e-01
  4.00946114e-01 -3.15091263e-17]
10: [ 5.89309491e-01 -5.89309491e-01  8.35504599e-02  1.58977765e-01
  3.47073069e-01 -6.07580490e-17 -8.35504599e-02 -3.47073069e-01
 -1.58977765e-01  7.05240154e-32]

n = 8
[0 1 0 0 0 0 0 0 1 0 1]
[1 0 1 0 0 0 0 0 0 0 0]
[0 1 0 1 0 0 0 0 0 0 0]
[0 0 1 0 1 0 0 0 0 0 0]
[0 0 0 1 0 1 0 0 0 0 0]
[0 0 0 0 1 0 1 0 0 0 0]
[0 0 0 0 0 1 0 1 0 0 0]
[0 0 0 0 0 0 1 0 0 0 0]
[1 0 0 0 0 0 0 0 0 1 0]
[0 0 0 0 0 0 0 0 1 0 1]
[1 0 0 0 0 0 0 0 0 1 0]

Eigenvalues: 
1: -2.197136267585093
2: -1.826011911533874
3: -1.4142135623730947
4: -0.869543538486762
5: -0.28664744072563086
6: 0.0
7: 0.2866474407256304
8: 0.8695435384867632
9: 1.414213562373095
10: 1.8260119115338729
11: 2.1971362675850954

Eigenvectors: 
1: [-5.42010337e-01  5.42010337e-01  1.08177016e-01  1.08177016e-01
  1.99507277e-01 -3.93343837e-01  3.93343837e-01  1.99507277e-01
  2.39252554e-17  2.39252554e-17  2.21272907e-48]
2: [ 1.42959330e-01  1.42959330e-01 -4.27573339e-01  4.27573339e-01
 -2.83820657e-01  3.24157977e-01  3.24157977e-01  2.83820657e-01
  3.33333333e-01 -3.33333333e-01 -4.24905945e-17]
3: [ 0.42118812  0.42118812  0.1480399  -0.1480399  -0.13946547  0.05879083
  0.05879083  0.13946547 -0.16666667  0.16666667 -0.70710678]
4: [ 1.45555420e-02  1.45555420e-02 -2.02188334e-01  2.02188334e-01
  4.07424389e-01  4.26382773e-01  4.26382773e-01 -4.07424389e-01
 -3.33333333e-01  3.33333333e-01  4.54693349e-17]
5: [-3.19805092e-02  3.19805092e-02 -3.69198307e-01 -3.69198307e-01
  3.54273245e-01  1.22221531e-01 -1.22221531e-01  3.54273245e-01
  4.71404521e-01  4.71404521e-01 -1.90089897e-33]
6: [ 0.42118812  0.42118812  0.1480399  -0.1480399  -0.13946547  0.05879083
  0.05879083  0.13946547 -0.16666667  0.16666667  0.70710678]
7: [ 5.57099946e-02  5.57099946e-02 -4.71972172e-01  4.71972172e-01
 -9.93683782e-02 -3.91348284e-01 -3.91348284e-01  9.93683782e-02
 -3.33333333e-01  3.33333333e-01 -6.76435757e-18]
8: [-9.04219405e-02  9.04219405e-02 -4.92628501e-01 -4.92628501e-01
 -4.40678376e-01 -2.34400515e-01  2.34400515e-01 -4.40678376e-01
  7.53176499e-17  7.53176499e-17  5.63537704e-48]
9: [-3.83397359e-01  3.83397359e-01  1.62145597e-01  1.62145597e-01
 -3.20778574e-01  4.10196077e-01 -4.10196077e-01 -3.20778574e-01
  2.35702260e-01  2.35702260e-01 -1.79531836e-33]
10: [-2.23679189e-01  2.23679189e-01 -2.88125508e-01 -2.88125508e-01
  1.93883958e-01  3.27319569e-01 -3.27319569e-01  1.93883958e-01
 -4.71404521e-01 -4.71404521e-01  3.59063671e-33]
11: [ 3.48494327e-01  3.48494327e-01 -9.85472718e-02  9.85472718e-02
  4.52411200e-01 -2.30332660e-01 -2.30332660e-01 -4.52411200e-01
  3.33333333e-01 -3.33333333e-01 -8.07961718e-17]

n = 8
[0 1 0 0 0 0 0 0 0 0 0]
[1 0 1 0 0 0 0 0 1 0 1]
[0 1 0 1 0 0 0 0 0 0 0]
[0 0 1 0 1 0 0 0 0 0 0]
[0 0 0 1 0 1 0 0 0 0 0]
[0 0 0 0 1 0 1 0 0 0 0]
[0 0 0 0 0 1 0 1 0 0 0]
[0 0 0 0 0 0 1 0 0 0 0]
[0 1 0 0 0 0 0 0 0 1 0]
[0 0 0 0 0 0 0 0 1 0 1]
[0 1 0 0 0 0 0 0 0 1 0]

Eigenvalues: 
1: -2.338654543116966
2: -1.7808166441021926
3: -1.272955817553679
4: -0.7906585895100577
5: -0.33738626148253964
6: 8.80431646753393e-63
7: 0.3373862614825398
8: 0.7906585895100576
9: 1.2729558175536795
10: 1.780816644102193
11: 2.3386545431169687

Eigenvectors: 
1: [ 2.51755704e-01  2.51755704e-01  4.91994823e-02 -4.91994823e-02
 -4.45164136e-02 -4.27084205e-01 -4.99815814e-01 -4.45164136e-02
 -4.27084205e-01  4.99815814e-01 -1.56637365e-18]
2: [ 3.31395201e-01  3.31395201e-01 -1.59587276e-01  1.59587276e-01
 -4.07693902e-01 -2.28289435e-01  3.82594744e-01 -4.07693902e-01
 -2.28289435e-01 -3.82594744e-01 -9.65424628e-17]
3: [ 1.04177506e-01  1.04177506e-01 -5.02539824e-01  5.02539824e-01
 -1.80804898e-01  3.52564197e-01 -2.82150400e-01 -1.80804898e-01
  3.52564197e-01  2.82150400e-01 -2.69817397e-17]
4: [-5.73859258e-02  5.73859258e-02  5.23120349e-01  5.23120349e-01
 -2.32152251e-01 -1.21579119e-01  3.92906868e-01  2.32152251e-01
  1.21579119e-01  3.92906868e-01  1.17301175e-32]
5: [ 3.00283498e-02  3.00283498e-02 -4.29041600e-01  4.29041600e-01
  4.76324456e-01 -2.56436623e-01  1.49589021e-01  4.76324456e-01
 -2.56436623e-01 -1.49589021e-01 -9.12519064e-18]
6: [ 0.39688892  0.39688892  0.13320725 -0.13320725  0.19003759  0.1941929
  0.03016365  0.19003759  0.1941929  -0.03016365  0.70710678]
7: [-3.39416458e-01  3.39416458e-01 -1.49602432e-01 -1.49602432e-01
 -2.98576886e-01 -4.91218076e-01 -1.78807788e-01  2.98576886e-01
  4.91218076e-01 -1.78807788e-01 -3.24386451e-32]
8: [ 0.39688892  0.39688892  0.13320725 -0.13320725  0.19003759  0.1941929
  0.03016365  0.19003759  0.1941929  -0.03016365 -0.70710678]
9: [-1.28400109e-02  1.28400109e-02  2.40924073e-01  2.40924073e-01
 -3.74187736e-01  3.24332937e-01 -4.43376148e-01  3.74187736e-01
 -3.24332937e-01 -4.43376148e-01 -5.11934508e-32]
10: [-1.86249273e-01  1.86249273e-01  3.71810934e-01  3.71810934e-01
  4.62308897e-01 -1.57178792e-01 -2.97713199e-01 -4.62308897e-01
  1.57178792e-01 -2.97713199e-01 -2.41894556e-32]
11: [-5.88769620e-01  5.88769620e-01 -8.76152569e-02 -8.76152569e-02
  5.66674277e-02  3.37677795e-01  1.68630989e-01 -5.66674277e-02
 -3.37677795e-01  1.68630989e-01  5.24224133e-34]

