Tables using graphs: 
  n    |V|   |E|   deg   alpha   sigma
  5    8     11    5     3       1
  6    9     12    5     4       1
  7    10    13    5     4       1
  8    11    14    5     5       1
  9    12    15    5     5       1
  10   13    16    5     6       1

Table using formulas: 
  n    deg            alpha          sigma
  5    not finished   not finished   not finished
  6    not finished   not finished   not finished
  7    not finished   not finished   not finished
  8    not finished   not finished   not finished
  9    not finished   not finished   not finished
  10   not finished   not finished   not finished

Adjacency matrices: 
n = 6
[0 1 0 0 0 1 1 1 1]
[1 0 1 0 0 0 0 0 0]
[0 1 0 1 0 0 0 0 0]
[0 0 1 0 1 0 0 0 0]
[0 0 0 1 0 1 0 0 0]
[1 0 0 0 1 0 0 0 0]
[1 0 0 0 0 0 0 1 1]
[1 0 0 0 0 0 1 0 1]
[1 0 0 0 0 0 1 1 0]

Eigenvalues: 
1: -2.1732516839247884
2: -1.2930506255211223
3: -1.0000000000000002
4: -0.9999999999999999
5: -0.9999999999999998
6: 0.5057548508023363
7: 0.9999999999999999
8: 1.7571922386446186
9: 3.2033552199989526

Eigenvectors: 
1: [ 0.19348863 -0.40722579 -0.09747798 -0.293075   -0.44870302  0.49552593
  0.5        -0.12411354  0.14872397]
2: [ 0.07502438  0.32500796 -0.38425687 -0.47345545  0.13010673 -0.49552593
  0.5         0.12411354 -0.14872397]
3: [ 4.52724521e-01 -1.34187009e-01 -1.54962950e-01  1.71055786e-01
  2.38943696e-01 -1.02202580e-01 -1.76630873e-16  2.63111465e-01
  7.21203138e-01]
4: [ 4.52724521e-01 -1.34187009e-01 -1.54962950e-01  1.71055786e-01
  2.38943696e-01  1.83280829e-02  1.25085000e-16 -7.77520845e-01
 -1.04355819e-01]
5: [ 0.19348863 -0.40722579 -0.09747798 -0.293075   -0.44870302 -0.49552593
 -0.5         0.12411354 -0.14872397]
6: [ 0.07502438  0.32500796 -0.38425687 -0.47345545  0.13010673  0.49552593
 -0.5        -0.12411354  0.14872397]
7: [ 4.52724521e-01 -1.34187009e-01 -1.54962950e-01  1.71055786e-01
  2.38943696e-01  8.38744974e-02 -1.54671879e-16  5.14409379e-01
 -6.16847319e-01]
8: [ 4.68411270e-02 -2.99098321e-01  5.94341572e-01 -5.38877234e-01
  5.14505127e-01  1.23875749e-16 -7.72743266e-17  3.07610479e-17
 -1.43000052e-19]
9: [ 5.44788416e-01  5.59996160e-01  5.10300840e-01 -4.15336724e-02
 -3.57040459e-01 -9.20435236e-17  1.64831575e-16  1.28806920e-16
 -7.85788687e-18]

n = 7
[0 1 0 0 0 0 1 1 1 1]
[1 0 1 0 0 0 0 0 0 0]
[0 1 0 1 0 0 0 0 0 0]
[0 0 1 0 1 0 0 0 0 0]
[0 0 0 1 0 1 0 0 0 0]
[0 0 0 0 1 0 1 0 0 0]
[1 0 0 0 0 1 0 0 0 0]
[1 0 0 0 0 0 0 0 1 1]
[1 0 0 0 0 0 0 1 0 1]
[1 0 0 0 0 0 0 1 1 0]

Eigenvalues: 
1: -2.0714102742754816
2: -1.8019377358048396
3: -0.9999999999999999
4: -0.9999999999999999
5: -0.7355646950405804
6: -0.4450418679126291
7: 0.7907965522839886
8: 1.2469796037174659
9: 1.814611771182137
10: 3.201566645849934

Eigenvectors: 
1: [-6.46216289e-01  5.45058906e-01  4.52464129e-01  2.82650659e-01
  2.64596775e-02  6.06855871e-17 -8.55801109e-17  3.17841307e-16
 -4.64402440e-17 -1.56373295e-17]
2: [ 1.58720503e-01  4.53623532e-01 -1.65400632e-01 -2.33749465e-01
 -1.42725769e-01 -1.05528351e-16  1.79382939e-16 -2.97312887e-16
  7.07106781e-01  7.57065019e-02]
3: [ 1.58720503e-01  4.53623532e-01 -1.65400632e-01 -2.33749465e-01
 -1.42725769e-01  6.09369953e-17  3.33803712e-17  2.43782836e-16
  9.68903209e-16 -7.41913898e-01]
4: [ 1.58720503e-01  4.53623532e-01 -1.65400632e-01 -2.33749465e-01
 -1.42725769e-01 -4.27216374e-17 -2.48845129e-17 -3.23342189e-17
 -7.07106781e-01  6.66207396e-01]
5: [-2.46993997e-01  6.99169318e-02 -5.12554342e-01  8.30008407e-02
  4.05591536e-01  5.21120889e-01 -2.31920614e-01  4.17906506e-01
  2.59083660e-16  1.05437832e-17]
6: [ 4.31208775e-01  1.92085908e-01  8.16926283e-02  4.62383781e-01
  2.38095675e-01 -4.17906506e-01 -5.21120889e-01  2.31920614e-01
  3.17748963e-18  7.67433858e-17]
7: [ 8.04171294e-02  3.17578084e-02  2.95324250e-01 -3.96747002e-01
  4.97895501e-01  2.31920614e-01 -4.17906506e-01 -5.21120889e-01
 -2.10247199e-16 -2.19564449e-16]
8: [-2.46993997e-01  6.99169318e-02 -5.12554342e-01  8.30008407e-02
  4.05591536e-01 -5.21120889e-01  2.31920614e-01 -4.17906506e-01
 -1.32599660e-16  3.36766318e-17]
9: [ 8.04171294e-02  3.17578084e-02  2.95324250e-01 -3.96747002e-01
  4.97895501e-01 -2.31920614e-01  4.17906506e-01  5.21120889e-01
  5.67499941e-17  2.57169589e-16]
10: [ 4.31208775e-01  1.92085908e-01  8.16926283e-02  4.62383781e-01
  2.38095675e-01  4.17906506e-01  5.21120889e-01 -2.31920614e-01
  4.13799479e-17 -9.13429034e-17]

n = 8
[0 1 0 0 0 0 0 1 1 1 1]
[1 0 1 0 0 0 0 0 0 0 0]
[0 1 0 1 0 0 0 0 0 0 0]
[0 0 1 0 1 0 0 0 0 0 0]
[0 0 0 1 0 1 0 0 0 0 0]
[0 0 0 0 1 0 1 0 0 0 0]
[0 0 0 0 0 1 0 1 0 0 0]
[1 0 0 0 0 0 1 0 0 0 0]
[1 0 0 0 0 0 0 0 0 1 1]
[1 0 0 0 0 0 0 0 1 0 1]
[1 0 0 0 0 0 0 0 1 1 0]

Eigenvalues: 
1: -2.150987340254317
2: -1.6133245690964721
3: -1.4142135623730956
4: -1.0000000000000002
5: -1.0
6: -0.2912456168302494
7: -2.0491886928097024e-16
8: 1.0000000000000004
9: 1.414213562373095
10: 1.8546211525602472
11: 3.2009363736207863

Eigenvectors: 
1: [ 1.91615000e-01 -3.91877703e-01 -1.70967095e-01  2.04016767e-01
  4.47213595e-01  1.97136930e-01  3.53553391e-01  5.00000000e-01
 -3.53553391e-01  6.77781344e-17 -5.66176044e-17]
2: [ 6.81235873e-02  2.94178532e-01 -1.60836313e-01 -4.60203984e-01
  2.23606798e-01  3.48083527e-01  5.00000000e-01 -1.55166389e-16
  5.00000000e-01 -1.74412519e-16 -8.89820823e-17]
3: [ 4.53998936e-01 -1.32196367e-01 -1.20847635e-01 -1.74920136e-01
 -2.23606798e-01 -1.20586960e-01 -4.51732743e-17  6.24442890e-17
 -2.60652060e-16  8.15524546e-01  9.12954186e-03]
4: [ 4.53998936e-01 -1.32196367e-01 -1.20847635e-01 -1.74920136e-01
 -2.23606798e-01 -1.20586960e-01 -1.25908396e-16  3.55185281e-17
  2.15267441e-16 -3.73268990e-01 -7.11627348e-01]
5: [ 4.53998936e-01 -1.32196367e-01 -1.20847635e-01 -1.74920136e-01
 -2.23606798e-01 -1.20586960e-01 -4.78967563e-17 -2.05533679e-16
  2.81499418e-16 -4.42255556e-01  7.02497807e-01]
6: [ 2.64442682e-02 -2.40896595e-01  4.30448270e-01 -6.99843742e-02
 -2.23606798e-01  4.48426142e-01  3.53553391e-01 -5.00000000e-01
 -3.53553391e-01  1.45378069e-16 -4.18526963e-18]
7: [ 1.91615000e-01 -3.91877703e-01 -1.70967095e-01  2.04016767e-01
  4.47213595e-01  1.97136930e-01 -3.53553391e-01 -5.00000000e-01
  3.53553391e-01 -1.72024777e-17 -1.62651132e-17]
8: [ 1.65228328e-02  2.23986995e-01 -5.33616457e-01  4.80586626e-01
 -4.47213595e-01  4.83577082e-01  3.33774582e-17  2.26820949e-16
  5.85380015e-16  6.07737758e-17 -2.12922688e-17]
9: [ 6.81235873e-02  2.94178532e-01 -1.60836313e-01 -4.60203984e-01
  2.23606798e-01  3.48083527e-01 -5.00000000e-01 -1.30400485e-16
 -5.00000000e-01  3.17612166e-17  4.28552605e-17]
10: [ 2.64442682e-02 -2.40896595e-01  4.30448270e-01 -6.99843742e-02
 -2.23606798e-01  4.48426142e-01 -3.53553391e-01  5.00000000e-01
  3.53553391e-01 -6.82888201e-17 -2.50314320e-17]
11: [ 5.45223836e-01  5.48745445e-01  4.36661727e-01  4.00784995e-01
  2.23606798e-01  1.75307933e-02  9.09712820e-17  1.16268938e-16
 -2.34064236e-16  4.41267939e-17 -5.66442629e-17]

