Tables using graphs: 
  n    |V|   |E|   deg   alpha   sigma
  5    7     8     4     3       1
  6    8     9     4     4       1
  7    9     10    4     4       1
  8    10    11    4     5       1
  9    11    12    4     5       1
  10   12    13    4     6       1

Table using formulas: 
  n    deg            alpha          sigma
  5    not finished   not finished   not finished
  6    not finished   not finished   not finished
  7    not finished   not finished   not finished
  8    not finished   not finished   not finished
  9    not finished   not finished   not finished
  10   not finished   not finished   not finished

Adjacency matrices: 
n = 6
[0 1 0 0 0 1 1 1]
[1 0 1 0 0 0 0 0]
[0 1 0 1 0 0 0 0]
[0 0 1 0 1 0 0 0]
[0 0 0 1 0 1 0 0]
[1 0 0 0 1 0 0 0]
[1 0 0 0 0 0 0 1]
[1 0 0 0 0 0 1 0]

Eigenvalues: 
1: -2.1466494775790195
2: -1.2831342032773971
3: -1.0
4: -0.9999999999999991
5: 0.36830975406766137
6: 0.9999999999999996
7: 1.6052811296962495
8: 2.456192797092509

Eigenvectors: 
1: [ 5.38171732e-01 -5.95611955e-01 -5.07397242e-01 -1.89837598e-01
 -2.49253507e-01  2.18936563e-16  1.21162166e-16 -2.47682254e-17]
2: [ 3.34662273e-01 -1.96384741e-01  3.74859454e-01  4.48711746e-01
  8.70192844e-02  5.00000000e-01  5.00000000e-01 -3.78897634e-04]
3: [-1.71030086e-01 -4.09019984e-01  2.22237152e-01 -3.13635414e-01
  3.94581851e-01 -1.40710337e-16  1.37072793e-16  7.07106578e-01]
4: [-4.06602947e-01 -3.22448913e-01  1.03292226e-01  1.61264057e-01
 -4.40483100e-01  5.00000000e-01 -5.00000000e-01 -3.78897634e-04]
5: [ 3.34662273e-01 -1.96384741e-01  3.74859454e-01  4.48711746e-01
  8.70192844e-02 -5.00000000e-01 -5.00000000e-01  3.78897634e-04]
6: [-1.71030086e-01 -4.09019984e-01  2.22237152e-01 -3.13635414e-01
  3.94581851e-01 -1.15249938e-16  2.90092941e-17 -7.07106578e-01]
7: [-3.11799645e-01 -1.59909875e-01 -5.84287213e-01  5.59044441e-01
  4.72533152e-01  1.02227329e-16 -2.29060418e-16  2.89398555e-17]
8: [-4.06602947e-01 -3.22448913e-01  1.03292226e-01  1.61264057e-01
 -4.40483100e-01 -5.00000000e-01  5.00000000e-01  3.78897634e-04]

n = 7
[0 1 0 0 0 0 1 1 1]
[1 0 1 0 0 0 0 0 0]
[0 1 0 1 0 0 0 0 0]
[0 0 1 0 1 0 0 0 0]
[0 0 0 1 0 1 0 0 0]
[0 0 0 0 1 0 1 0 0]
[1 0 0 0 0 1 0 0 0]
[1 0 0 0 0 0 0 0 1]
[1 0 0 0 0 0 0 1 0]

Eigenvalues: 
1: -2.036801885854386
2: -1.8019377358048378
3: -1.0
4: -0.7462886803042317
5: -0.44504186791262845
6: 0.6305508105898736
7: 1.2469796037174687
8: 1.7053900132023432
9: 2.4471497423663995

Eigenvectors: 
1: [-6.28983904e-01  4.36811528e-01  5.98255715e-01 -1.44984076e-01
  1.86130746e-01  2.00383875e-17 -7.79719575e-17 -1.85581557e-16
 -8.01234453e-18]
2: [ 4.33437308e-01  8.71433173e-02  3.18607888e-01 -4.38142973e-01
 -1.05156510e-01 -4.17906506e-01 -2.31920614e-01  5.21120889e-01
 -1.59958145e-17]
3: [ 2.07120493e-01 -2.50137067e-01  4.13402772e-01  3.92433060e-01
  2.63869268e-01  2.77963572e-17  2.38579939e-16  1.97544853e-17
  7.07106781e-01]
4: [ 4.33437308e-01  8.71433173e-02  3.18607888e-01 -4.38142973e-01
 -1.05156510e-01  4.17906506e-01  2.31920614e-01 -5.21120889e-01
  2.98266850e-17]
5: [ 2.07120493e-01 -2.50137067e-01  4.13402772e-01  3.92433060e-01
  2.63869268e-01 -1.56654605e-17 -2.08654683e-16  2.06111377e-16
 -7.07106781e-01]
6: [ 8.35886012e-02  2.87378373e-01  1.25367465e-01  3.55359640e-01
 -5.18101478e-01  2.31920614e-01  5.21120889e-01  4.17906506e-01
 -1.69119357e-16]
7: [-2.53842022e-01 -5.01845599e-01  1.81425495e-01 -1.31287331e-01
 -3.65463608e-01 -5.21120889e-01  4.17906506e-01 -2.31920614e-01
  3.41756318e-17]
8: [ 8.35886012e-02  2.87378373e-01  1.25367465e-01  3.55359640e-01
 -5.18101478e-01 -2.31920614e-01 -5.21120889e-01 -4.17906506e-01
  1.53094668e-16]
9: [-2.53842022e-01 -5.01845599e-01  1.81425495e-01 -1.31287331e-01
 -3.65463608e-01  5.21120889e-01 -4.17906506e-01  2.31920614e-01
 -5.55186726e-17]

n = 8
[0 1 0 0 0 0 0 1 1 1]
[1 0 1 0 0 0 0 0 0 0]
[0 1 0 1 0 0 0 0 0 0]
[0 0 1 0 1 0 0 0 0 0]
[0 0 0 1 0 1 0 0 0 0]
[0 0 0 0 1 0 1 0 0 0]
[0 0 0 0 0 1 0 1 0 0]
[1 0 0 0 0 0 1 0 0 0]
[1 0 0 0 0 0 0 0 0 1]
[1 0 0 0 0 0 0 0 1 0]

Eigenvalues: 
1: -2.1258657136268173
2: -1.6008162942371542
3: -1.4142135623730947
4: -0.9999999999999999
5: -0.32502697688745646
6: 1.9281341904803813e-16
7: 0.8339925610568667
8: 1.4142135623730963
9: 1.775443967418094
10: 2.4422724562764637

Eigenvectors: 
1: [-1.06959020e-01  4.57478186e-01  1.74919507e-01 -2.55260420e-01
 -7.54513720e-02 -4.21694026e-01  3.53553391e-01  5.00000000e-01
  3.53553391e-01 -1.41942929e-16]
2: [-1.06959020e-01  4.57478186e-01  1.74919507e-01 -2.55260420e-01
 -7.54513720e-02 -4.21694026e-01 -3.53553391e-01 -5.00000000e-01
 -3.53553391e-01  1.57136449e-16]
3: [-4.16574094e-01 -2.23440299e-01  3.76996958e-01 -1.66977044e-01
 -2.78313897e-01  1.70510386e-01 -1.29270165e-18  1.43421994e-16
  1.23078800e-16 -7.07106781e-01]
4: [-4.16574094e-01 -2.23440299e-01  3.76996958e-01 -1.66977044e-01
 -2.78313897e-01  1.70510386e-01  1.46538185e-16  3.05515719e-17
 -4.43968375e-18  7.07106781e-01]
5: [-8.75897523e-02  5.15339481e-01  4.19474980e-01  2.40147266e-01
  4.64277598e-01  5.26848743e-01  7.49532040e-17  1.48857770e-17
 -6.44214182e-17  1.00465413e-17]
6: [-3.17100844e-01  6.96287662e-02 -4.03094378e-01 -3.87818440e-01
  2.18383242e-01  1.84443566e-01 -3.53553391e-01  5.00000000e-01
 -3.53553391e-01  2.00516496e-16]
7: [-1.73633315e-01  2.96887405e-01 -2.73593413e-01  3.02502108e-01
 -4.39753866e-01  1.48205925e-01  5.00000000e-01  7.45739240e-17
 -5.00000000e-01  3.03752663e-16]
8: [-1.73633315e-01  2.96887405e-01 -2.73593413e-01  3.02502108e-01
 -4.39753866e-01  1.48205925e-01 -5.00000000e-01 -1.26756130e-16
  5.00000000e-01 -4.24272957e-16]
9: [-3.17100844e-01  6.96287662e-02 -4.03094378e-01 -3.87818440e-01
  2.18383242e-01  1.84443566e-01  3.53553391e-01 -5.00000000e-01
  3.53553391e-01 -2.23420127e-16]
10: [-6.00813342e-01 -1.73265432e-01 -6.25842995e-02  5.21947817e-01
  3.68773421e-01 -4.43466192e-01  2.62268095e-17 -5.45925526e-17
 -8.07701746e-17 -4.54219485e-17]

