Tables using graphs: 
  n    |V|   |E|   deg   alpha   sigma
  4    5     4     2     3       1
  4    5     4     3     3       1
  5    6     5     2     3       1
  5    6     5     3     4       2
  6    7     6     2     4       1
  6    7     6     3     4       1
  7    8     7     2     4       1
  7    8     7     3     5       1
  8    9     8     2     5       1
  8    9     8     3     5       1
  9    10    9     2     5       1
  9    10    9     3     6       1
  10   11    10    2     6       1
  10   11    10    3     6       1

Table using formulas: 
  n    deg            alpha          sigma
  4    not finished   not finished   not finished
  5    not finished   not finished   not finished
  6    not finished   not finished   not finished
  7    not finished   not finished   not finished
  8    not finished   not finished   not finished
  9    not finished   not finished   not finished
  10   not finished   not finished   not finished

Adjacency matrices: 
n = 6
[0 1 0 0 0 0 1]
[1 0 1 0 0 0 0]
[0 1 0 1 0 0 0]
[0 0 1 0 1 0 0]
[0 0 0 1 0 1 0]
[0 0 0 0 1 0 0]
[1 0 0 0 0 0 0]

Eigenvalues: 
1: -1.8477590650225735
2: -1.4142135623730951
3: -0.765366864730179
4: 0.0
5: 0.7653668647301802
6: 1.4142135623730956
7: 1.847759065022574

Eigenvectors: 
1: [-3.53553391e-01  5.00000000e-01  3.53553391e-01  3.53553391e-01
  3.53553391e-01  5.00000000e-01  3.60091632e-33]
2: [ 0.46193977 -0.35355339  0.19134172  0.46193977 -0.19134172  0.35355339
 -0.5       ]
3: [-5.00000000e-01  6.13919157e-16 -5.00000000e-01  5.00000000e-01
 -5.00000000e-01 -2.43298890e-16  3.92782357e-32]
4: [ 0.19134172 -0.35355339 -0.46193977  0.19134172  0.46193977  0.35355339
  0.5       ]
5: [-3.53553391e-01 -5.00000000e-01  3.53553391e-01  3.53553391e-01
  3.53553391e-01 -5.00000000e-01 -1.16542030e-32]
6: [ 0.19134172  0.35355339 -0.46193977  0.19134172  0.46193977 -0.35355339
 -0.5       ]
7: [ 0.46193977  0.35355339  0.19134172  0.46193977 -0.19134172 -0.35355339
  0.5       ]

n = 6
[0 1 0 0 0 0 0]
[1 0 1 0 0 0 1]
[0 1 0 1 0 0 0]
[0 0 1 0 1 0 0]
[0 0 0 1 0 1 0]
[0 0 0 0 1 0 0]
[0 1 0 0 0 0 0]

Eigenvalues: 
1: -1.931851652578133
2: -1.4142135623730951
3: -0.5176380902050418
4: -6.966182006782806e-17
5: 0.5176380902050414
6: 1.4142135623730951
7: 1.931851652578134

Eigenvectors: 
1: [-0.28867513 -0.28867513  0.28867513  0.28867513  0.28867513 -0.70710678
  0.28867513]
2: [ 5.57677536e-01  4.08248290e-01  5.57677536e-01  4.08248290e-01
 -1.49429245e-01  5.38027322e-18  1.49429245e-01]
3: [-2.88675135e-01  5.77350269e-01  2.88675135e-01 -5.77350269e-01
  2.88675135e-01  5.70988839e-17  2.88675135e-01]
4: [ 1.49429245e-01 -4.08248290e-01  1.49429245e-01 -4.08248290e-01
 -5.57677536e-01 -7.88849740e-17  5.57677536e-01]
5: [-0.28867513 -0.28867513  0.28867513  0.28867513  0.28867513  0.70710678
  0.28867513]
6: [ 4.08248290e-01 -4.08248290e-01  4.08248290e-01 -4.08248290e-01
  4.08248290e-01  1.11430293e-16 -4.08248290e-01]
7: [-5.00000000e-01 -4.75099822e-16  5.00000000e-01 -3.70315237e-16
 -5.00000000e-01  4.06736680e-18 -5.00000000e-01]

n = 7
[0 1 0 0 0 0 0 1]
[1 0 1 0 0 0 0 0]
[0 1 0 1 0 0 0 0]
[0 0 1 0 1 0 0 0]
[0 0 0 1 0 1 0 0]
[0 0 0 0 1 0 1 0]
[0 0 0 0 0 1 0 0]
[1 0 0 0 0 0 0 0]

Eigenvalues: 
1: -1.8793852415718204
2: -1.5320888862379571
3: -1.0000000000000007
4: -0.3472963553338607
5: 0.3472963553338608
6: 1.0000000000000007
7: 1.5320888862379556
8: 1.8793852415718169

Eigenvectors: 
1: [ 0.30301299 -0.46424283  0.40824829  0.30301299  0.46424283  0.16122984
 -0.40824829  0.16122984]
2: [-4.08248290e-01  4.08248290e-01  3.09352486e-16  4.08248290e-01
  4.08248290e-01  4.08248290e-01  1.76189434e-16 -4.08248290e-01]
3: [ 0.46424283 -0.16122984 -0.40824829  0.46424283  0.16122984 -0.30301299
  0.40824829 -0.30301299]
4: [-0.30301299 -0.46424283 -0.40824829  0.30301299 -0.46424283  0.16122984
 -0.40824829 -0.16122984]
5: [-0.16122984  0.30301299 -0.40824829  0.16122984  0.30301299 -0.46424283
 -0.40824829  0.46424283]
6: [ 0.16122984  0.30301299  0.40824829  0.16122984 -0.30301299 -0.46424283
 -0.40824829 -0.46424283]
7: [ 4.08248290e-01  4.08248290e-01  8.49266898e-16  4.08248290e-01
 -4.08248290e-01  4.08248290e-01 -3.06790415e-16  4.08248290e-01]
8: [-0.46424283 -0.16122984  0.40824829  0.46424283 -0.16122984 -0.30301299
  0.40824829  0.30301299]

n = 7
[0 1 0 0 0 0 0 0]
[1 0 1 0 0 0 0 1]
[0 1 0 1 0 0 0 0]
[0 0 1 0 1 0 0 0]
[0 0 0 1 0 1 0 0]
[0 0 0 0 1 0 1 0]
[0 0 0 0 0 1 0 0]
[0 1 0 0 0 0 0 0]

Eigenvalues: 
1: -1.9498558243636461
2: -1.5636629649360605
3: -0.867767478235117
4: 0.0
5: 3.5641686905522237e-16
6: 0.8677674782351162
7: 1.5636629649360605
8: 1.9498558243636472

Eigenvectors: 
1: [-2.67261242e-01 -2.67261242e-01 -2.67261242e-01 -7.55928946e-01
  2.67261242e-01  2.67261242e-01 -2.67261242e-01 -6.55569332e-17]
2: [ 5.21120889e-01  4.17906506e-01  2.31920614e-01 -8.83784047e-17
  5.21120889e-01  4.17906506e-01 -2.31920614e-01  1.45042061e-33]
3: [-0.48158812 -0.11894244  0.33326932  0.18898224  0.48158812  0.11894244
  0.33326932 -0.5       ]
4: [-0.26726124 -0.26726124 -0.26726124  0.56694671  0.26726124  0.26726124
 -0.26726124  0.5       ]
5: [ 4.17906506e-01 -2.31920614e-01 -5.21120889e-01 -3.65338963e-16
  4.17906506e-01 -2.31920614e-01  5.21120889e-01 -3.74877256e-32]
6: [-0.11894244  0.33326932 -0.48158812  0.18898224  0.11894244 -0.33326932
 -0.48158812 -0.5       ]
7: [ 2.31920614e-01 -5.21120889e-01  4.17906506e-01  1.17345664e-16
  2.31920614e-01 -5.21120889e-01 -4.17906506e-01  3.17186800e-33]
8: [-0.33326932  0.48158812  0.11894244 -0.18898224  0.33326932 -0.48158812
  0.11894244  0.5       ]

n = 8
[0 1 0 0 0 0 0 0 1]
[1 0 1 0 0 0 0 0 0]
[0 1 0 1 0 0 0 0 0]
[0 0 1 0 1 0 0 0 0]
[0 0 0 1 0 1 0 0 0]
[0 0 0 0 1 0 1 0 0]
[0 0 0 0 0 1 0 1 0]
[0 0 0 0 0 0 1 0 0]
[1 0 0 0 0 0 0 0 0]

Eigenvalues: 
1: -1.9021130325903064
2: -1.618033988749893
3: -1.1755705045849465
4: -0.6180339887498949
5: 0.0
6: 0.6180339887498945
7: 1.1755705045849454
8: 1.6180339887498942
9: 1.902113032590309

Eigenvectors: 
1: [-2.62865556e-01  4.25325404e-01  4.25325404e-01 -2.62865556e-01
 -2.62865556e-01  2.62865556e-01  4.25325404e-01 -4.25325404e-01
  1.24371932e-32]
2: [ 0.3618034  -0.4253254  -0.1381966  -0.26286556  0.26286556  0.3618034
  0.4253254  -0.1381966  -0.4472136 ]
3: [-4.25325404e-01  2.62865556e-01 -2.62865556e-01  4.25325404e-01
  4.25325404e-01  4.25325404e-01  2.62865556e-01  2.62865556e-01
 -3.16012616e-32]
4: [ 4.47213595e-01 -1.55183024e-15  4.47213595e-01 -4.47219558e-16
  1.04674861e-16  4.47213595e-01 -4.49409476e-16  4.47213595e-01
  4.47213595e-01]
5: [ 0.1381966  -0.26286556 -0.3618034   0.4253254  -0.4253254   0.1381966
  0.26286556 -0.3618034   0.4472136 ]
6: [-4.25325404e-01 -2.62865556e-01 -2.62865556e-01 -4.25325404e-01
 -4.25325404e-01  4.25325404e-01 -2.62865556e-01  2.62865556e-01
  7.83489577e-32]
7: [ 0.1381966   0.26286556 -0.3618034  -0.4253254   0.4253254   0.1381966
 -0.26286556 -0.3618034   0.4472136 ]
8: [-2.62865556e-01 -4.25325404e-01  4.25325404e-01  2.62865556e-01
  2.62865556e-01  2.62865556e-01 -4.25325404e-01 -4.25325404e-01
  3.98816949e-32]
9: [ 0.3618034   0.4253254  -0.1381966   0.26286556 -0.26286556  0.3618034
 -0.4253254  -0.1381966  -0.4472136 ]

n = 8
[0 1 0 0 0 0 0 0 0]
[1 0 1 0 0 0 0 0 1]
[0 1 0 1 0 0 0 0 0]
[0 0 1 0 1 0 0 0 0]
[0 0 0 1 0 1 0 0 0]
[0 0 0 0 1 0 1 0 0]
[0 0 0 0 0 1 0 1 0]
[0 0 0 0 0 0 1 0 0]
[0 1 0 0 0 0 0 0 0]

Eigenvalues: 
1: -1.961570560806459
2: -1.6629392246050883
3: -1.111140466039204
4: -0.3901806440322563
5: 3.181272908314443e-17
6: 0.3901806440322565
7: 1.111140466039204
8: 1.6629392246050918
9: 1.9615705608064595

Eigenvectors: 
1: [ 0.25        0.25       -0.25       -0.25       -0.25       -0.25
 -0.25        0.70710678  0.25      ]
2: [-4.90392640e-01 -4.15734806e-01  2.77785117e-01 -4.90392640e-01
 -4.15734806e-01 -2.77785117e-01  9.75451610e-02  4.52851311e-17
  9.75451610e-02]
3: [ 4.61939766e-01  1.91341716e-01  1.91341716e-01 -4.61939766e-01
 -1.91341716e-01  1.91341716e-01  4.61939766e-01 -1.72074559e-16
 -4.61939766e-01]
4: [ 1.91341716e-01 -4.61939766e-01 -4.61939766e-01 -1.91341716e-01
  4.61939766e-01 -4.61939766e-01  1.91341716e-01  3.98453696e-17
 -1.91341716e-01]
5: [-9.75451610e-02  2.77785117e-01  4.15734806e-01 -9.75451610e-02
  2.77785117e-01 -4.15734806e-01 -4.90392640e-01 -1.92023578e-16
 -4.90392640e-01]
6: [ 0.25        0.25       -0.25       -0.25       -0.25       -0.25
 -0.25       -0.70710678  0.25      ]
7: [-2.77785117e-01  4.90392640e-01  9.75451610e-02 -2.77785117e-01
  4.90392640e-01 -9.75451610e-02  4.15734806e-01 -1.12537400e-16
  4.15734806e-01]
8: [ 3.53553391e-01 -3.53553391e-01  3.53553391e-01 -3.53553391e-01
  3.53553391e-01  3.53553391e-01 -3.53553391e-01  1.48988467e-16
  3.53553391e-01]
9: [-4.15734806e-01  9.75451610e-02 -4.90392640e-01 -4.15734806e-01
  9.75451610e-02  4.90392640e-01 -2.77785117e-01  1.90100566e-16
 -2.77785117e-01]

