Tables using graphs: 
  n    |V|   |E|   deg   alpha   sigma
  2    5     7     4     2       1
  3    6     9     5     2       1
  4    7     12    6     2       1
  5    8     16    7     2       1
  6    9     21    8     2       1
  7    10    27    9     2       1
  8    11    34    10    2       1
  9    12    42    11    2       1
  10   13    51    12    2       1

Table using formulas: 
  n    deg            alpha          sigma
  2    not finished   not finished   not finished
  3    not finished   not finished   not finished
  4    not finished   not finished   not finished
  5    not finished   not finished   not finished
  6    not finished   not finished   not finished
  7    not finished   not finished   not finished
  8    not finished   not finished   not finished
  9    not finished   not finished   not finished
  10   not finished   not finished   not finished

Adjacency matrices: 
n = 6
[0 1 1 1 1 1 1 1 1]
[1 0 1 1 1 1 0 0 0]
[1 1 0 1 1 1 0 0 0]
[1 1 1 0 1 1 0 0 0]
[1 1 1 1 0 1 0 0 0]
[1 1 1 1 1 0 0 0 0]
[1 0 0 0 0 0 0 1 1]
[1 0 0 0 0 0 1 0 1]
[1 0 0 0 0 0 1 1 0]

Eigenvalues: 
1: -1.6912677768054265
2: -1.0
3: -1.0
4: -0.9999999999999999
5: -0.9999999999999998
6: -0.9999999999999996
7: -0.9999999999999996
8: 2.511127743816465
9: 5.180140032988957

Eigenvectors: 
1: [-0.38331711  0.17494932 -0.14986905 -0.42960817  0.01905011  0.0894725
  0.17925662 -0.41324504  0.36158461]
2: [-0.38331711  0.17494932 -0.14986905 -0.13576677  0.65158685  0.20550103
  0.04791894  0.20493885 -0.10115943]
3: [-1.42247781e-01 -5.09612699e-01 -2.31070982e-01 -1.67962539e-17
 -8.73773662e-18  3.71952811e-01 -3.19075264e-01 -5.23866390e-01
 -7.18771832e-01]
4: [-1.42247781e-01 -5.09612699e-01 -2.31070982e-01 -1.67962539e-17
 -8.73773662e-18  3.71952811e-01 -3.19075264e-01  5.87939816e-01
  5.14072830e-01]
5: [-0.38331711  0.17494932 -0.14986905 -0.16555497 -0.23385657  0.11528604
  0.12526799  0.34436674 -0.12735067]
6: [-0.38331711  0.17494932 -0.14986905 -0.13576677  0.24258389 -0.31054162
 -0.54832149  0.06457683 -0.14118721]
7: [-1.42247781e-01 -5.09612699e-01 -2.31070982e-01 -1.67962539e-17
 -8.73773662e-18 -7.43905622e-01  6.38150529e-01 -6.40734258e-02
  2.04699002e-01]
8: [-0.38331711  0.17494932 -0.14986905  0.86669668 -0.67936428 -0.09971794
  0.19587795 -0.20063739  0.00811271]
9: [-4.52367863e-01 -2.60477189e-01  8.52944869e-01 -8.96366973e-18
  2.72412424e-17 -1.18061277e-16  7.98072976e-17  2.91620205e-17
  6.03449325e-18]

n = 7
[0 1 1 1 1 1 1 1 1 1]
[1 0 1 1 1 1 1 0 0 0]
[1 1 0 1 1 1 1 0 0 0]
[1 1 1 0 1 1 1 0 0 0]
[1 1 1 1 0 1 1 0 0 0]
[1 1 1 1 1 0 1 0 0 0]
[1 1 1 1 1 1 0 0 0 0]
[1 0 0 0 0 0 0 0 1 1]
[1 0 0 0 0 0 0 1 0 1]
[1 0 0 0 0 0 0 1 1 0]

Eigenvalues: 
1: -1.7046828370737155
2: -1.0000000000000009
3: -1.0000000000000004
4: -1.0
5: -1.0
6: -1.0
7: -0.9999999999999999
8: -0.9999999999999998
9: 2.590480927753968
10: 6.1142019093197515

Eigenvectors: 
1: [-0.36608985  0.12724688 -0.12826971 -0.25388139 -0.54770452 -0.34646029
  0.75988955 -0.18424262  0.03824202 -0.31199266]
2: [-9.91438972e-02 -5.19244168e-01 -2.32140723e-01 -2.87667258e-17
 -7.57429400e-02  1.24667511e-01  2.75776833e-02  1.14401416e-01
 -6.82648271e-01 -3.00555795e-01]
3: [-0.36608985  0.12724688 -0.12826971 -0.16400886 -0.31557179  0.03384763
 -0.4654755   0.84692445  0.14559632  0.61334684]
4: [-0.36608985  0.12724688 -0.12826971 -0.16400886  0.41095863 -0.32688487
 -0.20727737 -0.24088087 -0.01060837 -0.22769013]
5: [-0.36608985  0.12724688 -0.12826971 -0.16400886  0.34711692  0.79989758
 -0.1946373  -0.14000364  0.02565007  0.19305796]
6: [-9.91438972e-02 -5.19244168e-01 -2.32140723e-01 -2.87667258e-17
 -7.57429400e-02  1.24667511e-01  2.75776833e-02  1.14401416e-01
  6.86345637e-01 -1.56214396e-01]
7: [-9.91438972e-02 -5.19244168e-01 -2.32140723e-01 -2.87667258e-17
  1.51485880e-01 -2.49335023e-01 -5.51553666e-02 -2.28802833e-01
 -3.69736539e-03  4.56770191e-01]
8: [-0.36608985  0.12724688 -0.12826971 -0.16400886 -0.31557179  0.03384763
 -0.18574028  0.02176365 -0.19868592 -0.3313585 ]
9: [-3.66089851e-01  1.27246877e-01 -1.28269715e-01  9.09916820e-01
  4.20772557e-01 -1.94247669e-01  2.93240906e-01 -3.03560968e-01
 -1.94119054e-04  6.46364889e-02]
10: [-4.07898011e-01 -3.06603778e-01  8.60007753e-01  6.79883398e-17
 -6.90483191e-17 -1.65868104e-16  2.54173746e-16 -1.33372437e-16
  1.03462464e-17 -1.15217176e-17]

n = 8
[0 1 1 1 1 1 1 1 1 1 1]
[1 0 1 1 1 1 1 1 0 0 0]
[1 1 0 1 1 1 1 1 0 0 0]
[1 1 1 0 1 1 1 1 0 0 0]
[1 1 1 1 0 1 1 1 0 0 0]
[1 1 1 1 1 0 1 1 0 0 0]
[1 1 1 1 1 1 0 1 0 0 0]
[1 1 1 1 1 1 1 0 0 0 0]
[1 0 0 0 0 0 0 0 0 1 1]
[1 0 0 0 0 0 0 0 1 0 1]
[1 0 0 0 0 0 0 0 1 1 0]

Eigenvalues: 
1: -1.7148954355868187
2: -1.0000000000000004
3: -1.0
4: -0.9999999999999999
5: -0.9999999999999998
6: -0.9999999999999998
7: -0.9999999999999996
8: -0.9999999999999996
9: -0.9999999999999991
10: 2.6360138359492185
11: 7.07888159963759

Eigenvectors: 
1: [-0.34711848  0.09889731 -0.1121839  -0.18367428  0.63448054 -0.0750492
  0.67162648  0.08263186 -0.04901683 -0.06247273  0.11963708]
2: [-0.34711848  0.09889731 -0.1121839  -0.14833277 -0.21872557 -0.61109175
 -0.58284193 -0.31909161 -0.00108379 -0.02263226 -0.13333713]
3: [-7.37366547e-02 -5.23084814e-01 -2.32977503e-01  1.07365857e-16
 -2.12905086e-17  9.22690576e-02 -7.51540101e-02 -3.61448892e-02
  2.13252729e-02  3.45442362e-01  3.92658094e-01]
4: [-7.37366547e-02 -5.23084814e-01 -2.32977503e-01  1.07365857e-16
 -2.12905086e-17  4.06446776e-02  1.22725643e-01  2.36820977e-01
 -1.78348538e-01 -6.83533112e-01  2.52567019e-01]
5: [-0.34711848  0.09889731 -0.1121839  -0.14833277 -0.21872557 -0.22788943
  0.03977527  0.28395345  0.55556175  0.17576353 -0.21865339]
6: [-7.37366547e-02 -5.23084814e-01 -2.32977503e-01  1.07365857e-16
 -2.12905086e-17 -1.32913735e-01 -4.75716333e-02 -2.00676088e-01
  1.57023265e-01  3.38090750e-01 -6.45225113e-01]
7: [-0.34711848  0.09889731 -0.1121839  -0.14833277 -0.21872557  0.02511406
 -0.20712435  0.61424422 -0.7671539   0.32062117 -0.24376714]
8: [-0.34711848  0.09889731 -0.1121839  -0.14833277 -0.53949296  0.2395672
 -0.09933049 -0.57053007  0.10381266  0.00817932 -0.02190422]
9: [-0.34711848  0.09889731 -0.1121839  -0.14833277  0.33252017  0.69367251
 -0.15195491 -0.10083736  0.17959493 -0.40078062  0.47472946]
10: [-0.34711848  0.09889731 -0.1121839   0.92533815  0.22866896 -0.04432339
  0.32984993  0.00962951 -0.02171484 -0.01867841  0.02329534]
11: [-3.74499739e-01 -3.32689179e-01  8.65487063e-01 -4.02894122e-16
 -6.25898741e-17  1.47386741e-17 -1.03531972e-16  4.04968343e-19
  6.55462242e-18  4.53356514e-18 -3.38520715e-18]

