Tables using graphs: 
  n    |V|   |E|   deg   alpha   sigma
  4    7     7     3     4       1
  4    7     7     4     4       1
  4    7     7     3     3       1
  4    7     7     4     4       1
  4    7     7     5     4       1
  4    7     7     3     3       1
  5    8     8     3     4       1
  5    8     8     4     4       1
  5    8     8     3     4       1
  5    8     8     4     5       2
  5    8     8     5     5       1
  5    8     8     3     4       1
  6    9     9     3     5       1
  6    9     9     4     5       1
  6    9     9     3     4       1
  6    9     9     4     5       1
  6    9     9     5     5       1
  6    9     9     3     4       1
  7    10    10    3     5       1
  7    10    10    4     5       1
  7    10    10    3     5       1
  7    10    10    4     6       1
  7    10    10    5     6       1
  7    10    10    3     5       1
  8    11    11    3     6       1
  8    11    11    4     6       1
  8    11    11    3     5       1
  8    11    11    4     6       1
  8    11    11    5     6       1
  8    11    11    3     5       1
  9    12    12    3     6       1
  9    12    12    4     6       1
  9    12    12    3     6       1
  9    12    12    4     7       1
  9    12    12    5     7       1
  9    12    12    3     6       1
  10   13    13    3     7       1
  10   13    13    4     7       1
  10   13    13    3     6       1
  10   13    13    4     7       1
  10   13    13    5     7       1
  10   13    13    3     6       1

Table using formulas: 
  n    deg            alpha          sigma
  4    not finished   not finished   not finished
  5    not finished   not finished   not finished
  6    not finished   not finished   not finished
  7    not finished   not finished   not finished
  8    not finished   not finished   not finished
  9    not finished   not finished   not finished
  10   not finished   not finished   not finished

Adjacency matrices: 
n = 6
[0 1 0 0 0 0 1 1 0]
[1 0 1 0 0 0 0 0 0]
[0 1 0 1 0 0 0 0 0]
[0 0 1 0 1 0 0 0 0]
[0 0 0 1 0 1 0 0 0]
[0 0 0 0 1 0 0 0 0]
[1 0 0 0 0 0 0 1 0]
[1 0 0 0 0 0 1 0 1]
[0 0 0 0 0 0 0 1 0]

Eigenvalues: 
1: -1.890011606317858
2: -1.5384212923248906
3: -1.3302847965160867
4: -0.7585295709677926
5: 1.5259094760224865e-17
6: 0.40102419220346935
7: 1.0579376038784665
8: 1.7119689255658714
9: 2.3463165444788254

Eigenvectors: 
1: [-0.31138964  0.47769995 -0.13741089 -0.28682792  0.18688493 -0.2325505
  0.49663411  0.19502845  0.4472136 ]
2: [-1.73136033e-01 -4.66335698e-01 -1.55439625e-01  7.46549046e-02
 -5.11202866e-01 -4.64801323e-01  4.18783620e-01 -2.64710670e-01
  3.04742829e-17]
3: [-0.0948423   0.40367993  0.37654251  0.18751564  0.20087756 -0.56317492
 -0.05358717 -0.30118383 -0.4472136 ]
4: [-4.93940340e-02 -2.96624060e-01 -4.23841396e-01 -3.24104105e-01
  3.58831296e-01 -4.99336642e-01 -4.75475502e-01  1.43928668e-01
 -6.45432056e-17]
5: [-0.22682911 -0.13075123  0.35007402 -0.3308097   0.08255405  0.11348126
 -0.23548688 -0.65139738  0.4472136 ]
6: [-5.32212886e-01  2.47121349e-01 -5.38561329e-01  4.40071116e-01
 -6.26196913e-02  1.94276386e-01 -2.49130428e-01 -2.61226110e-01
  7.65837173e-17]
7: [-0.46442817  0.10021177  0.11162474 -0.56151813 -0.40450029  0.15243179
 -0.13470185  0.2037176  -0.4472136 ]
8: [-0.02105173  0.15694298  0.27550411  0.24363513 -0.47306171 -0.29167389
 -0.44943624  0.35890271  0.4472136 ]
9: [-5.57482620e-01 -4.36522750e-01  3.66835457e-01  3.06907919e-01
  3.69445121e-01  6.66820936e-02  1.06624280e-01  3.42921796e-01
 -3.15745233e-17]

n = 6
[0 1 0 0 0 0 1 1 1]
[1 0 1 0 0 0 0 0 0]
[0 1 0 1 0 0 0 0 0]
[0 0 1 0 1 0 0 0 0]
[0 0 0 1 0 1 0 0 0]
[0 0 0 0 1 0 0 0 0]
[1 0 0 0 0 0 0 1 0]
[1 0 0 0 0 0 1 0 0]
[1 0 0 0 0 0 0 0 0]

Eigenvalues: 
1: -2.000000000000001
2: -1.5869059842925228
3: -0.9999999999999996
4: -0.8630670538725087
5: -2.5306940104417602e-18
6: 0.3594702421410869
7: 0.9999999999999994
8: 1.697746548828834
9: 2.3927562471951056

Eigenvectors: 
1: [-9.49165963e-02  5.70734524e-01  2.35016934e-01 -2.88675135e-01
  5.10941028e-01  1.25003660e-01  5.06432633e-17 -5.34399060e-17
  5.00000000e-01]
2: [-4.80632176e-02  5.14763989e-01 -9.70181713e-02  1.92450090e-01
 -5.34038777e-01  4.22893323e-01  4.71404521e-01  1.45195683e-16
  2.77663625e-18]
3: [-4.44403040e-01 -1.63390125e-01  3.78636847e-01 -1.92450090e-01
 -1.50988712e-01 -1.30589279e-01  2.35702260e-01 -7.07106781e-01
  2.29797681e-17]
4: [-2.00869677e-02  3.03204262e-01 -2.69892080e-01 -9.62250449e-02
  3.36528302e-01 -4.89988954e-01  4.71404521e-01  7.58819881e-17
 -5.00000000e-01]
5: [-2.58674535e-01 -6.71507156e-02 -6.74682184e-01 -2.88675135e-01
 -2.46135314e-01 -2.81897660e-01 -1.89739153e-17  7.38701356e-17
  5.00000000e-01]
6: [-1.79049061e-01  4.54198580e-01  1.81499766e-01  3.84900179e-01
 -2.76776599e-01 -5.30779863e-01 -4.71404521e-01  2.09321491e-17
  3.72929395e-17]
7: [-4.44403040e-01 -1.63390125e-01  3.78636847e-01 -1.92450090e-01
 -1.50988712e-01 -1.30589279e-01  2.35702260e-01  7.07106781e-01
  2.89298893e-17]
8: [-3.33504164e-01  2.00379547e-01 -1.69773170e-01 -4.81125224e-01
 -7.17225874e-02  3.33094953e-01 -4.71404521e-01 -1.27156506e-16
 -5.00000000e-01]
9: [-6.18945110e-01 -1.14004896e-01 -2.42528168e-01  5.77350269e-01
  3.90593602e-01  2.43296583e-01 -5.28732036e-17 -6.26468716e-17
  4.68295236e-19]

n = 6
[0 1 0 0 0 0 0 0 1]
[1 0 1 0 0 0 0 0 0]
[0 1 0 1 0 0 0 0 0]
[0 0 1 0 1 0 0 0 0]
[0 0 0 1 0 1 0 0 0]
[0 0 0 0 1 0 0 0 0]
[0 0 0 0 0 0 0 1 1]
[0 0 0 0 0 0 1 0 1]
[1 0 0 0 0 0 1 1 0]

Eigenvalues: 
1: -1.89711998125632
2: -1.5632686063833319
3: -1.0
4: -0.9999999999999999
5: -0.2749568137808032
6: 0.5063836982023348
7: 1.2255440488451366
8: 1.7677572633614211
9: 2.235660391011571

Eigenvectors: 
1: [-0.02023739 -0.24898943  0.40407698  0.48696799  0.49353308 -0.14639274
 -0.30059069  0.42587852 -0.02111092]
2: [-0.47403108  0.18183451  0.21604868 -0.22358749  0.2224025   0.12368312
 -0.18800909 -0.24794776 -0.69568416]
3: [-0.58574143  0.13960476  0.04872849  0.11036643 -0.28355358 -0.35832483
  0.48191781  0.42587852 -0.02111092]
4: [-0.47403108  0.18183451  0.21604868 -0.22358749  0.2224025   0.12368312
 -0.18800909 -0.17793076  0.71679508]
5: [-0.04524392 -0.44015287  0.49521414  0.24659265 -0.13570028  0.27772459
  0.46990399 -0.42587852  0.02111092]
6: [-8.09126587e-02 -5.29094004e-01  2.02829760e-01 -3.62097491e-01
 -4.56221364e-01 -3.80484128e-01 -4.33995469e-01 -1.77366713e-16
  1.08910241e-17]
7: [-0.1356493  -0.4951569  -0.24663733 -0.42995292  0.26114146  0.44409945
  0.2085475   0.42587852 -0.02111092]
8: [-0.22235312 -0.3462232  -0.50509468  0.14437634  0.38441874 -0.46202582
  0.10797971 -0.42587852  0.02111092]
9: [-3.61456753e-01 -1.16881679e-01 -3.72378441e-01  5.03062745e-01
 -3.66840009e-01  4.32418959e-01 -3.77348793e-01 -5.94817754e-17
  2.03236059e-17]

n = 6
[0 1 0 0 0 0 0 0 0]
[1 0 1 0 0 0 1 1 0]
[0 1 0 1 0 0 0 0 0]
[0 0 1 0 1 0 0 0 0]
[0 0 0 1 0 1 0 0 0]
[0 0 0 0 1 0 0 0 0]
[0 1 0 0 0 0 0 1 0]
[0 1 0 0 0 0 1 0 1]
[0 0 0 0 0 0 0 1 0]

Eigenvalues: 
1: -2.0180395743833435
2: -1.4974911723350532
3: -1.3371979522445219
4: -0.5113574734993575
5: 2.8330298543412706e-16
6: 0.42874929484752483
7: 0.8522592674368964
8: 1.6002234792285397
9: 2.482854130949316

Eigenvectors: 
1: [ 2.98303504e-01  3.28003294e-01  4.72402873e-01 -4.34467351e-01
 -3.50377254e-01  3.23880873e-16  4.98830043e-01  1.22152905e-01
  7.06083627e-02]
2: [ 4.94800338e-01 -2.11703469e-01  2.97818222e-01  3.79202712e-01
 -1.70727528e-01  9.70417523e-17 -4.47767560e-02 -4.82257768e-01
 -4.62750986e-01]
3: [ 0.19928691 -0.13229619 -0.14757799  0.44493821 -0.39819897  0.57735027
  0.08756449  0.32204381  0.3460602 ]
4: [ 0.43758091 -0.16082469  0.1528553   0.13898893  0.10797705 -0.57735027
 -0.22397624  0.16507797  0.56353104]
5: [ 2.88494503e-02  3.65557123e-01 -1.12951427e-01  4.00252360e-01
  4.49961154e-01 -3.75321077e-16  5.61112467e-01 -3.36406164e-01
  2.49187428e-01]
6: [ 7.16289770e-02  5.84973091e-01  2.27940450e-01  3.41118783e-01
  1.92920527e-01 -8.50625476e-17 -2.86929054e-01  5.03765261e-01
 -3.33212919e-01]
7: [ 1.48994851e-01  5.70530552e-01 -3.47041422e-01 -1.09530716e-01
 -3.67246614e-01 -1.27915153e-16 -4.14389151e-01 -4.17977868e-01
  1.96384204e-01]
8: [ 5.91649237e-01 -4.56519797e-02 -6.06286271e-01 -2.60748110e-01
  2.17022613e-01 -2.79014910e-16  1.59308681e-01  2.35054970e-01
 -2.90801562e-01]
9: [ 0.238294   -0.0285285   0.30043329 -0.30594928  0.50617602  0.57735027
 -0.31154073 -0.15696585  0.21747084]

n = 6
[0 1 0 0 0 0 0 0 0]
[1 0 1 0 0 0 1 1 1]
[0 1 0 1 0 0 0 0 0]
[0 0 1 0 1 0 0 0 0]
[0 0 0 1 0 1 0 0 0]
[0 0 0 0 1 0 0 0 0]
[0 1 0 0 0 0 0 1 0]
[0 1 0 0 0 0 1 0 0]
[0 1 0 0 0 0 0 0 0]

Eigenvalues: 
1: -2.1842582647731907
2: -1.506622680761838
3: -0.9999999999999999
4: -0.5410698790335582
5: -3.1400718759011164e-16
6: 0.39696356084059736
7: 0.7010890308284135
8: 1.5807988727913234
9: 2.5530993601082463

Eigenvectors: 
1: [ 6.40897089e-01  6.66575661e-01 -2.68359888e-01 -9.62766386e-02
  1.19376765e-01  5.02954830e-17  1.92191572e-01  1.11593798e-01
 -4.10219232e-17]
2: [ 3.08906080e-01 -4.26958955e-01 -1.66043936e-01  3.01145341e-01
  5.31597871e-01 -2.51999133e-16 -2.54602535e-01  5.06562170e-01
 -2.62397709e-16]
3: [ 2.51027085e-01 -3.05172548e-01  1.78120170e-01 -6.09037875e-02
 -2.20630957e-01  7.07106781e-01  4.84154193e-01  1.59172078e-01
  9.80108815e-17]
4: [ 6.83675193e-02 -1.54082062e-01 -6.15178265e-01  6.03588305e-01
 -3.11377906e-01  1.68929486e-16  1.38189199e-01 -3.35810967e-01
  1.20765669e-16]
5: [ 2.67782447e-02  7.05420530e-02  4.08316078e-01  3.81824858e-01
  5.75485567e-01 -3.44141180e-16  3.48115578e-01 -4.78984768e-01
 -1.04636775e-16]
6: [ 4.12656850e-01 -2.09334672e-01  1.07060345e-01 -1.65765884e-01
 -7.74635642e-02 -1.57048135e-16 -3.18706400e-01 -3.73334569e-01
  7.07106781e-01]
7: [ 4.12656850e-01 -2.09334672e-01  1.07060345e-01 -1.65765884e-01
 -7.74635642e-02 -4.94952798e-17 -3.18706400e-01 -3.73334569e-01
 -7.07106781e-01]
8: [ 1.47770825e-01  2.66012965e-01  5.18525448e-01  5.72326855e-01
 -4.07008361e-01  2.06494109e-17 -2.93259501e-01  2.43551383e-01
 -2.81128780e-17]
9: [ 2.51027085e-01 -3.05172548e-01  1.78120170e-01 -6.09037875e-02
 -2.20630957e-01 -7.07106781e-01  4.84154193e-01  1.59172078e-01
  4.10219232e-17]

n = 6
[0 1 0 0 0 0 0 0 0]
[1 0 1 0 0 0 0 0 1]
[0 1 0 1 0 0 0 0 0]
[0 0 1 0 1 0 0 0 0]
[0 0 0 1 0 1 0 0 0]
[0 0 0 0 1 0 0 0 0]
[0 0 0 0 0 0 0 1 1]
[0 0 0 0 0 0 1 0 1]
[0 1 0 0 0 0 1 1 0]

Eigenvalues: 
1: -2.0162146732759694
2: -1.503344259617979
3: -1.0
4: -0.7792500442597351
5: -0.3869829724289702
6: 0.45748770674316663
7: 1.213557877915549
8: 1.7101055726349164
9: 2.3046407922890237

Eigenvectors: 
1: [ 1.40887461e-01 -5.25634321e-01 -1.81555894e-01  3.30294466e-01
  4.17685668e-01  4.81284976e-01  3.62232047e-01  1.56504652e-01
 -1.79401780e-16]
2: [ 3.26781249e-02 -2.73133257e-01 -3.84064241e-01  1.07759009e-01
 -5.28244628e-01  3.81958876e-01 -4.26032963e-01 -3.98464506e-01
  7.22058266e-16]
3: [ 5.62238411e-01  1.92335163e-01 -5.88590501e-02 -4.24451772e-01
 -5.30176299e-02  3.64564008e-01 -2.31455683e-01  5.23432843e-01
 -5.87851236e-16]
4: [ 0.43095265  0.27085432 -0.2756117   0.14072333  0.09772614 -0.14563079
  0.16687709 -0.29418734  0.70710678]
5: [ 0.43095265  0.27085432 -0.2756117   0.14072333  0.09772614 -0.14563079
  0.16687709 -0.29418734 -0.70710678]
6: [ 7.53113398e-02 -4.67086705e-01 -4.66084186e-01 -2.17265295e-01
 -2.41665424e-01 -5.74215684e-01  1.64867502e-01  3.10503484e-01
 -5.08091890e-16]
7: [ 2.49383650e-01 -4.31803475e-01  2.45755600e-01 -4.48679255e-01
  4.32751482e-01 -1.49321322e-01 -3.05045137e-01 -4.32459741e-01
  5.87851236e-16]
8: [ 4.33852271e-01 -2.12795209e-01  4.79794539e-01  5.74339231e-01
 -2.19707185e-01 -2.56803624e-01 -2.44184773e-01  1.80489620e-01
 -2.38322965e-16]
9: [ 1.88251580e-01 -1.24433960e-01  3.95361892e-01 -2.84860158e-01
 -4.80247188e-01  1.70821568e-01  6.30996170e-01 -2.31619647e-01
  2.38322965e-16]

n = 7
[0 1 0 0 0 0 0 1 1 0]
[1 0 1 0 0 0 0 0 0 0]
[0 1 0 1 0 0 0 0 0 0]
[0 0 1 0 1 0 0 0 0 0]
[0 0 0 1 0 1 0 0 0 0]
[0 0 0 0 1 0 1 0 0 0]
[0 0 0 0 0 1 0 0 0 0]
[1 0 0 0 0 0 0 0 1 0]
[1 0 0 0 0 0 0 1 0 1]
[0 0 0 0 0 0 0 0 1 0]

Eigenvalues: 
1: -1.9112562645746383
2: -1.6180339887498953
3: -1.3791261470078222
4: -1.0000000000000002
5: -0.3254942193974159
6: 0.22010929710062804
7: 0.6180339887498955
8: 1.2642818134697267
9: 1.7849214952645864
10: 2.3465640251449362

Eigenvectors: 
1: [-0.01175466  0.23871795  0.39095482 -0.4253254  -0.32144228 -0.46769134
  0.13295288 -0.26286556 -0.40824829 -0.18337511]
2: [-4.63974352e-01 -1.33192146e-01  1.43871722e-01  3.49549544e-16
  3.94602767e-01 -3.87883242e-01 -9.18312357e-02  4.00802921e-16
  4.08248290e-01 -5.14804998e-01]
3: [-2.26577626e-01 -9.34127839e-02  1.74890114e-01  4.25325404e-01
 -6.58231424e-01  2.14529930e-01  1.12832789e-01  2.62865556e-01
 -3.99913820e-16 -4.09056406e-01]
4: [-5.31678906e-01 -1.66734486e-01  2.21110391e-01  2.62865556e-01
 -1.44882856e-01 -6.98282519e-02 -2.15652375e-01 -4.25325404e-01
  5.42471772e-16  5.64140384e-01]
5: [-0.02758307  0.4260928   0.49427707 -0.26286556 -0.07075244  0.15223083
 -0.25410702  0.4253254   0.40824829  0.25289741]
6: [-5.29707841e-02  5.21824247e-01  2.33950690e-01  2.62865556e-01
  3.05869015e-01  4.18141084e-01  3.52710756e-01 -4.25325404e-01
  3.48033151e-16 -1.65402322e-01]
7: [-0.09671626  0.50532252 -0.19849747  0.4253254   0.13807705 -0.28833333
 -0.42001362  0.26286556 -0.40824829 -0.02478675]
8: [-1.73980118e-01  3.80136774e-01 -4.84907429e-01 -1.40631614e-16
 -2.75476972e-01 -3.24290251e-01  4.50042910e-01  6.10487864e-16
  4.08248290e-01  1.99586372e-01]
9: [-3.11539223e-01  1.73191783e-01 -4.14562175e-01 -4.25325404e-01
 -1.98712092e-01  3.93887935e-01 -4.40133710e-01 -2.62865556e-01
  1.78391252e-16 -2.50468038e-01]
10: [-0.55706662 -0.07100304 -0.03921599 -0.26286556  0.23173859  0.19608201
  0.3911654   0.4253254  -0.40824829  0.14584065]

n = 7
[0 1 0 0 0 0 0 1 1 1]
[1 0 1 0 0 0 0 0 0 0]
[0 1 0 1 0 0 0 0 0 0]
[0 0 1 0 1 0 0 0 0 0]
[0 0 0 1 0 1 0 0 0 0]
[0 0 0 0 1 0 1 0 0 0]
[0 0 0 0 0 1 0 0 0 0]
[1 0 0 0 0 0 0 0 1 0]
[1 0 0 0 0 0 0 1 0 0]
[1 0 0 0 0 0 0 0 0 0]

Eigenvalues: 
1: -2.007268438803525
2: -1.6870007331640824
3: -1.1148259702862575
4: -1.0
5: -0.37642455903061456
6: 0.2505168267490126
7: 0.5384650531520963
8: 1.2273330043115143
9: 1.7762312462568992
10: 2.3929735708149584

Eigenvectors: 
1: [ 1.79710646e-01 -3.67070750e-01  3.86620158e-01 -1.56397915e-01
 -5.08244392e-01 -9.22237592e-02  2.37566676e-01 -2.92698930e-01
 -5.00099510e-01 -1.03649199e-18]
2: [ 9.64662514e-02 -5.05744058e-01 -3.05976937e-01  3.97415251e-01
 -2.46355001e-01  3.96389412e-01 -1.41349928e-01 -3.44116419e-01
  3.56574225e-01  1.52141741e-16]
3: [ 0.44403519  0.13820865 -0.18519915 -0.14206685  0.19800008  0.32057782
  0.24983452 -0.08841091 -0.13054293 -0.70710678]
4: [ 2.58477273e-01  6.03985944e-02 -2.77463412e-01 -2.26279529e-01
  3.66746056e-02 -2.74777106e-01 -7.47441886e-01 -3.23281120e-01
 -2.47640060e-01 -4.70839345e-18]
5: [ 0.44403519  0.13820865 -0.18519915 -0.14206685  0.19800008  0.32057782
  0.24983452 -0.08841091 -0.13054293  0.70710678]
6: [ 1.08182512e-02 -2.46518923e-01  7.51232030e-02 -2.78466874e-01
  4.06608615e-01 -4.30481355e-01  2.91256057e-01 -4.91938206e-01
  4.22428737e-01  1.42440059e-16]
7: [ 2.58877891e-02 -4.37874613e-01 -1.50792434e-01  4.69773820e-01
  4.99044173e-01 -2.31799166e-01  7.29645432e-02  1.85177622e-01
 -4.70934527e-01 -2.57076018e-16]
8: [ 5.11305440e-02 -5.31247648e-01  2.27557691e-01 -5.14041906e-01
  2.05884769e-01  3.05665605e-01 -2.72977211e-01  4.22232802e-01
  1.02581304e-01 -1.18009413e-16]
9: [ 3.33576575e-01 -1.46258479e-01 -4.70073504e-01 -1.33571855e-01
 -3.77430116e-01 -4.46048684e-01  2.00864378e-01  4.54295484e-01
  2.00949697e-01  1.07394462e-16]
10: [ 6.18529282e-01  1.07281871e-01  5.56943550e-01  3.81733731e-01
  4.50119538e-02 -1.47957869e-01 -1.87246769e-01  1.21690953e-01
  2.76075570e-01  5.29990894e-17]

n = 7
[0 1 0 0 0 0 0 0 0 1]
[1 0 1 0 0 0 0 0 0 0]
[0 1 0 1 0 0 0 0 0 0]
[0 0 1 0 1 0 0 0 0 0]
[0 0 0 1 0 1 0 0 0 0]
[0 0 0 0 1 0 1 0 0 0]
[0 0 0 0 0 1 0 0 0 0]
[0 0 0 0 0 0 0 0 1 1]
[0 0 0 0 0 0 0 1 0 1]
[1 0 0 0 0 0 0 1 1 0]

Eigenvalues: 
1: -1.915824451470142
2: -1.6463447462618344
3: -1.188497609525257
4: -1.0000000000000002
5: -0.5825385162995458
6: 0.10310540068074972
7: 0.7869587950963423
8: 1.3857951216229358
9: 1.8214332120096242
10: 2.235912794147129

Eigenvectors: 
1: [ 2.78831376e-02  3.78113224e-01 -4.83267779e-01 -3.44506127e-01
  4.85955441e-02  2.40700308e-01 -4.24045405e-01  2.60899031e-01
  4.42537826e-01  6.01395658e-16]
2: [ 1.24705837e-02  2.07591045e-01 -3.48729600e-01 -4.37768952e-01
  4.71319095e-01 -1.25637977e-01  2.57567807e-01 -4.47865718e-01
 -3.72350624e-01 -3.53342461e-16]
3: [ 0.47338474 -0.16004659 -0.19872094  0.20915748  0.21100474 -0.10895765
 -0.17022236  0.20745534 -0.19658833  0.70710678]
4: [ 5.85062253e-01 -1.31467586e-01 -7.66655704e-02 -4.45591621e-02
 -1.89249011e-01  3.17701366e-01  4.50467052e-01 -3.28306073e-01
  4.30233096e-01  3.68633674e-16]
5: [ 0.47338474 -0.16004659 -0.19872094  0.20915748  0.21100474 -0.10895765
 -0.17022236  0.20745534 -0.19658833 -0.70710678]
6: [ 4.98736804e-02  4.81116939e-01 -3.20980530e-01  1.66656825e-01
 -4.66308631e-01 -3.35501559e-01  4.40557119e-01  2.95881983e-01
 -1.53604525e-01 -1.78181713e-16]
7: [ 8.36300624e-02  4.98209148e-01  3.84545262e-02  4.75658181e-01
 -9.66744824e-02  4.02061782e-01 -3.01263492e-01 -4.33261682e-01
 -2.59979215e-01 -1.43288944e-16]
8: [ 1.37115846e-01  4.26337749e-01  3.74270625e-01  2.07666564e-01
  4.56340970e-01 -4.34778234e-01  5.54264491e-02 -4.34903659e-02
  4.62589201e-01  4.60834672e-16]
9: [ 2.22949012e-01  2.78336588e-01  4.80207880e-01 -3.12233152e-01
  1.43725701e-01  4.30896990e-01  2.10012449e-01  4.58596495e-01
 -2.89806944e-01 -2.85186821e-16]
10: [ 3.61378703e-01  8.06337563e-02  2.91199113e-01 -4.53381189e-01
 -4.41522074e-01 -3.90744755e-01 -4.01179341e-01 -2.23659756e-01
 -1.18154341e-01 -8.34468536e-17]

n = 7
[0 1 0 0 0 0 0 0 0 0]
[1 0 1 0 0 0 0 1 1 0]
[0 1 0 1 0 0 0 0 0 0]
[0 0 1 0 1 0 0 0 0 0]
[0 0 0 1 0 1 0 0 0 0]
[0 0 0 0 1 0 1 0 0 0]
[0 0 0 0 0 1 0 0 0 0]
[0 1 0 0 0 0 0 0 1 0]
[0 1 0 0 0 0 0 1 0 1]
[0 0 0 0 0 0 0 0 1 0]

Eigenvalues: 
1: -2.0275507685564236
2: -1.6180339887498951
3: -1.3734846739286044
4: -0.8668824666168243
5: -7.093529772806862e-17
6: 8.459709078756078e-18
7: 0.6180339887498948
8: 1.0703576741815968
9: 1.714286289869594
10: 2.4832739450506645

Eigenvectors: 
1: [ 5.91142397e-01  5.86484858e-01  3.16227766e-01  1.81041618e-01
  2.34620573e-01 -5.95062018e-02  1.23378720e-01 -3.16227766e-01
 -2.95607295e-17 -6.64536655e-17]
2: [ 2.98673732e-01 -4.65931341e-01 -7.24873237e-16 -1.46973248e-01
  3.34067507e-01  2.39826019e-01  4.79849935e-01  7.65819974e-17
  4.98828969e-01  3.92964496e-01]
3: [ 1.50546299e-01  3.58214590e-01 -3.16227766e-01  2.08238852e-02
 -5.24217838e-01  4.70636659e-01  3.90232340e-01  3.16227766e-01
  6.65654270e-17  1.96985084e-16]
4: [ 0.07517397 -0.26036693  0.51166727  0.11837196  0.12036774  0.56697995
 -0.06216176  0.19543951 -0.49882897 -0.3929645 ]
5: [ 0.1990069   0.14080171  0.19543951 -0.43358982  0.02885675 -0.10036259
 -0.27933721  0.51166727  0.33717794 -0.24927022]
6: [ 4.94188656e-01 -2.85482606e-01 -3.16227766e-01  5.95528967e-01
 -2.50154121e-02 -1.72050215e-01 -2.98990730e-01  3.16227766e-01
  6.40366865e-17  1.29220425e-17]
7: [ 4.37056514e-01 -1.48456086e-01 -2.56116693e-16 -5.65401711e-01
 -2.41791902e-01 -1.35074531e-01 -1.64068529e-01 -7.38377318e-16
 -3.37177938e-01  2.49270220e-01]
8: [ 0.01454985 -0.08369338  0.31622777  0.13353331 -0.48434842  0.29244199
 -0.42674301 -0.31622777  0.49882897  0.3929645 ]
9: [ 3.61312606e-02  1.69692571e-01 -5.11667274e-01 -1.83405959e-01
  4.19873150e-01  5.01329300e-01 -4.56767652e-01 -1.95439508e-01
 -8.23729121e-17 -1.18351008e-16]
10: [ 0.23804961 -0.28925779 -0.19543951 -0.1318119  -0.27064865 -0.03471194
  0.11526868 -0.51166727 -0.16165103 -0.64223472]

n = 7
[0 1 0 0 0 0 0 0 0 0]
[1 0 1 0 0 0 0 1 1 1]
[0 1 0 1 0 0 0 0 0 0]
[0 0 1 0 1 0 0 0 0 0]
[0 0 0 1 0 1 0 0 0 0]
[0 0 0 0 1 0 1 0 0 0]
[0 0 0 0 0 1 0 0 0 0]
[0 1 0 0 0 0 0 0 1 0]
[0 1 0 0 0 0 0 1 0 0]
[0 1 0 0 0 0 0 0 0 0]

Eigenvalues: 
1: -2.1874153411669637
2: -1.6504481994933717
3: -1.0000000000000007
4: -0.9095608370217751
5: -1.6958052988005975e-16
6: -2.1250846728410192e-17
7: 0.48991483657005847
8: 0.9999999999999997
9: 1.7040644973267187
10: 2.553445043785339

Eigenvectors: 
1: [ 6.40434566e-01  6.60279544e-01 -2.55742906e-01 -1.68699164e-01
  9.41636755e-02 -2.26150062e-01  8.22881924e-17 -7.19695333e-17
  2.95356325e-18  7.19644199e-17]
2: [ 3.09155977e-01 -4.26294034e-01 -8.07976754e-02 -3.94193222e-01
 -2.17541522e-01 -7.42872529e-02  1.88982237e-01 -4.71404521e-01
 -5.15320599e-01  1.23402821e-16]
3: [ 2.50811964e-01 -3.01853759e-01  1.54953610e-01  1.85473205e-01
  5.52582814e-02 -4.61610969e-01  5.66946710e-01 -1.68173499e-16
  4.45485193e-01 -7.15002856e-17]
4: [ 1.48978230e-01  2.72202566e-01  3.89095284e-01  5.27241880e-01
 -4.64868461e-01  1.89755635e-01 -1.01051645e-16 -4.71404521e-01
 -6.47594251e-17 -3.27895409e-16]
5: [ 1.29077344e-02 -4.46857606e-02 -3.25632651e-01  4.94301083e-01
 -3.01824513e-01 -2.20072362e-01  1.88982237e-01  4.71404521e-01
 -5.15320599e-01 -1.51513408e-17]
6: [ 4.12267282e-01 -2.07152025e-01  9.64904376e-02  8.83444823e-02
  1.33742968e-01  4.43357460e-01 -1.12745816e-16  2.35702260e-01
 -4.95976907e-17  7.07106781e-01]
7: [ 3.29591905e-02  9.77463183e-02  5.37439822e-01 -4.49596907e-01
 -5.14328438e-01 -1.07816715e-01  1.03903769e-16  4.71404521e-01
  3.25630660e-17  8.17658333e-17]
8: [ 4.12267282e-01 -2.07152025e-01  9.64904376e-02  8.83444823e-02
  1.33742968e-01  4.43357460e-01 -1.40501391e-16  2.35702260e-01
  2.55132749e-17 -7.07106781e-01]
9: [ 7.12517473e-02 -1.69126036e-01 -5.61383936e-01 -8.53653441e-02
 -5.74624317e-01  1.67251354e-01 -1.88982237e-01  1.67966302e-16
  5.15320599e-01  7.24319424e-17]
10: [ 2.50811964e-01 -3.01853759e-01  1.54953610e-01  1.85473205e-01
  5.52582814e-02 -4.61610969e-01 -7.55928946e-01  2.91958438e-17
  6.98354053e-02 -7.19644199e-17]

n = 7
[0 1 0 0 0 0 0 0 0 0]
[1 0 1 0 0 0 0 0 0 1]
[0 1 0 1 0 0 0 0 0 0]
[0 0 1 0 1 0 0 0 0 0]
[0 0 0 1 0 1 0 0 0 0]
[0 0 0 0 1 0 1 0 0 0]
[0 0 0 0 0 1 0 0 0 0]
[0 0 0 0 0 0 0 0 1 1]
[0 0 0 0 0 0 0 1 0 1]
[0 1 0 0 0 0 0 1 1 0]

Eigenvalues: 
1: -2.024953291282238
2: -1.6331431258077957
3: -1.0
4: -0.9999999999999999
5: -0.5593480818422941
6: -4.4367114131872375e-17
7: 0.7778095108181462
8: 1.3572156430971138
9: 1.7771626778088618
10: 2.305256667208207

Eigenvectors: 
1: [-8.12874054e-02  5.04581226e-01  2.77524909e-01 -1.80082431e-01
 -2.49975590e-01  5.22981293e-01 -5.00000000e-01  2.08190198e-01
 -1.77366713e-16  1.08910241e-17]
2: [-4.34351612e-02  4.15475114e-01  4.47322808e-01  3.54596058e-01
  1.63263787e-01 -5.12311423e-01 -2.65065302e-17  1.69474241e-01
 -4.25878517e-01  2.11109191e-02]
3: [-5.61009955e-01 -1.78271360e-01  1.02828234e-01  3.43047053e-02
 -4.08442654e-01 -3.25417260e-01 -1.40876915e-16  4.32662360e-01
  4.25878517e-01 -2.11109191e-02]
4: [-4.29808151e-01 -2.29387444e-01  2.87860388e-01 -1.54393221e-01
  1.35024450e-01  1.23585101e-01 -4.70656857e-17 -2.77463618e-01
 -1.77930759e-01  7.16795082e-01]
5: [-4.29808151e-01 -2.29387444e-01  2.87860388e-01 -1.54393221e-01
  1.35024450e-01  1.23585101e-01 -6.61476439e-17 -2.77463618e-01
 -2.47947757e-01 -6.95684163e-01]
6: [-0.01884179  0.23378564  0.3295886   0.45589062 -0.08062595  0.31369659
  0.5        -0.30298529  0.42587852 -0.02111092]
7: [-1.43953172e-01  4.81247809e-01 -7.06616596e-02 -4.94665885e-01
  3.42925107e-01 -3.41791880e-01  5.40781834e-18 -2.85925029e-01
  4.25878517e-01 -2.11109191e-02]
8: [-0.2505616   0.35067442 -0.37342802 -0.2046734  -0.44443173  0.03521377
  0.5        -0.04825858 -0.42587852  0.02111092]
9: [-4.33655636e-01  1.41957680e-01 -4.36160689e-01  3.35468968e-01
  5.57028397e-01  2.84282759e-01 -1.19519419e-16  3.12918374e-01
 -5.94817754e-17  2.03236059e-17]
10: [-1.88115988e-01  7.98788327e-02 -3.21364325e-01  4.31299648e-01
 -2.75082096e-01 -1.74070940e-01 -5.00000000e-01 -5.59434070e-01
  5.94817754e-17 -2.03236059e-17]

n = 8
[0 1 0 0 0 0 0 0 1 1 0]
[1 0 1 0 0 0 0 0 0 0 0]
[0 1 0 1 0 0 0 0 0 0 0]
[0 0 1 0 1 0 0 0 0 0 0]
[0 0 0 1 0 1 0 0 0 0 0]
[0 0 0 0 1 0 1 0 0 0 0]
[0 0 0 0 0 1 0 1 0 0 0]
[0 0 0 0 0 0 1 0 0 0 0]
[1 0 0 0 0 0 0 0 0 1 0]
[1 0 0 0 0 0 0 0 1 0 1]
[0 0 0 0 0 0 0 0 0 1 0]

Eigenvalues: 
1: -1.9267276037654446
2: -1.6841007668617194
3: -1.4142135623730951
4: -1.1685899854876012
5: -0.6067410929813175
6: -1.0625181290357943e-16
7: 0.357180392148628
8: 0.8482099991167062
9: 1.4142135623730954
10: 1.8341277755844159
11: 2.346641282246333

Eigenvectors: 
1: [-5.40832807e-02  4.97905748e-01  4.48985489e-01  2.11874210e-01
  3.78346857e-01 -3.31057446e-01  4.29972132e-01 -2.55078035e-01
  2.85900951e-17 -5.99894297e-17  3.68819900e-17]
2: [-0.02961936  0.47048667  0.1159659   0.27638432 -0.31104958  0.43166457
 -0.27439556 -0.12579364  0.17870337  0.40824829  0.33929917]
3: [-0.46380392 -0.1165012   0.08452733  0.24581738 -0.08395361 -0.04650978
 -0.35660635 -0.44137724 -0.4314281  -0.40824829  0.14054232]
4: [-0.00657226  0.19901936 -0.41336703 -0.31680112 -0.11468199  0.23508641
  0.43426278 -0.34407211  0.17870337 -0.40824829  0.33929917]
5: [-1.54227309e-02  3.65026930e-01 -3.50622050e-01 -1.13155149e-01
  2.20960953e-01 -3.95909196e-01 -2.63485072e-01  4.02079228e-01
 -2.52724733e-01  7.20601773e-18  4.79841491e-01]
6: [-5.31479257e-01 -1.44251785e-01  2.33429502e-01 -2.31273946e-01
 -1.90825789e-01 -3.52304836e-01 -6.86969964e-02  1.08291687e-01
  6.10131477e-01  8.80817527e-17  1.98756853e-01]
7: [-0.0972947   0.44273609  0.26486808 -0.20070701 -0.41792175  0.12586952
  0.0135138   0.42387528 -0.17870337 -0.40824829 -0.33929917]
8: [-1.74232478e-01  3.14128807e-01 -2.24321737e-01 -2.83562818e-01
  4.26874523e-01  1.19080485e-01 -4.38171507e-01 -2.40258374e-01
  2.52724733e-01  6.97421653e-17 -4.79841491e-01]
9: [-0.22648509 -0.07864871  0.27520249 -0.647499    0.09904139  0.20919463
  0.11322292 -0.09266868 -0.4314281   0.40824829  0.14054232]
10: [-0.31156643  0.13341628 -0.45514002  0.09942393 -0.40454917 -0.32641306
  0.25234286 -0.14311175 -0.17870337  0.40824829 -0.33929917]
11: [-5.56902160e-01 -6.94262973e-02 -1.61732577e-01  3.19075096e-01
  3.52581535e-01  4.30631999e-01  2.85064722e-01  4.07497334e-01
  6.84975060e-17  4.40330075e-17 -1.42345553e-17]

n = 8
[0 1 0 0 0 0 0 0 1 1 1]
[1 0 1 0 0 0 0 0 0 0 0]
[0 1 0 1 0 0 0 0 0 0 0]
[0 0 1 0 1 0 0 0 0 0 0]
[0 0 0 1 0 1 0 0 0 0 0]
[0 0 0 0 1 0 1 0 0 0 0]
[0 0 0 0 0 1 0 1 0 0 0]
[0 0 0 0 0 0 1 0 0 0 0]
[1 0 0 0 0 0 0 0 0 1 0]
[1 0 0 0 0 0 0 0 1 0 0]
[1 0 0 0 0 0 0 0 0 0 0]

Eigenvalues: 
1: -2.0117874493880707
2: -1.7557124498193548
3: -1.2942548219273318
4: -0.9999999999999998
5: -0.6760137173068349
6: 3.121055055362677e-17
7: 0.3369390815810627
8: 0.7897624065118252
9: 1.3895175248474687
10: 1.8285127504748102
11: 2.393036675026433

Eigenvectors: 
1: [-3.33581669e-01  4.60100353e-01  1.70063999e-01 -1.02074329e-01
 -3.55354231e-01 -1.10988033e-01  3.00621574e-01  9.06537152e-02
  4.47776287e-01 -4.47213595e-01  2.26894134e-16]
2: [-1.79894009e-01 -3.84749276e-01  7.08173376e-02  4.23640104e-01
  4.18208128e-01 -3.00959225e-01  4.85051719e-01 -2.04700889e-01
  3.04085496e-01  3.73143221e-17 -1.29821049e-16]
3: [-9.69112930e-02  3.13933412e-01 -2.94398880e-01 -4.46223918e-01
  7.26397994e-02 -4.39319748e-01  3.73366291e-01 -1.59625445e-01
 -2.07620995e-01  4.47213595e-01  9.43306370e-17]
4: [-2.58407723e-01  2.68852875e-01  2.10399384e-01  2.25249237e-01
  2.63284293e-01  5.36043252e-02 -4.84576647e-02  6.98184572e-01
  6.27421390e-02  4.47213595e-01 -7.36056738e-17]
5: [-5.20182692e-02 -2.46818022e-01  4.46062441e-01  1.53887354e-01
 -4.67313629e-01 -5.02342535e-01  3.37472848e-02  1.50916838e-01
 -4.68056752e-01 -4.87242874e-17 -7.45437673e-17]
6: [-4.43907307e-01  1.79585993e-01  1.34049116e-01  1.27069543e-01
  1.06194712e-01  1.18303782e-01 -1.72861989e-01 -3.54787414e-01
 -2.35692304e-01 -1.15156325e-16 -7.07106781e-01]
7: [-5.83298561e-03  5.99260532e-02 -2.34695006e-01  3.65954820e-01
 -4.48007699e-01 -2.04492593e-01 -3.50760899e-01 -2.37430187e-01
  4.30622511e-01  4.47213595e-01  1.01433922e-16]
8: [-4.43907307e-01  1.79585993e-01  1.34049116e-01  1.27069543e-01
  1.06194712e-01  1.18303782e-01 -1.72861989e-01 -3.54787414e-01
 -2.35692304e-01 -5.96451735e-17  7.07106781e-01]
9: [-1.39585485e-02 -1.20558482e-01  4.12056945e-01 -4.73638791e-01
  3.02859350e-01 -3.73917314e-01 -4.87388417e-01 -7.99995091e-02
  3.40089470e-01  1.20037735e-17  1.08862789e-16]
10: [-2.75703329e-02  1.82611987e-01 -4.88758501e-01  2.47054469e-01
  2.43270624e-01 -4.79219983e-01 -3.26473847e-01  2.10475226e-01
 -1.62032632e-01 -4.47213595e-01 -1.82541135e-16]
11: [-6.18379158e-01 -5.40874840e-01 -3.69400817e-01 -2.91529911e-01
 -1.77983794e-01  9.80161920e-02 -6.73327743e-02  2.35245669e-01
  4.95513827e-02  1.12051866e-17  9.78459432e-17]

n = 8
[0 1 0 0 0 0 0 0 0 0 1]
[1 0 1 0 0 0 0 0 0 0 0]
[0 1 0 1 0 0 0 0 0 0 0]
[0 0 1 0 1 0 0 0 0 0 0]
[0 0 0 1 0 1 0 0 0 0 0]
[0 0 0 0 1 0 1 0 0 0 0]
[0 0 0 0 0 1 0 1 0 0 0]
[0 0 0 0 0 0 1 0 0 0 0]
[0 0 0 0 0 0 0 0 0 1 1]
[0 0 0 0 0 0 0 0 1 0 1]
[1 0 0 0 0 0 0 0 1 1 0]

Eigenvalues: 
1: -1.9297716492536492
2: -1.7074021379487225
3: -1.3284343856700112
4: -1.0000000000000002
5: -0.8175631194583234
6: -0.22049060547139504
7: 0.405744413145954
8: 0.9999999999999989
9: 1.502885579985704
10: 1.8590231180251962
11: 2.236008786645245

Eigenvectors: 
1: [ 1.72108934e-02  3.26918833e-01 -4.56137243e-01 -3.92232270e-01
 -1.78431315e-01 -9.77878439e-02  2.11275051e-01 -3.82294441e-01
  4.35262473e-01  3.30576344e-01 -4.13756791e-16]
2: [ 7.69714928e-03  1.75855174e-01 -3.03507631e-01 -3.92232270e-01
 -4.39762838e-01  4.43501181e-01 -1.09481892e-01  2.23904160e-01
 -3.27650713e-01 -4.04343514e-01  5.49237394e-16]
3: [ 0.47309459 -0.14152294 -0.18331102  0.19611614 -0.19998785 -0.1993111
  0.0969215   0.1550716   0.18216141 -0.19427941 -0.70710678]
4: [ 5.84749067e-01 -1.21571481e-01 -9.21844668e-02  1.02272833e-16
  1.18843895e-01  2.43257322e-01 -2.83957861e-01 -4.19841175e-01
 -4.24150895e-01  3.53115095e-01 -2.23307046e-16]
5: [ 0.47309459 -0.14152294 -0.18331102  0.19611614 -0.19998785 -0.1993111
  0.0969215   0.1550716   0.18216141 -0.19427941  0.70710678]
6: [ 3.07865597e-02  4.31894495e-01 -3.82014453e-01  2.96030241e-16
  3.67365329e-01 -4.21939880e-01 -2.98230712e-01  4.28826187e-01
 -2.50566924e-01  1.34076486e-01 -4.03483325e-17]
7: [ 5.16281245e-02  4.75983017e-01 -1.17986770e-01  3.92232270e-01
  3.27487745e-01  1.90821624e-01  3.64242121e-01 -3.49884306e-01
 -1.02400756e-01 -4.40192335e-01  5.09239076e-16]
8: [ 8.46543803e-02  4.52968938e-01  2.04693838e-01  3.92232270e-01
 -2.34489006e-01  3.79865505e-01 -4.04673407e-01  1.68567026e-01
  3.86599609e-01  2.25808532e-01 -2.47015982e-16]
9: [ 1.37659814e-01  3.66096711e-01  4.25618187e-01 -1.54887845e-16
 -4.22630349e-01 -2.74578399e-01  4.16685148e-01  6.20726055e-02
 -4.11171458e-01  2.55579607e-01 -1.75717492e-16]
10: [ 2.23154173e-01  2.27613310e-01  4.34961598e-01 -3.92232270e-01
  6.30091035e-02 -3.19323547e-01 -3.99433777e-01 -2.74549925e-01
  1.59614694e-01 -4.34760993e-01  3.33860608e-16]
11: [ 3.61314877e-01  5.70416950e-02  2.28079327e-01 -3.92232270e-01
  4.48195941e-01  3.44986241e-01  3.54130831e-01  4.06694524e-01
  1.99133810e-01  9.98649465e-02 -1.10553562e-16]

n = 8
[0 1 0 0 0 0 0 0 0 0 0]
[1 0 1 0 0 0 0 0 1 1 0]
[0 1 0 1 0 0 0 0 0 0 0]
[0 0 1 0 1 0 0 0 0 0 0]
[0 0 0 1 0 1 0 0 0 0 0]
[0 0 0 0 1 0 1 0 0 0 0]
[0 0 0 0 0 1 0 1 0 0 0]
[0 0 0 0 0 0 1 0 0 0 0]
[0 1 0 0 0 0 0 0 0 1 0]
[0 1 0 0 0 0 0 0 1 0 1]
[0 0 0 0 0 0 0 0 0 1 0]

Eigenvalues: 
1: -2.0328970133122333
2: -1.708505872198713
3: -1.3905382909814026
4: -1.1100379532247981
5: -0.3847083877987306
6: 3.10665056716299e-16
7: 0.34950647711808536
8: 0.7408626393470088
9: 1.2655767605950103
10: 1.7873607389416344
11: 2.4833809015141437

Eigenvectors: 
1: [-7.35077047e-03 -2.38547640e-01  3.86941919e-01 -3.16124890e-01
  4.38212356e-01 -6.44632601e-16  4.91279522e-01 -6.36327754e-02
 -2.68038674e-01  4.10845091e-01 -1.23728767e-01]
2: [-0.43689163  0.11436492  0.15466485  0.08113254 -0.11988889  0.57735027
  0.18613528  0.14499829 -0.04374142 -0.28458139 -0.52845555]
3: [-0.19892134  0.08005393  0.18765724  0.48747348  0.30622557 -0.57735027
 -0.09260673 -0.13618107  0.14723539 -0.03567195 -0.45165979]
4: [-4.93997451e-01  1.43085254e-01  2.37494639e-01  3.61150890e-01
  1.07027819e-01 -1.55503726e-16  3.56265871e-02  2.76842095e-01
 -2.51552524e-01  3.95972187e-02  6.28050233e-01]
5: [-1.82547630e-02 -4.26370686e-01  4.89704701e-01 -2.34205120e-01
  1.53158057e-01 -1.77599314e-16 -1.88999353e-01  1.29358879e-01
  4.57945649e-01 -4.56053644e-01  1.72049588e-01]
6: [-3.79827593e-02 -5.23530584e-01  2.32816970e-01  1.42611066e-01
 -3.84682623e-01  2.66312478e-16 -4.18569885e-01 -1.99340503e-01
 -5.14364156e-01  9.53917624e-02 -1.15512773e-01]
7: [-7.60708961e-02 -5.09367326e-01 -1.95056955e-01  3.39860332e-01
 -2.87607125e-01  3.28879029e-16  3.50026699e-01  2.75879835e-01
  4.20848532e-01  3.50165167e-01 -1.14246538e-02]
8: [-1.50930251e-01 -3.86892576e-01 -4.79676518e-01  1.09178756e-01
  2.84162070e-01 -2.71185140e-16  2.83911679e-01 -3.61494789e-01
 -2.04658033e-01 -4.84088388e-01  1.31399192e-01]
9: [-2.98746407e-01 -1.82149275e-01 -4.12010500e-01 -2.58973870e-01
  3.86923609e-01 -2.09580623e-16 -4.59249903e-01  4.59001842e-01
 -7.11890819e-02  1.87191316e-01 -1.71290954e-01]
10: [-5.90970871e-01  6.13261140e-02 -4.17543950e-02 -3.01042821e-01
 -1.48929762e-01 -7.04740722e-17 -1.07234389e-01 -5.71608685e-01
  3.26284997e-01  2.76298922e-01  1.06787438e-01]
11: [-0.23797029  0.03431099 -0.03299238 -0.40634094 -0.42611446 -0.57735027
  0.27874201  0.28117936 -0.19097681 -0.24890944 -0.07679576]

n = 8
[0 1 0 0 0 0 0 0 0 0 0]
[1 0 1 0 0 0 0 0 1 1 1]
[0 1 0 1 0 0 0 0 0 0 0]
[0 0 1 0 1 0 0 0 0 0 0]
[0 0 0 1 0 1 0 0 0 0 0]
[0 0 0 0 1 0 1 0 0 0 0]
[0 0 0 0 0 1 0 1 0 0 0]
[0 0 0 0 0 0 1 0 0 0 0]
[0 1 0 0 0 0 0 0 0 1 0]
[0 1 0 0 0 0 0 0 1 0 0]
[0 1 0 0 0 0 0 0 0 0 0]

Eigenvalues: 
1: -2.188696231687087
2: -1.7418926901450278
3: -1.1614029674885142
4: -1.0
5: -0.4013487933686982
6: -1.0441789621415955e-16
7: 0.3436430002798106
8: 0.5858593060267395
9: 1.2288639457846458
10: 1.7814489644289195
11: 2.5535254661692104

Eigenvectors: 
1: [ 6.40294838e-01  6.56905695e-01  2.37030992e-01  1.90483520e-01
  8.64269626e-02 -7.97045593e-02 -3.40767151e-17  1.41779338e-01
  1.74246977e-01 -4.17604973e-02 -5.09411830e-17]
2: [ 3.09198490e-01 -4.25474289e-01  3.21667208e-02  2.83054153e-01
 -1.64261430e-01 -4.78948234e-01  6.56747098e-16 -3.44414365e-01
  3.48728681e-01  3.81585372e-01 -1.23095544e-16]
3: [ 1.49251380e-01  2.74328277e-01 -2.93061968e-01 -5.19223454e-01
 -3.79050317e-01  2.71929855e-01 -6.11848267e-16 -2.60134923e-01
  3.00589657e-02  5.10677003e-01  2.14268423e-16]
4: [ 2.50749345e-01 -3.00135617e-01 -1.36076690e-01 -1.64011567e-01
  4.85149810e-02  1.98591750e-01 -7.07106781e-01  4.12577406e-01
  2.97421199e-01 -3.39830113e-02  1.58393389e-16]
5: [ 3.43948779e-02  1.08577515e-01 -5.40112791e-01  1.47605273e-01
 -5.31265409e-01 -4.20352458e-01  6.10516727e-16  3.47771043e-01
 -2.24047736e-01 -2.08416797e-01 -1.63327240e-16]
6: [ 1.59094863e-02 -6.26962193e-02  4.62502744e-01 -4.91402709e-01
 -4.35424848e-01 -2.01101563e-01 -2.04115172e-16 -1.35511735e-01
  1.99857905e-01 -5.02083073e-01  3.19207578e-17]
7: [ 6.23040047e-03  2.86454641e-02 -2.65517357e-01  4.23111291e-01
 -2.44421736e-01  5.01064328e-01 -3.50748599e-16 -3.94338702e-01
  3.41136349e-01 -4.08574989e-01 -7.84143955e-17]
8: [ 4.12155998e-01 -2.06010748e-01 -8.64479464e-02 -8.81295728e-02
  1.10598346e-01  5.68770314e-02  8.71324896e-18 -2.16009485e-01
 -4.20743433e-01 -1.82468659e-01  7.07106781e-01]
9: [ 4.12155998e-01 -2.06010748e-01 -8.64479464e-02 -8.81295728e-02
  1.10598346e-01  5.68770314e-02  3.50593617e-17 -2.16009485e-01
 -4.20743433e-01 -1.82468659e-01 -7.07106781e-01]
10: [ 7.19187103e-02 -1.74946978e-01  4.78315779e-01  3.19973507e-01
 -5.10997365e-01  3.69809515e-01 -2.45978689e-16  2.55020819e-01
 -3.31118356e-01  2.45967185e-01  5.23015441e-17]
11: [ 2.50749345e-01 -3.00135617e-01 -1.36076690e-01 -1.64011567e-01
  4.85149810e-02  1.98591750e-01  7.07106781e-01  4.12577406e-01
  2.97421199e-01 -3.39830113e-02  5.09411830e-17]

n = 8
[0 1 0 0 0 0 0 0 0 0 0]
[1 0 1 0 0 0 0 0 0 0 1]
[0 1 0 1 0 0 0 0 0 0 0]
[0 0 1 0 1 0 0 0 0 0 0]
[0 0 0 1 0 1 0 0 0 0 0]
[0 0 0 0 1 0 1 0 0 0 0]
[0 0 0 0 0 1 0 1 0 0 0]
[0 0 0 0 0 0 1 0 0 0 0]
[0 0 0 0 0 0 0 0 0 1 1]
[0 0 0 0 0 0 0 0 1 0 1]
[0 1 0 0 0 0 0 0 1 1 0]

Eigenvalues: 
1: -2.029956297956554
2: -1.7201939127525054
3: -1.198734124973598
4: -1.0000000000000002
5: -0.6790424970689631
6: -0.3220737062348246
7: 0.3544408329001503
8: 1.0
9: 1.4644084633730976
10: 1.8256892974916232
11: 2.3054619452215817

Eigenvectors: 
1: [ 4.70087099e-02 -4.66456782e-01 -3.35545906e-01  6.18521410e-16
 -4.11280647e-01  1.92928377e-01 -5.12564374e-01  3.74796915e-01
  1.70760113e-01 -1.69970842e-01  6.30380631e-17]
2: [ 2.51153892e-02 -3.65003660e-01 -4.29340005e-01 -3.92232270e-01
  1.66719320e-01 -1.25495351e-01  4.50066318e-01  1.34683109e-01
  2.15166259e-01  4.66285736e-01 -9.39604482e-17]
3: [ 0.42935233  0.19496727 -0.28100498  0.19611614  0.06820025  0.1309794
  0.10899651 -0.11430541  0.29538611 -0.16190492  0.70710678]
4: [ 5.60503133e-01  1.60982392e-01 -1.30501092e-01  1.23911934e-16
 -4.40272979e-02 -3.96861852e-01 -2.96491642e-01  1.51120174e-01
 -4.95965828e-01  3.55985866e-01 -3.26020580e-17]
5: [ 0.42935233  0.19496727 -0.28100498  0.19611614  0.06820025  0.1309794
  0.10899651 -0.11430541  0.29538611 -0.16190492 -0.70710678]
6: [ 1.08938641e-02 -1.99926494e-01 -2.93183231e-01 -3.92232270e-01
  4.70372782e-01  6.18217007e-02 -2.61636967e-01 -4.18174803e-01
 -3.16867147e-01 -3.88981782e-01  3.21712620e-16]
7: [ 8.32614026e-02 -4.86601494e-01 -6.20362594e-02  3.92232270e-01
 -3.12493975e-01 -2.66140823e-01  4.31643797e-01 -2.55395340e-01
 -3.31119633e-01 -2.62535888e-01  2.05991759e-16]
8: [ 1.44947285e-01 -4.21926359e-01  2.44699483e-01  3.92232270e-01
  3.00520022e-01  3.47325863e-01 -2.29946659e-01 -2.92540791e-01
  5.40841887e-02  4.84681569e-01 -3.88695195e-17]
9: [ 2.50909048e-01 -2.83704943e-01  4.20376253e-01 -2.92491834e-16
  4.19010542e-01 -4.38915499e-01 -3.60909542e-02  3.49615037e-01
  2.94394170e-01 -3.18468449e-01  3.26020580e-17]
10: [ 4.33513976e-01 -9.60307191e-02  3.70903059e-01 -3.92232270e-01
 -1.52005576e-01  5.43653420e-01  2.92030099e-01  1.79938980e-01
 -2.53990341e-01 -1.02922571e-01  5.98181792e-17]
11: [ 1.88037793e-01 -5.25997053e-02  2.53278418e-01 -3.92232270e-01
 -4.28860227e-01 -2.67815332e-01 -1.69765802e-01 -5.58688825e-01
  3.74041893e-01  8.58593823e-02 -5.98181792e-17]

