Tables using graphs: 
  n    |V|   |E|   deg   alpha   sigma
  2    5     4     4     4       4
  2    5     4     3     3       1
  3    6     6     5     4       1
  3    6     6     3     3       1
  4    7     9     6     4       1
  4    7     9     4     3       1
  5    8     13    7     4       1
  5    8     13    5     3       1
  6    9     18    8     4       1
  6    9     18    6     3       1
  7    10    24    9     4       1
  7    10    24    7     3       1
  8    11    31    10    4       1
  8    11    31    8     3       1
  9    12    39    11    4       1
  9    12    39    9     3       1
  10   13    48    12    4       1
  10   13    48    10    3       1

Table using formulas: 
  n    deg            alpha          sigma
  2    not finished   not finished   not finished
  3    not finished   not finished   not finished
  4    not finished   not finished   not finished
  5    not finished   not finished   not finished
  6    not finished   not finished   not finished
  7    not finished   not finished   not finished
  8    not finished   not finished   not finished
  9    not finished   not finished   not finished
  10   not finished   not finished   not finished

Adjacency matrices: 
n = 6
[0 1 1 1 1 1 1 1 1]
[1 0 1 1 1 1 0 0 0]
[1 1 0 1 1 1 0 0 0]
[1 1 1 0 1 1 0 0 0]
[1 1 1 1 0 1 0 0 0]
[1 1 1 1 1 0 0 0 0]
[1 0 0 0 0 0 0 0 0]
[1 0 0 0 0 0 0 0 0]
[1 0 0 0 0 0 0 0 0]

Eigenvalues: 
1: -2.1829571344122467
2: -1.0000000000000007
3: -1.0000000000000004
4: -1.0000000000000002
5: -1.0000000000000002
6: -8.718457680937922e-34
7: 0.0
8: 1.0765072663771225
9: 5.106449868035125

Eigenvectors: 
1: [-3.96367590e-01  1.21900438e-01  1.67430634e-01  1.78201625e-01
 -8.59225351e-01  3.11614108e-01  2.70208166e-01  1.77326873e-34
 -3.96483976e-18]
2: [-3.96367590e-01  1.21900438e-01  1.67430634e-01 -2.97981600e-01
  3.25938137e-01 -2.99221048e-02 -7.47992359e-01 -8.73610449e-18
 -7.03485512e-18]
3: [-8.58837115e-02  3.45267971e-01 -4.54694787e-01  4.78189279e-17
 -3.26082783e-17  6.60966944e-17 -7.35595608e-17  7.39904667e-18
 -8.16496581e-01]
4: [-3.96367590e-01  1.21900438e-01  1.67430634e-01  6.49347711e-01
  3.23623771e-01 -4.48993508e-01 -1.21834201e-01  1.23295968e-17
  3.88149993e-18]
5: [-3.96367590e-01  1.21900438e-01  1.67430634e-01  1.33699320e-01
  2.24799222e-01  6.69488293e-01  5.80214373e-03 -8.85833765e-18
 -3.54562239e-18]
6: [-8.58837115e-02  3.45267971e-01 -4.54694787e-01  1.36875697e-17
 -2.23546921e-17 -9.28109835e-18 -1.75973569e-18  7.07106781e-01
  4.08248290e-01]
7: [-8.58837115e-02  3.45267971e-01 -4.54694787e-01  1.36875697e-17
 -2.23546921e-17 -9.28109835e-18 -1.75973569e-18 -7.07106781e-01
  4.08248290e-01]
8: [-3.96367590e-01  1.21900438e-01  1.67430634e-01 -6.63267057e-01
 -1.51357783e-02 -5.02186789e-01  5.93816251e-01  2.15771785e-17
  5.98976347e-18]
9: [-4.38560867e-01 -7.53705181e-01 -4.89482242e-01  7.19224467e-17
  8.96162519e-17  4.53423177e-17 -1.14400920e-16  3.79502482e-49
 -6.06584141e-33]

n = 6
[0 1 1 1 1 1 1 0 0]
[1 0 1 1 1 1 0 0 0]
[1 1 0 1 1 1 0 0 0]
[1 1 1 0 1 1 0 0 0]
[1 1 1 1 0 1 0 0 0]
[1 1 1 1 1 0 0 0 0]
[1 0 0 0 0 0 0 1 1]
[0 0 0 0 0 0 1 0 0]
[0 0 0 0 0 0 1 0 0]

Eigenvalues: 
1: -1.9405926106000104
2: -1.0
3: -0.9999999999999996
4: -0.9999999999999996
5: -0.9999999999999991
6: -0.6559816536095209
7: -3.6173727695646624e-17
8: 1.559553055513895
9: 5.03702120869564

Eigenvectors: 
1: [ 4.03919198e-01 -8.10394821e-02 -9.73387564e-02  1.44246491e-01
  4.46682163e-01  7.63322817e-18  7.49399672e-03 -4.81911732e-01
 -6.45389400e-01]
2: [ 1.79223111e-02  4.57588925e-01  3.27453424e-01  4.27861452e-01
 -5.60898436e-16 -7.07106781e-01 -3.22279524e-16  3.16459288e-16
 -4.50342083e-16]
3: [ 4.03919198e-01 -8.10394821e-02 -9.73387564e-02  1.44246491e-01
  2.81857756e-02 -1.45196920e-17  7.40323390e-01 -1.40865818e-02
 -6.21686361e-02]
4: [ 1.79223111e-02  4.57588925e-01  3.27453424e-01  4.27861452e-01
 -5.33142861e-16  7.07106781e-01 -4.88780372e-16  3.36551975e-16
  1.65505121e-17]
5: [ 9.02750611e-02  7.13634206e-01 -6.35453695e-01 -2.80669263e-01
  3.96068022e-16 -7.86248310e-18  3.24163880e-16 -3.19453253e-16
  5.88313713e-17]
6: [ 4.03919198e-01 -8.10394821e-02 -9.73387564e-02  1.44246491e-01
  3.20375651e-01 -5.11660550e-17 -8.91365846e-02  3.96869059e-01
  2.82312357e-01]
7: [ 4.03919198e-01 -8.10394821e-02 -9.73387564e-02  1.44246491e-01
  3.87460931e-02  5.29700277e-17  7.54948259e-03 -5.00500958e-01
  6.65110614e-01]
8: [ 4.03919198e-01 -8.10394821e-02 -9.73387564e-02  1.44246491e-01
 -8.33989682e-01  3.27064835e-17 -6.66230285e-01  5.99630213e-01
 -2.39864935e-01]
9: [ 4.18872775e-01  1.97772557e-01  5.78249897e-01 -6.71609016e-01
  4.88639620e-16 -1.57543873e-18  3.49129369e-16 -2.35048879e-16
  2.21593754e-16]

n = 7
[0 1 1 1 1 1 1 1 1 1]
[1 0 1 1 1 1 1 0 0 0]
[1 1 0 1 1 1 1 0 0 0]
[1 1 1 0 1 1 1 0 0 0]
[1 1 1 1 0 1 1 0 0 0]
[1 1 1 1 1 0 1 0 0 0]
[1 1 1 1 1 1 0 0 0 0]
[1 0 0 0 0 0 0 0 0 0]
[1 0 0 0 0 0 0 0 0 0]
[1 0 0 0 0 0 0 0 0 0]

Eigenvalues: 
1: -2.198254529941695
2: -1.0000000000000004
3: -0.9999999999999999
4: -0.9999999999999998
5: -0.9999999999999998
6: -0.999999999999999
7: -3.2522489266098015e-17
8: 9.542768182982918e-34
9: 1.1232190596169267
10: 6.075035470324765

Eigenvectors: 
1: [-3.71399762e-01  1.05419478e-01  1.32723838e-01  6.36504870e-01
  4.52028741e-17 -1.49733889e-01 -5.49967419e-01  1.21826077e-01
  2.62144458e-01  9.33939227e-17]
2: [-6.57227303e-02  3.45199442e-01 -4.58095188e-01  5.98499450e-17
 -8.16496581e-01  6.21677171e-17 -9.53131838e-17  2.10669948e-18
  9.39450150e-17 -3.35828039e-16]
3: [-3.71399762e-01  1.05419478e-01  1.32723838e-01  3.29853108e-02
  9.58716030e-18  8.98338661e-02 -2.66029446e-01 -8.82204750e-01
 -2.75673565e-02 -5.95291884e-17]
4: [-3.71399762e-01  1.05419478e-01  1.32723838e-01  3.29853108e-02
  1.82607777e-17 -7.48620337e-01  4.88182572e-01  1.03063013e-01
  1.44405279e-01 -6.57788385e-17]
5: [-6.57227303e-02  3.45199442e-01 -4.58095188e-01  1.12776877e-17
  4.08248290e-01 -4.07994698e-17 -3.65712478e-18  2.82369491e-17
 -1.01660009e-16  7.07106781e-01]
6: [-3.71399762e-01  1.05419478e-01  1.32723838e-01  3.29853108e-02
  9.58716030e-18  6.20340856e-01  5.72335962e-01  4.04920800e-01
  1.99621965e-01 -4.89558224e-17]
7: [-3.71399762e-01  1.05419478e-01  1.32723838e-01  3.29853108e-02
 -1.17047653e-16  1.51311641e-01 -2.46715788e-01  1.11385872e-01
 -8.81934865e-01  1.13684025e-16]
8: [-6.57227303e-02  3.45199442e-01 -4.58095188e-01  1.12776877e-17
  4.08248290e-01 -4.07994698e-17 -3.65712478e-18  2.82369491e-17
  5.69689307e-18 -7.07106781e-01]
9: [-3.71399762e-01  1.05419478e-01  1.32723838e-01 -7.68446113e-01
  5.11662413e-17  3.68678631e-02  2.19411915e-03  1.41008989e-01
  3.03330519e-01  3.30971533e-17]
10: [-3.99267918e-01 -7.58836238e-01 -5.14541246e-01 -2.21956574e-16
 -5.50111194e-33  2.06611077e-17  7.16202449e-17  2.62842375e-18
  1.29637484e-17 -1.24512077e-34]

n = 7
[0 1 1 1 1 1 1 1 0 0]
[1 0 1 1 1 1 1 0 0 0]
[1 1 0 1 1 1 1 0 0 0]
[1 1 1 0 1 1 1 0 0 0]
[1 1 1 1 0 1 1 0 0 0]
[1 1 1 1 1 0 1 0 0 0]
[1 1 1 1 1 1 0 0 0 0]
[1 0 0 0 0 0 0 0 1 1]
[0 0 0 0 0 0 0 1 0 0]
[0 0 0 0 0 0 0 1 0 0]

Eigenvalues: 
1: -1.9483331737947291
2: -1.0000000000000004
3: -1.0000000000000004
4: -1.0000000000000004
5: -1.0
6: -1.0
7: -0.6499549032745046
8: 1.1656624981052211e-32
9: 1.5726484045242841
10: 6.025639672544951

Eigenvectors: 
1: [ 3.75659288e-01 -6.29455189e-02 -8.42060387e-02 -1.20390908e-01
 -8.15240034e-01 -7.35848555e-02 -5.84376221e-02  3.80452276e-01
 -5.24039377e-01  1.78487127e-17]
2: [ 3.75659288e-01 -6.29455189e-02 -8.42060387e-02 -1.20390908e-01
  3.27082767e-03  5.21825396e-01  5.10450871e-01 -5.33697735e-01
  5.33009295e-01 -1.25216639e-17]
3: [ 3.75659288e-01 -6.29455189e-02 -8.42060387e-02 -1.20390908e-01
  1.53231059e-02 -5.23792500e-01 -4.31735534e-01  2.15730043e-01
  3.38798963e-02  6.35711041e-18]
4: [ 1.12302473e-02  4.55887442e-01  3.25774449e-01 -4.31174594e-01
 -1.00180717e-16 -7.83223475e-17  2.13621187e-16 -2.86368950e-16
 -2.73540522e-16  7.07106781e-01]
5: [ 3.75659288e-01 -6.29455189e-02 -8.42060387e-02 -1.20390908e-01
  3.27082767e-03 -4.92720080e-01  5.16644229e-01  3.47232523e-01
  3.28682060e-01 -1.29555082e-17]
6: [ 6.76694237e-02  7.16950658e-01 -6.34717166e-01  2.80244042e-01
  2.09812424e-16  7.22011923e-17 -1.50022850e-16  5.97885791e-17
  1.06373256e-16  3.25745501e-17]
7: [ 3.75659288e-01 -6.29455189e-02 -8.42060387e-02 -1.20390908e-01
  2.95679391e-01  1.36343410e-01 -5.24477200e-03 -6.04470155e-01
 -5.48454586e-01 -4.64550260e-17]
8: [ 1.12302473e-02  4.55887442e-01  3.25774449e-01 -4.31174594e-01
 -1.00180717e-16 -7.83223475e-17  2.13621187e-16 -2.86368950e-16
 -2.56622011e-16 -7.07106781e-01]
9: [ 3.75659288e-01 -6.29455189e-02 -8.42060387e-02 -1.20390908e-01
  4.97695881e-01  4.31928628e-01 -5.31677171e-01  1.94753048e-01
  1.76922711e-01  1.51518248e-17]
10: [ 3.85291069e-01  2.15736425e-01  5.85091612e-01  6.80203199e-01
  2.49996678e-16  1.18171601e-16 -2.39114959e-16  4.23164641e-16
  6.13587103e-16 -5.21471386e-34]

n = 8
[0 1 1 1 1 1 1 1 1 1 1]
[1 0 1 1 1 1 1 1 0 0 0]
[1 1 0 1 1 1 1 1 0 0 0]
[1 1 1 0 1 1 1 1 0 0 0]
[1 1 1 1 0 1 1 1 0 0 0]
[1 1 1 1 1 0 1 1 0 0 0]
[1 1 1 1 1 1 0 1 0 0 0]
[1 1 1 1 1 1 1 0 0 0 0]
[1 0 0 0 0 0 0 0 0 0 0]
[1 0 0 0 0 0 0 0 0 0 0]
[1 0 0 0 0 0 0 0 0 0 0]

Eigenvalues: 
1: -2.2100493697679005
2: -1.0000000000000002
3: -1.0
4: -1.0
5: -0.9999999999999998
6: -0.9999999999999997
7: -0.9999999999999991
8: 0.0
9: 2.7144430765933537e-34
10: 1.154327609939167
11: 7.055721759828736

Eigenvectors: 
1: [-3.49605206e-01  9.29255184e-02  1.09536253e-01 -6.01225472e-01
  6.27197439e-01  2.70768383e-02  1.75802252e-02 -9.02299392e-02
 -1.64053624e-01  6.37972036e-18  3.44618869e-17]
2: [-3.49605206e-01  9.29255184e-02  1.09536253e-01  7.61664879e-01
  5.14851691e-01 -2.52690787e-01 -5.59432464e-01 -3.52613091e-01
  5.75020855e-02  3.74685580e-19 -2.63297269e-18]
3: [-3.49605206e-01  9.29255184e-02  1.09536253e-01  5.76748635e-02
 -1.66862841e-01  1.46197350e-01 -3.44526600e-02  8.39397552e-01
 -9.83601664e-02 -3.78635486e-18  4.21248517e-17]
4: [-3.49605206e-01  9.29255184e-02  1.09536253e-01 -1.58247819e-01
 -3.75953350e-01  1.51315408e-01  2.97374959e-01 -3.52330119e-01
  8.93245744e-01 -3.11831310e-19 -3.05786941e-17]
5: [-3.49605206e-01  9.29255184e-02  1.09536253e-01  5.76748635e-02
 -1.66862841e-01  7.38792182e-01  5.61917781e-02 -1.47356580e-01
 -1.76179873e-01 -1.36573265e-17  1.42187500e-17]
6: [-5.23101443e-02  3.45206358e-01 -4.59814694e-01 -6.69937254e-17
  5.92571418e-17  2.02135470e-17  2.05544556e-17  6.67425288e-18
 -3.69308561e-17  4.12839422e-16 -8.16496581e-01]
7: [-3.49605206e-01  9.29255184e-02  1.09536253e-01 -1.58247819e-01
 -3.75953350e-01 -4.96779522e-01 -4.22083701e-01 -2.51337105e-02
 -2.52406577e-01  2.07261307e-17  1.56583637e-17]
8: [-5.23101443e-02  3.45206358e-01 -4.59814694e-01 -6.69937254e-17
  5.92571418e-17  2.02135470e-17  2.05544556e-17  6.67425288e-18
 -5.76232113e-18 -7.07106781e-01  4.08248290e-01]
9: [-5.23101443e-02  3.45206358e-01 -4.59814694e-01 -6.69937254e-17
  5.92571418e-17  2.02135470e-17  2.05544556e-17  6.67425288e-18
 -5.76232113e-18  7.07106781e-01  4.08248290e-01]
10: [-3.49605206e-01  9.29255184e-02  1.09536253e-01  4.07065048e-02
 -5.64167473e-02 -3.13911470e-01  6.44821863e-01  1.28265888e-01
 -2.59747589e-01 -6.98825327e-18  1.69472791e-17]
11: [-3.69085824e-01 -7.62923094e-01 -5.30776796e-01  1.23817370e-16
 -1.03687391e-16 -6.15628758e-17  3.39927752e-17 -2.48080958e-17
  4.56328831e-17  2.75204741e-49 -4.41615556e-34]

n = 8
[0 1 1 1 1 1 1 1 1 0 0]
[1 0 1 1 1 1 1 1 0 0 0]
[1 1 0 1 1 1 1 1 0 0 0]
[1 1 1 0 1 1 1 1 0 0 0]
[1 1 1 1 0 1 1 1 0 0 0]
[1 1 1 1 1 0 1 1 0 0 0]
[1 1 1 1 1 1 0 1 0 0 0]
[1 1 1 1 1 1 1 0 0 0 0]
[1 0 0 0 0 0 0 0 0 1 1]
[0 0 0 0 0 0 0 0 1 0 0]
[0 0 0 0 0 0 0 0 1 0 0]

Eigenvalues: 
1: -1.9542784989059176
2: -1.0000000000000007
3: -1.0000000000000007
4: -0.9999999999999999
5: -0.9999999999999999
6: -0.9999999999999996
7: -0.9999999999999993
8: -0.6455750197770204
9: -3.2446682335575624e-33
10: 1.5809850377195918
11: 7.01886848096335

Eigenvectors: 
1: [ 3.52193135e-01 -5.13887330e-02 -7.42226477e-02 -1.03282792e-01
  2.68568346e-01  7.92177447e-01 -3.67553192e-02 -1.83551048e-01
 -1.36476132e-01 -5.47145828e-02 -3.15597292e-17]
2: [ 3.52193135e-01 -5.13887330e-02 -7.42226477e-02 -1.03282792e-01
 -7.15165258e-02 -1.36541882e-01  5.44123266e-01 -2.78174828e-01
  3.86234291e-01  5.57071004e-01 -4.97491317e-19]
3: [ 3.52193135e-01 -5.13887330e-02 -7.42226477e-02 -1.03282792e-01
 -2.95358194e-01 -1.12916224e-01 -4.52493461e-01  2.83875078e-02
 -8.12170230e-01  2.76185524e-01  5.47608483e-17]
4: [ 3.52193135e-01 -5.13887330e-02 -7.42226477e-02 -1.03282792e-01
 -3.20289224e-01 -3.43456328e-01  2.21777662e-01 -1.23545778e-01
 -1.94684948e-02 -7.78897034e-01  1.40427050e-17]
5: [ 3.52193135e-01 -5.13887330e-02 -7.42226477e-02 -1.03282792e-01
 -2.95358194e-01 -1.12916224e-01 -6.21240052e-01 -9.79669902e-02
  3.08493751e-01 -4.31548644e-02 -1.07585865e-16]
6: [ 7.59213305e-03  4.54617330e-01  3.24530654e-01 -4.33526582e-01
  1.21199064e-16 -6.50811878e-17 -1.38572931e-16 -3.71977118e-16
 -1.42463342e-16 -4.47303074e-17  7.07106781e-01]
7: [ 5.32881834e-02  7.18743197e-01 -6.34223280e-01  2.79873931e-01
  1.92755505e-17 -9.79000293e-17 -4.05890396e-17 -8.59591756e-17
 -1.83495653e-17  3.81426921e-17  6.51955071e-18]
8: [ 3.52193135e-01 -5.13887330e-02 -7.42226477e-02 -1.03282792e-01
 -8.50826653e-02  2.78246056e-01  2.13120661e-01  8.97006919e-01
  2.77511133e-01  4.30889678e-02  6.02586877e-17]
9: [ 7.59213305e-03  4.54617330e-01  3.24530654e-01 -4.33526582e-01
  1.21199064e-16 -6.50811878e-17 -1.38572931e-16 -3.71977118e-16
 -1.42463342e-16 -1.32595170e-17 -7.07106781e-01]
10: [ 3.52193135e-01 -5.13887330e-02 -7.42226477e-02 -1.03282792e-01
  7.99036456e-01 -3.64592845e-01  1.31467243e-01 -2.42155783e-01
 -4.12431825e-03  4.20985110e-04  4.06129364e-18]
11: [ 3.58838485e-01  2.27087580e-01  5.90387611e-01  6.86373544e-01
 -1.81993038e-16  3.47851522e-16  9.07072686e-17  4.27999759e-16
  1.45762771e-16  1.25429975e-17 -2.76183802e-33]

