Tables using graphs: 
  n    |V|   |E|   deg   alpha   sigma
  2    5     5     3     3       2
  3    6     7     4     3       1
  4    7     10    5     3       1
  5    8     14    6     3       1
  6    9     19    7     3       1
  7    10    25    8     3       1
  8    11    32    9     3       1
  9    12    40    10    3       1
  10   13    49    11    3       1

Table using formulas: 
  n    deg            alpha          sigma
  2    not finished   not finished   not finished
  3    not finished   not finished   not finished
  4    not finished   not finished   not finished
  5    not finished   not finished   not finished
  6    not finished   not finished   not finished
  7    not finished   not finished   not finished
  8    not finished   not finished   not finished
  9    not finished   not finished   not finished
  10   not finished   not finished   not finished

Adjacency matrices: 
n = 6
[0 1 1 1 1 1 1 0 1]
[1 0 1 1 1 1 0 0 0]
[1 1 0 1 1 1 0 0 0]
[1 1 1 0 1 1 0 0 0]
[1 1 1 1 0 1 0 0 0]
[1 1 1 1 1 0 0 0 0]
[1 0 0 0 0 0 0 1 0]
[0 0 0 0 0 0 1 0 1]
[1 0 0 0 0 0 0 1 0]

Eigenvalues: 
1: -2.2573965756091363
2: -1.0000000000000009
3: -1.0000000000000002
4: -0.9999999999999999
5: -0.9999999999999997
6: -0.514521029092246
7: -5.739586077151118e-18
8: 1.6962850485423213
9: 5.075632556159057

Eigenvectors: 
1: [-3.99337361e-01  9.89501880e-02  1.33584808e-01 -1.13550128e-01
 -1.40223187e-17 -1.00995326e-01 -3.16651104e-01 -6.59724626e-01
 -6.66574800e-01]
2: [-3.99337361e-01  9.89501880e-02  1.33584808e-01 -1.13550128e-01
  1.37332569e-17  7.09097316e-02  1.53179644e-01 -4.15992618e-01
  6.64005381e-01]
3: [-9.17508776e-02  4.51481290e-01 -1.78815554e-01  5.05738489e-01
  7.07106781e-01  9.09711633e-17 -7.65381474e-17 -4.21102287e-17
  1.51142967e-16]
4: [-3.61534751e-02 -4.00001749e-01  6.95075787e-01  5.96289508e-01
 -4.92216129e-17 -1.13612332e-17  1.77727055e-16 -1.56095482e-16
 -7.76739431e-17]
5: [-9.17508776e-02  4.51481290e-01 -1.78815554e-01  5.05738489e-01
 -7.07106781e-01 -6.94140090e-17  1.31411644e-16  6.54094043e-17
 -1.79831069e-16]
6: [-3.99337361e-01  9.89501880e-02  1.33584808e-01 -1.13550128e-01
 -1.40223187e-17  4.59562649e-01  7.83215813e-01  3.66345518e-01
 -2.73935059e-01]
7: [-3.99337361e-01  9.89501880e-02  1.33584808e-01 -1.13550128e-01
 -9.72890455e-17 -7.98411662e-01 -1.21723918e-01  3.00370129e-01
  1.65703196e-01]
8: [-3.99337361e-01  9.89501880e-02  1.33584808e-01 -1.13550128e-01
  2.08022286e-16  3.68934607e-01 -4.98020434e-01  4.09001597e-01
  1.10801282e-01]
9: [-4.29540266e-01 -6.19170568e-01 -6.03071423e-01  2.61587129e-01
  1.10560590e-17  5.91533576e-17 -1.85343028e-16  1.17548826e-16
  2.03669030e-17]

n = 7
[0 1 1 1 1 1 1 1 0 1]
[1 0 1 1 1 1 1 0 0 0]
[1 1 0 1 1 1 1 0 0 0]
[1 1 1 0 1 1 1 0 0 0]
[1 1 1 1 0 1 1 0 0 0]
[1 1 1 1 1 0 1 0 0 0]
[1 1 1 1 1 1 0 0 0 0]
[1 0 0 0 0 0 0 0 1 0]
[0 0 0 0 0 0 0 1 0 1]
[1 0 0 0 0 0 0 0 1 0]

Eigenvalues: 
1: -2.26814281685195
2: -1.0000000000000004
3: -1.0000000000000002
4: -1.0
5: -1.0
6: -0.9999999999999996
7: -0.5072796004108672
8: 7.806255641895632e-18
9: 1.7232714790554966
10: 6.052150938207323

Eigenvectors: 
1: [-3.73239729e-01  8.60134928e-02  1.10824741e-01 -8.76260632e-02
 -4.57914432e-01 -3.31068460e-17 -4.80978781e-01 -5.21460411e-01
  2.41540590e-01  2.54170020e-01]
2: [-3.73239729e-01  8.60134928e-02  1.10824741e-01 -8.76260632e-02
 -1.89487826e-02  3.88673172e-18 -5.33266730e-01  1.49558065e-01
  2.11785351e-01 -3.54113693e-02]
3: [-3.73239729e-01  8.60134928e-02  1.10824741e-01 -8.76260632e-02
  4.69783861e-03  4.39393727e-17  1.78137140e-01 -1.93905114e-01
  6.45493494e-01  3.05569329e-01]
4: [-2.26809813e-02 -3.97623755e-01  7.00469675e-01  5.92218842e-01
  1.33958715e-16  8.17164634e-18  9.02602228e-17  1.44533336e-16
 -4.76040337e-17 -2.91398241e-17]
5: [-6.86343610e-02  4.50933732e-01 -1.77666988e-01  5.10276920e-01
  1.52343405e-18 -7.07106781e-01 -2.75427060e-17 -1.88025690e-16
  8.67320548e-17  1.26113549e-16]
6: [-6.86343610e-02  4.50933732e-01 -1.77666988e-01  5.10276920e-01
 -5.66433271e-17  7.07106781e-01 -3.99732846e-17  8.68833716e-17
 -1.58304437e-16 -9.47426490e-17]
7: [-3.73239729e-01  8.60134928e-02  1.10824741e-01 -8.76260632e-02
  8.17106817e-01  8.42883501e-17  5.27701234e-01 -3.30724972e-01
 -3.05942835e-01  3.43152729e-01]
8: [-3.73239729e-01  8.60134928e-02  1.10824741e-01 -8.76260632e-02
  4.69783861e-03 -2.81677803e-17  4.05726027e-01  1.68223341e-01
 -5.86458809e-01 -8.50127095e-01]
9: [-3.73239729e-01  8.60134928e-02  1.10824741e-01 -8.76260632e-02
 -3.49639280e-01  2.32495600e-17 -9.73188900e-02  7.28309091e-01
 -2.06417792e-01 -1.73536127e-02]
10: [-3.92704531e-01 -6.25158350e-01 -6.10342836e-01  2.87126821e-01
 -9.84965419e-17 -2.13425111e-32 -1.25619212e-16 -7.41138556e-17
  7.43825903e-17  2.04934956e-17]

n = 8
[0 1 1 1 1 1 1 1 1 0 1]
[1 0 1 1 1 1 1 1 0 0 0]
[1 1 0 1 1 1 1 1 0 0 0]
[1 1 1 0 1 1 1 1 0 0 0]
[1 1 1 1 0 1 1 1 0 0 0]
[1 1 1 1 1 0 1 1 0 0 0]
[1 1 1 1 1 1 0 1 0 0 0]
[1 1 1 1 1 1 1 0 0 0 0]
[1 0 0 0 0 0 0 0 0 1 0]
[0 0 0 0 0 0 0 0 1 0 1]
[1 0 0 0 0 0 0 0 0 1 0]

Eigenvalues: 
1: -2.2764706004808453
2: -1.0000000000000007
3: -1.0
4: -0.9999999999999997
5: -0.9999999999999993
6: -0.9999999999999991
7: -0.9999999999999991
8: -0.5020832634118768
9: 0.0
10: 1.740306374247088
11: 7.038247489645632

Eigenvectors: 
1: [-3.50777308e-01  7.61029154e-02  9.46582816e-02 -7.11377471e-02
 -4.79536196e-01  1.56635894e-01 -5.20056519e-01 -3.76817768e-01
  2.71053016e-01  5.60134993e-17 -1.29422031e-01]
2: [-3.50777308e-01  7.61029154e-02  9.46582816e-02 -7.11377471e-02
 -4.66700651e-01  1.56729021e-01  8.20567171e-01  2.91427552e-01
  5.03856201e-01  5.64407032e-17  1.18348098e-02]
3: [-3.50777308e-01  7.61029154e-02  9.46582816e-02 -7.11377471e-02
  4.80886443e-02  2.07074301e-01 -1.13511113e-02 -3.35592235e-01
 -4.99649474e-01  8.72442363e-17 -2.60697586e-02]
4: [-3.50777308e-01  7.61029154e-02  9.46582816e-02 -7.11377471e-02
  4.80886443e-02  2.07074301e-01 -1.13511113e-02  7.68653055e-01
 -4.14507894e-01  4.17818642e-17 -1.25489059e-01]
5: [-5.39219767e-02  4.50572714e-01 -1.76793879e-01  5.12660291e-01
 -8.86112227e-18  1.37137848e-16 -5.10026022e-18 -1.13829199e-17
  1.26160036e-16 -7.07106781e-01 -1.59287103e-16]
6: [-3.50777308e-01  7.61029154e-02  9.46582816e-02 -7.11377471e-02
  5.93488267e-01  7.16618644e-02  4.78130413e-02 -2.51250774e-01
  4.50057348e-01  2.04593198e-17 -5.92851555e-01]
7: [-5.39219767e-02  4.50572714e-01 -1.76793879e-01  5.12660291e-01
 -8.86112227e-18  1.37137848e-16 -5.10026022e-18 -1.13829199e-17
 -5.83202495e-17  7.07106781e-01  2.11690397e-16]
8: [-3.50777308e-01  7.61029154e-02  9.46582816e-02 -7.11377471e-02
 -1.56729938e-01 -9.19523076e-01 -1.80870111e-01 -7.86511848e-02
 -1.42366102e-01  1.33741682e-17  8.19358741e-02]
9: [-1.53225577e-02 -3.95851995e-01  7.04241276e-01  5.89160965e-01
  2.85017525e-16 -2.93495768e-17  5.47157038e-17  7.53937713e-17
 -1.35090831e-16  8.37339449e-18  4.99644356e-16]
10: [-3.50777308e-01  7.61029154e-02  9.46582816e-02 -7.11377471e-02
  4.13301231e-01  1.20347695e-01 -1.44751360e-01 -1.77686454e-02
 -1.68443095e-01 -1.00367647e-16  7.80061719e-01]
11: [-3.64193659e-01 -6.29863542e-01 -6.15476028e-01  3.03025008e-01
 -2.17268764e-16  4.66271498e-17 -8.42132639e-18 -4.96919890e-17
  1.03013839e-16 -1.50480969e-32 -3.34287087e-16]

